 v-sweep         Vout           
-6.00000000e-01  9.85081248e-03 
-5.98000000e-01  1.00794977e-02 
-5.96000000e-01  1.03142954e-02 
-5.94000000e-01  1.05531931e-02 
-5.92000000e-01  1.07962223e-02 
-5.90000000e-01  1.10434052e-02 
-5.88000000e-01  1.12947622e-02 
-5.86000000e-01  1.15503134e-02 
-5.84000000e-01  1.18100771e-02 
-5.82000000e-01  1.20740704e-02 
-5.80000000e-01  1.23423092e-02 
-5.78000000e-01  1.26148084e-02 
-5.76000000e-01  1.28915813e-02 
-5.74000000e-01  1.31726404e-02 
-5.72000000e-01  1.34579967e-02 
-5.70000000e-01  1.37476601e-02 
-5.68000000e-01  1.40416393e-02 
-5.66000000e-01  1.43399417e-02 
-5.64000000e-01  1.46425736e-02 
-5.62000000e-01  1.49495402e-02 
-5.60000000e-01  1.52608456e-02 
-5.58000000e-01  1.55764926e-02 
-5.56000000e-01  1.58964827e-02 
-5.54000000e-01  1.62208168e-02 
-5.52000000e-01  1.65494944e-02 
-5.50000000e-01  1.68825140e-02 
-5.48000000e-01  1.72198730e-02 
-5.46000000e-01  1.75615679e-02 
-5.44000000e-01  1.79075942e-02 
-5.42000000e-01  1.82579462e-02 
-5.40000000e-01  1.86126175e-02 
-5.38000000e-01  1.89716008e-02 
-5.36000000e-01  1.93348878e-02 
-5.34000000e-01  1.97024694e-02 
-5.32000000e-01  2.00743354e-02 
-5.30000000e-01  2.04504751e-02 
-5.28000000e-01  2.08308769e-02 
-5.26000000e-01  2.12155285e-02 
-5.24000000e-01  2.16044168e-02 
-5.22000000e-01  2.19975279e-02 
-5.20000000e-01  2.23948475e-02 
-5.18000000e-01  2.27963602e-02 
-5.16000000e-01  2.32020505e-02 
-5.14000000e-01  2.36119018e-02 
-5.12000000e-01  2.40258975e-02 
-5.10000000e-01  2.44440199e-02 
-5.08000000e-01  2.48662511e-02 
-5.06000000e-01  2.52925725e-02 
-5.04000000e-01  2.57229654e-02 
-5.02000000e-01  2.61574103e-02 
-5.00000000e-01  2.65958874e-02 
-4.98000000e-01  2.70383765e-02 
-4.96000000e-01  2.74848570e-02 
-4.94000000e-01  2.79353082e-02 
-4.92000000e-01  2.83897088e-02 
-4.90000000e-01  2.88480373e-02 
-4.88000000e-01  2.93102718e-02 
-4.86000000e-01  2.97763905e-02 
-4.84000000e-01  3.02463710e-02 
-4.82000000e-01  3.07201909e-02 
-4.80000000e-01  3.11978275e-02 
-4.78000000e-01  3.16792579e-02 
-4.76000000e-01  3.21644594e-02 
-4.74000000e-01  3.26534086e-02 
-4.72000000e-01  3.31460823e-02 
-4.70000000e-01  3.36424572e-02 
-4.68000000e-01  3.41425100e-02 
-4.66000000e-01  3.46462172e-02 
-4.64000000e-01  3.51535552e-02 
-4.62000000e-01  3.56645006e-02 
-4.60000000e-01  3.61790296e-02 
-4.58000000e-01  3.66971187e-02 
-4.56000000e-01  3.72187443e-02 
-4.54000000e-01  3.77438829e-02 
-4.52000000e-01  3.82725110e-02 
-4.50000000e-01  3.88046050e-02 
-4.48000000e-01  3.93401415e-02 
-4.46000000e-01  3.98790972e-02 
-4.44000000e-01  4.04214486e-02 
-4.42000000e-01  4.09671727e-02 
-4.40000000e-01  4.15162464e-02 
-4.38000000e-01  4.20686465e-02 
-4.36000000e-01  4.26243503e-02 
-4.34000000e-01  4.31833349e-02 
-4.32000000e-01  4.37455777e-02 
-4.30000000e-01  4.43110561e-02 
-4.28000000e-01  4.48797477e-02 
-4.26000000e-01  4.54516305e-02 
-4.24000000e-01  4.60266822e-02 
-4.22000000e-01  4.66048809e-02 
-4.20000000e-01  4.71862050e-02 
-4.18000000e-01  4.77706328e-02 
-4.16000000e-01  4.83581429e-02 
-4.14000000e-01  4.89487141e-02 
-4.12000000e-01  4.95423254e-02 
-4.10000000e-01  5.01389558e-02 
-4.08000000e-01  5.07385849e-02 
-4.06000000e-01  5.13411920e-02 
-4.04000000e-01  5.19467570e-02 
-4.02000000e-01  5.25552596e-02 
-4.00000000e-01  5.31666802e-02 
-3.98000000e-01  5.37809992e-02 
-3.96000000e-01  5.43981969e-02 
-3.94000000e-01  5.50182543e-02 
-3.92000000e-01  5.56411522e-02 
-3.90000000e-01  5.62668719e-02 
-3.88000000e-01  5.68953949e-02 
-3.86000000e-01  5.75267028e-02 
-3.84000000e-01  5.81607773e-02 
-3.82000000e-01  5.87976006e-02 
-3.80000000e-01  5.94371551e-02 
-3.78000000e-01  6.00794232e-02 
-3.76000000e-01  6.07243878e-02 
-3.74000000e-01  6.13720317e-02 
-3.72000000e-01  6.20223382e-02 
-3.70000000e-01  6.26752908e-02 
-3.68000000e-01  6.33308730e-02 
-3.66000000e-01  6.39890688e-02 
-3.64000000e-01  6.46498622e-02 
-3.62000000e-01  6.53132377e-02 
-3.60000000e-01  6.59791797e-02 
-3.58000000e-01  6.66476732e-02 
-3.56000000e-01  6.73187031e-02 
-3.54000000e-01  6.79922545e-02 
-3.52000000e-01  6.86683131e-02 
-3.50000000e-01  6.93468646e-02 
-3.48000000e-01  7.00278948e-02 
-3.46000000e-01  7.07113898e-02 
-3.44000000e-01  7.13973360e-02 
-3.42000000e-01  7.20857202e-02 
-3.40000000e-01  7.27765291e-02 
-3.38000000e-01  7.34697496e-02 
-3.36000000e-01  7.41653691e-02 
-3.34000000e-01  7.48633751e-02 
-3.32000000e-01  7.55637553e-02 
-3.30000000e-01  7.62664975e-02 
-3.28000000e-01  7.69715901e-02 
-3.26000000e-01  7.76790212e-02 
-3.24000000e-01  7.83887796e-02 
-3.22000000e-01  7.91008539e-02 
-3.20000000e-01  7.98152331e-02 
-3.18000000e-01  8.05319067e-02 
-3.16000000e-01  8.12508639e-02 
-3.14000000e-01  8.19720945e-02 
-3.12000000e-01  8.26955883e-02 
-3.10000000e-01  8.34213354e-02 
-3.08000000e-01  8.41493260e-02 
-3.06000000e-01  8.48795509e-02 
-3.04000000e-01  8.56120005e-02 
-3.02000000e-01  8.63466659e-02 
-3.00000000e-01  8.70835384e-02 
-2.98000000e-01  8.78226090e-02 
-2.96000000e-01  8.85638695e-02 
-2.94000000e-01  8.93073117e-02 
-2.92000000e-01  9.00529275e-02 
-2.90000000e-01  9.08007093e-02 
-2.88000000e-01  9.15506492e-02 
-2.86000000e-01  9.23027402e-02 
-2.84000000e-01  9.30569749e-02 
-2.82000000e-01  9.38133464e-02 
-2.80000000e-01  9.45718481e-02 
-2.78000000e-01  9.53324735e-02 
-2.76000000e-01  9.60952164e-02 
-2.74000000e-01  9.68600705e-02 
-2.72000000e-01  9.76270303e-02 
-2.70000000e-01  9.83960901e-02 
-2.68000000e-01  9.91672446e-02 
-2.66000000e-01  9.99404887e-02 
-2.64000000e-01  1.00715818e-01 
-2.62000000e-01  1.01493227e-01 
-2.60000000e-01  1.02272711e-01 
-2.58000000e-01  1.03054268e-01 
-2.56000000e-01  1.03837893e-01 
-2.54000000e-01  1.04623582e-01 
-2.52000000e-01  1.05411332e-01 
-2.50000000e-01  1.06201141e-01 
-2.48000000e-01  1.06993006e-01 
-2.46000000e-01  1.07786924e-01 
-2.44000000e-01  1.08582893e-01 
-2.42000000e-01  1.09380913e-01 
-2.40000000e-01  1.10180981e-01 
-2.38000000e-01  1.10983097e-01 
-2.36000000e-01  1.11787261e-01 
-2.34000000e-01  1.12593472e-01 
-2.32000000e-01  1.13401731e-01 
-2.30000000e-01  1.14212038e-01 
-2.28000000e-01  1.15024396e-01 
-2.26000000e-01  1.15838806e-01 
-2.24000000e-01  1.16655270e-01 
-2.22000000e-01  1.17473792e-01 
-2.20000000e-01  1.18294375e-01 
-2.18000000e-01  1.19117023e-01 
-2.16000000e-01  1.19941741e-01 
-2.14000000e-01  1.20768535e-01 
-2.12000000e-01  1.21597411e-01 
-2.10000000e-01  1.22428377e-01 
-2.08000000e-01  1.23261441e-01 
-2.06000000e-01  1.24096611e-01 
-2.04000000e-01  1.24933897e-01 
-2.02000000e-01  1.25773310e-01 
-2.00000000e-01  1.26614863e-01 
-1.98000000e-01  1.27458568e-01 
-1.96000000e-01  1.28304440e-01 
-1.94000000e-01  1.29152495e-01 
-1.92000000e-01  1.30002748e-01 
-1.90000000e-01  1.30855220e-01 
-1.88000000e-01  1.31709929e-01 
-1.86000000e-01  1.32566898e-01 
-1.84000000e-01  1.33426150e-01 
-1.82000000e-01  1.34287710e-01 
-1.80000000e-01  1.35151605e-01 
-1.78000000e-01  1.36017864e-01 
-1.76000000e-01  1.36886520e-01 
-1.74000000e-01  1.37757605e-01 
-1.72000000e-01  1.38631156e-01 
-1.70000000e-01  1.39507213e-01 
-1.68000000e-01  1.40385816e-01 
-1.66000000e-01  1.41267011e-01 
-1.64000000e-01  1.42150845e-01 
-1.62000000e-01  1.43037370e-01 
-1.60000000e-01  1.43926642e-01 
-1.58000000e-01  1.44818718e-01 
-1.56000000e-01  1.45713663e-01 
-1.54000000e-01  1.46611542e-01 
-1.52000000e-01  1.47512428e-01 
-1.50000000e-01  1.48416399e-01 
-1.48000000e-01  1.49323535e-01 
-1.46000000e-01  1.50233926e-01 
-1.44000000e-01  1.51147664e-01 
-1.42000000e-01  1.52064851e-01 
-1.40000000e-01  1.52985593e-01 
-1.38000000e-01  1.53910004e-01 
-1.36000000e-01  1.54838207e-01 
-1.34000000e-01  1.55770334e-01 
-1.32000000e-01  1.56706522e-01 
-1.30000000e-01  1.57646923e-01 
-1.28000000e-01  1.58591695e-01 
-1.26000000e-01  1.59541010e-01 
-1.24000000e-01  1.60495050e-01 
-1.22000000e-01  1.61454012e-01 
-1.20000000e-01  1.62418105e-01 
-1.18000000e-01  1.63387554e-01 
-1.16000000e-01  1.64362600e-01 
-1.14000000e-01  1.65343502e-01 
-1.12000000e-01  1.66330536e-01 
-1.10000000e-01  1.67324001e-01 
-1.08000000e-01  1.68324217e-01 
-1.06000000e-01  1.69331529e-01 
-1.04000000e-01  1.70346308e-01 
-1.02000000e-01  1.71368953e-01 
-1.00000000e-01  1.72399895e-01 
-9.80000000e-02  1.73439600e-01 
-9.60000000e-02  1.74488570e-01 
-9.40000000e-02  1.75547350e-01 
-9.20000000e-02  1.76616529e-01 
-9.00000000e-02  1.77696746e-01 
-8.80000000e-02  1.78788695e-01 
-8.60000000e-02  1.79893131e-01 
-8.40000000e-02  1.81010878e-01 
-8.20000000e-02  1.82142832e-01 
-8.00000000e-02  1.83289975e-01 
-7.80000000e-02  1.84453380e-01 
-7.60000000e-02  1.85634226e-01 
-7.40000000e-02  1.86833807e-01 
-7.20000000e-02  1.88053553e-01 
-7.00000000e-02  1.89295038e-01 
-6.80000000e-02  1.90560008e-01 
-6.60000000e-02  1.91850402e-01 
-6.40000000e-02  1.93168377e-01 
-6.20000000e-02  1.94516342e-01 
-6.00000000e-02  1.95897000e-01 
-5.80000000e-02  1.97313387e-01 
-5.60000000e-02  1.98768936e-01 
-5.40000000e-02  2.00267536e-01 
-5.20000000e-02  2.01813619e-01 
-5.00000000e-02  2.03412263e-01 
-4.80000000e-02  2.05069309e-01 
-4.60000000e-02  2.06791527e-01 
-4.40000000e-02  2.08586811e-01 
-4.20000000e-02  2.10464431e-01 
-4.00000000e-02  2.12435369e-01 
-3.80000000e-02  2.14512746e-01 
-3.60000000e-02  2.16712404e-01 
-3.40000000e-02  2.19053689e-01 
-3.20000000e-02  2.21560532e-01 
-3.00000000e-02  2.24262980e-01 
-2.80000000e-02  2.27199405e-01 
-2.60000000e-02  2.30419784e-01 
-2.40000000e-02  2.33990732e-01 
-2.20000000e-02  2.38281658e-01 
-2.00000000e-02  2.42957858e-01 
-1.80000000e-02  2.48445774e-01 
-1.60000000e-02  2.55083133e-01 
-1.40000000e-02  2.63452856e-01 
-1.20000000e-02  2.74677719e-01 
-1.00000000e-02  2.91274194e-01 
-8.00000000e-03  3.19665709e-01 
-6.00000000e-03  3.61580228e-01 
-4.00000000e-03  4.08327863e-01 
-2.00000000e-03  4.61070794e-01 
 4.30211422e-16  7.07114894e-01 
 2.00000000e-03  1.04765147e+00 
 4.00000000e-03  1.07390144e+00 
 6.00000000e-03  1.08895739e+00 
 8.00000000e-03  1.09964127e+00 
 1.00000000e-02  1.10908196e+00 
 1.20000000e-02  1.11575989e+00 
 1.40000000e-02  1.12177168e+00 
 1.60000000e-02  1.12705253e+00 
 1.80000000e-02  1.13178020e+00 
 2.00000000e-02  1.13605343e+00 
 2.20000000e-02  1.13994767e+00 
 2.40000000e-02  1.14351988e+00 
 2.60000000e-02  1.14681435e+00 
 2.80000000e-02  1.14986624e+00 
 3.00000000e-02  1.15270398e+00 
 3.20000000e-02  1.15535091e+00 
 3.40000000e-02  1.15782643e+00 
 3.60000000e-02  1.16014689e+00 
 3.80000000e-02  1.16232623e+00 
 4.00000000e-02  1.16437638e+00 
 4.20000000e-02  1.16630774e+00 
 4.40000000e-02  1.16812937e+00 
 4.60000000e-02  1.16984925e+00 
 4.80000000e-02  1.17147446e+00 
 5.00000000e-02  1.17301132e+00 
 5.20000000e-02  1.17446551e+00 
 5.40000000e-02  1.17584215e+00 
 5.60000000e-02  1.17714590e+00 
 5.80000000e-02  1.17838100e+00 
 6.00000000e-02  1.17955135e+00 
 6.20000000e-02  1.18066054e+00 
 6.40000000e-02  1.18171187e+00 
 6.60000000e-02  1.18270843e+00 
 6.80000000e-02  1.18365309e+00 
 7.00000000e-02  1.18454852e+00 
 7.20000000e-02  1.18539724e+00 
 7.40000000e-02  1.18620162e+00 
 7.60000000e-02  1.18696387e+00 
 7.80000000e-02  1.18768611e+00 
 8.00000000e-02  1.18837031e+00 
 8.20000000e-02  1.18901838e+00 
 8.40000000e-02  1.18963209e+00 
 8.60000000e-02  1.19021316e+00 
 8.80000000e-02  1.19076319e+00 
 9.00000000e-02  1.19128373e+00 
 9.20000000e-02  1.19177626e+00 
 9.40000000e-02  1.19224217e+00 
 9.60000000e-02  1.19268279e+00 
 9.80000000e-02  1.19309941e+00 
 1.00000000e-01  1.19349323e+00 
 1.02000000e-01  1.19386543e+00 
 1.04000000e-01  1.19421710e+00 
 1.06000000e-01  1.19454930e+00 
 1.08000000e-01  1.19486305e+00 
 1.10000000e-01  1.19515931e+00 
 1.12000000e-01  1.19543898e+00 
 1.14000000e-01  1.19570294e+00 
 1.16000000e-01  1.19595203e+00 
 1.18000000e-01  1.19618704e+00 
 1.20000000e-01  1.19640872e+00 
 1.22000000e-01  1.19661779e+00 
 1.24000000e-01  1.19681494e+00 
 1.26000000e-01  1.19700080e+00 
 1.28000000e-01  1.19717601e+00 
 1.30000000e-01  1.19734114e+00 
 1.32000000e-01  1.19749675e+00 
 1.34000000e-01  1.19764336e+00 
 1.36000000e-01  1.19778149e+00 
 1.38000000e-01  1.19791160e+00 
 1.40000000e-01  1.19803414e+00 
 1.42000000e-01  1.19814955e+00 
 1.44000000e-01  1.19825821e+00 
 1.46000000e-01  1.19836053e+00 
 1.48000000e-01  1.19845685e+00 
 1.50000000e-01  1.19854751e+00 
 1.52000000e-01  1.19863286e+00 
 1.54000000e-01  1.19871318e+00 
 1.56000000e-01  1.19878877e+00 
 1.58000000e-01  1.19885990e+00 
 1.60000000e-01  1.19892683e+00 
 1.62000000e-01  1.19898980e+00 
 1.64000000e-01  1.19904904e+00 
 1.66000000e-01  1.19910478e+00 
 1.68000000e-01  1.19915721e+00 
 1.70000000e-01  1.19920652e+00 
 1.72000000e-01  1.19925291e+00 
 1.74000000e-01  1.19929654e+00 
 1.76000000e-01  1.19933757e+00 
 1.78000000e-01  1.19937616e+00 
 1.80000000e-01  1.19941245e+00 
 1.82000000e-01  1.19944657e+00 
 1.84000000e-01  1.19947866e+00 
 1.86000000e-01  1.19950884e+00 
 1.88000000e-01  1.19953721e+00 
 1.90000000e-01  1.19956389e+00 
 1.92000000e-01  1.19958897e+00 
 1.94000000e-01  1.19961255e+00 
 1.96000000e-01  1.19963472e+00 
 1.98000000e-01  1.19965556e+00 
 2.00000000e-01  1.19967516e+00 
 2.02000000e-01  1.19969358e+00 
 2.04000000e-01  1.19971089e+00 
 2.06000000e-01  1.19972717e+00 
 2.08000000e-01  1.19974248e+00 
 2.10000000e-01  1.19975686e+00 
 2.12000000e-01  1.19977038e+00 
 2.14000000e-01  1.19978309e+00 
 2.16000000e-01  1.19979504e+00 
 2.18000000e-01  1.19980627e+00 
 2.20000000e-01  1.19981683e+00 
 2.22000000e-01  1.19982675e+00 
 2.24000000e-01  1.19983608e+00 
 2.26000000e-01  1.19984484e+00 
 2.28000000e-01  1.19985308e+00 
 2.30000000e-01  1.19986082e+00 
 2.32000000e-01  1.19986810e+00 
 2.34000000e-01  1.19987494e+00 
 2.36000000e-01  1.19988137e+00 
 2.38000000e-01  1.19988742e+00 
 2.40000000e-01  1.19989310e+00 
 2.42000000e-01  1.19989844e+00 
 2.44000000e-01  1.19990345e+00 
 2.46000000e-01  1.19990817e+00 
 2.48000000e-01  1.19991260e+00 
 2.50000000e-01  1.19991677e+00 
 2.52000000e-01  1.19992068e+00 
 2.54000000e-01  1.19992436e+00 
 2.56000000e-01  1.19992782e+00 
 2.58000000e-01  1.19993107e+00 
 2.60000000e-01  1.19993413e+00 
 2.62000000e-01  1.19993700e+00 
 2.64000000e-01  1.19993970e+00 
 2.66000000e-01  1.19994223e+00 
 2.68000000e-01  1.19994461e+00 
 2.70000000e-01  1.19994685e+00 
 2.72000000e-01  1.19994896e+00 
 2.74000000e-01  1.19995094e+00 
 2.76000000e-01  1.19995280e+00 
 2.78000000e-01  1.19995455e+00 
 2.80000000e-01  1.19995619e+00 
 2.82000000e-01  1.19995773e+00 
 2.84000000e-01  1.19995918e+00 
 2.86000000e-01  1.19996055e+00 
 2.88000000e-01  1.19996183e+00 
 2.90000000e-01  1.19996304e+00 
 2.92000000e-01  1.19996417e+00 
 2.94000000e-01  1.19996523e+00 
 2.96000000e-01  1.19996623e+00 
 2.98000000e-01  1.19996717e+00 
 3.00000000e-01  1.19996806e+00 
 3.02000000e-01  1.19996889e+00 
 3.04000000e-01  1.19996967e+00 
 3.06000000e-01  1.19997040e+00 
 3.08000000e-01  1.19997109e+00 
 3.10000000e-01  1.19997174e+00 
 3.12000000e-01  1.19997235e+00 
 3.14000000e-01  1.19997292e+00 
 3.16000000e-01  1.19997346e+00 
 3.18000000e-01  1.19997397e+00 
 3.20000000e-01  1.19997444e+00 
 3.22000000e-01  1.19997489e+00 
 3.24000000e-01  1.19997531e+00 
 3.26000000e-01  1.19997571e+00 
 3.28000000e-01  1.19997608e+00 
 3.30000000e-01  1.19997643e+00 
 3.32000000e-01  1.19997676e+00 
 3.34000000e-01  1.19997706e+00 
 3.36000000e-01  1.19997736e+00 
 3.38000000e-01  1.19997763e+00 
 3.40000000e-01  1.19997788e+00 
 3.42000000e-01  1.19997813e+00 
 3.44000000e-01  1.19997835e+00 
 3.46000000e-01  1.19997857e+00 
 3.48000000e-01  1.19997877e+00 
 3.50000000e-01  1.19997896e+00 
 3.52000000e-01  1.19997913e+00 
 3.54000000e-01  1.19997930e+00 
 3.56000000e-01  1.19997946e+00 
 3.58000000e-01  1.19997961e+00 
 3.60000000e-01  1.19997974e+00 
 3.62000000e-01  1.19997988e+00 
 3.64000000e-01  1.19998000e+00 
 3.66000000e-01  1.19998011e+00 
 3.68000000e-01  1.19998022e+00 
 3.70000000e-01  1.19998033e+00 
 3.72000000e-01  1.19998042e+00 
 3.74000000e-01  1.19998051e+00 
 3.76000000e-01  1.19998060e+00 
 3.78000000e-01  1.19998068e+00 
 3.80000000e-01  1.19998075e+00 
 3.82000000e-01  1.19998082e+00 
 3.84000000e-01  1.19998089e+00 
 3.86000000e-01  1.19998096e+00 
 3.88000000e-01  1.19998101e+00 
 3.90000000e-01  1.19998107e+00 
 3.92000000e-01  1.19998112e+00 
 3.94000000e-01  1.19998117e+00 
 3.96000000e-01  1.19998122e+00 
 3.98000000e-01  1.19998126e+00 
 4.00000000e-01  1.19998131e+00 
 4.02000000e-01  1.19998134e+00 
 4.04000000e-01  1.19998138e+00 
 4.06000000e-01  1.19998142e+00 
 4.08000000e-01  1.19998145e+00 
 4.10000000e-01  1.19998148e+00 
 4.12000000e-01  1.19998151e+00 
 4.14000000e-01  1.19998154e+00 
 4.16000000e-01  1.19998156e+00 
 4.18000000e-01  1.19998159e+00 
 4.20000000e-01  1.19998161e+00 
 4.22000000e-01  1.19998163e+00 
 4.24000000e-01  1.19998165e+00 
 4.26000000e-01  1.19998167e+00 
 4.28000000e-01  1.19998169e+00 
 4.30000000e-01  1.19998171e+00 
 4.32000000e-01  1.19998173e+00 
 4.34000000e-01  1.19998174e+00 
 4.36000000e-01  1.19998176e+00 
 4.38000000e-01  1.19998177e+00 
 4.40000000e-01  1.19998179e+00 
 4.42000000e-01  1.19998180e+00 
 4.44000000e-01  1.19998181e+00 
 4.46000000e-01  1.19998182e+00 
 4.48000000e-01  1.19998183e+00 
 4.50000000e-01  1.19998184e+00 
 4.52000000e-01  1.19998185e+00 
 4.54000000e-01  1.19998186e+00 
 4.56000000e-01  1.19998187e+00 
 4.58000000e-01  1.19998188e+00 
 4.60000000e-01  1.19998189e+00 
 4.62000000e-01  1.19998190e+00 
 4.64000000e-01  1.19998190e+00 
 4.66000000e-01  1.19998191e+00 
 4.68000000e-01  1.19998192e+00 
 4.70000000e-01  1.19998192e+00 
 4.72000000e-01  1.19998193e+00 
 4.74000000e-01  1.19998194e+00 
 4.76000000e-01  1.19998194e+00 
 4.78000000e-01  1.19998195e+00 
 4.80000000e-01  1.19998195e+00 
 4.82000000e-01  1.19998196e+00 
 4.84000000e-01  1.19998196e+00 
 4.86000000e-01  1.19998197e+00 
 4.88000000e-01  1.19998197e+00 
 4.90000000e-01  1.19998198e+00 
 4.92000000e-01  1.19998198e+00 
 4.94000000e-01  1.19998198e+00 
 4.96000000e-01  1.19998199e+00 
 4.98000000e-01  1.19998199e+00 
 5.00000000e-01  1.19998199e+00 
 5.02000000e-01  1.19998200e+00 
 5.04000000e-01  1.19998200e+00 
 5.06000000e-01  1.19998201e+00 
 5.08000000e-01  1.19998201e+00 
 5.10000000e-01  1.19998201e+00 
 5.12000000e-01  1.19998202e+00 
 5.14000000e-01  1.19998202e+00 
 5.16000000e-01  1.19998202e+00 
 5.18000000e-01  1.19998202e+00 
 5.20000000e-01  1.19998203e+00 
 5.22000000e-01  1.19998203e+00 
 5.24000000e-01  1.19998203e+00 
 5.26000000e-01  1.19998204e+00 
 5.28000000e-01  1.19998204e+00 
 5.30000000e-01  1.19998204e+00 
 5.32000000e-01  1.19998204e+00 
 5.34000000e-01  1.19998205e+00 
 5.36000000e-01  1.19998205e+00 
 5.38000000e-01  1.19998205e+00 
 5.40000000e-01  1.19998205e+00 
 5.42000000e-01  1.19998205e+00 
 5.44000000e-01  1.19998206e+00 
 5.46000000e-01  1.19998206e+00 
 5.48000000e-01  1.19998206e+00 
 5.50000000e-01  1.19998206e+00 
 5.52000000e-01  1.19998207e+00 
 5.54000000e-01  1.19998207e+00 
 5.56000000e-01  1.19998207e+00 
 5.58000000e-01  1.19998207e+00 
 5.60000000e-01  1.19998207e+00 
 5.62000000e-01  1.19998208e+00 
 5.64000000e-01  1.19998208e+00 
 5.66000000e-01  1.19998208e+00 
 5.68000000e-01  1.19998208e+00 
 5.70000000e-01  1.19998208e+00 
 5.72000000e-01  1.19998208e+00 
 5.74000000e-01  1.19998209e+00 
 5.76000000e-01  1.19998209e+00 
 5.78000000e-01  1.19998209e+00 
 5.80000000e-01  1.19998209e+00 
 5.82000000e-01  1.19998209e+00 
 5.84000000e-01  1.19998209e+00 
 5.86000000e-01  1.19998210e+00 
 5.88000000e-01  1.19998210e+00 
 5.90000000e-01  1.19998210e+00 
 5.92000000e-01  1.19998210e+00 
 5.94000000e-01  1.19998210e+00 
 5.96000000e-01  1.19998210e+00 
 5.98000000e-01  1.19998211e+00 
 6.00000000e-01  1.19998211e+00 
