 v-sweep         Vout           
-2.00000000e-05  6.91667215e-01 
-1.99800000e-05  6.91682587e-01 
-1.99600000e-05  6.91697861e-01 
-1.99400000e-05  6.91713258e-01 
-1.99200000e-05  6.91728617e-01 
-1.99000000e-05  6.91743890e-01 
-1.98800000e-05  6.91759286e-01 
-1.98600000e-05  6.91774571e-01 
-1.98400000e-05  6.91789971e-01 
-1.98200000e-05  6.91805257e-01 
-1.98000000e-05  6.91820658e-01 
-1.97800000e-05  6.91835944e-01 
-1.97600000e-05  6.91851345e-01 
-1.97400000e-05  6.91866632e-01 
-1.97200000e-05  6.91882033e-01 
-1.97000000e-05  6.91897320e-01 
-1.96800000e-05  6.91912721e-01 
-1.96600000e-05  6.91928008e-01 
-1.96400000e-05  6.91943410e-01 
-1.96200000e-05  6.91958697e-01 
-1.96000000e-05  6.91974099e-01 
-1.95800000e-05  6.91989387e-01 
-1.95600000e-05  6.92004789e-01 
-1.95400000e-05  6.92020076e-01 
-1.95200000e-05  6.92035479e-01 
-1.95000000e-05  6.92050767e-01 
-1.94800000e-05  6.92066169e-01 
-1.94600000e-05  6.92081458e-01 
-1.94400000e-05  6.92096786e-01 
-1.94200000e-05  6.92112201e-01 
-1.94000000e-05  6.92127494e-01 
-1.93800000e-05  6.92142824e-01 
-1.93600000e-05  6.92158239e-01 
-1.93400000e-05  6.92173532e-01 
-1.93200000e-05  6.92188862e-01 
-1.93000000e-05  6.92204278e-01 
-1.92800000e-05  6.92219571e-01 
-1.92600000e-05  6.92234902e-01 
-1.92400000e-05  6.92250244e-01 
-1.92200000e-05  6.92265590e-01 
-1.92000000e-05  6.92280937e-01 
-1.91800000e-05  6.92296284e-01 
-1.91600000e-05  6.92311631e-01 
-1.91400000e-05  6.92326979e-01 
-1.91200000e-05  6.92342326e-01 
-1.91000000e-05  6.92357674e-01 
-1.90800000e-05  6.92373022e-01 
-1.90600000e-05  6.92388370e-01 
-1.90400000e-05  6.92403718e-01 
-1.90200000e-05  6.92419066e-01 
-1.90000000e-05  6.92434415e-01 
-1.89800000e-05  6.92449763e-01 
-1.89600000e-05  6.92465112e-01 
-1.89400000e-05  6.92480461e-01 
-1.89200000e-05  6.92495809e-01 
-1.89000000e-05  6.92511158e-01 
-1.88800000e-05  6.92526508e-01 
-1.88600000e-05  6.92541857e-01 
-1.88400000e-05  6.92557206e-01 
-1.88200000e-05  6.92572556e-01 
-1.88000000e-05  6.92587905e-01 
-1.87800000e-05  6.92603255e-01 
-1.87600000e-05  6.92618605e-01 
-1.87400000e-05  6.92633955e-01 
-1.87200000e-05  6.92649305e-01 
-1.87000000e-05  6.92664655e-01 
-1.86800000e-05  6.92680006e-01 
-1.86600000e-05  6.92695356e-01 
-1.86400000e-05  6.92710707e-01 
-1.86200000e-05  6.92726057e-01 
-1.86000000e-05  6.92741408e-01 
-1.85800000e-05  6.92756759e-01 
-1.85600000e-05  6.92772110e-01 
-1.85400000e-05  6.92787462e-01 
-1.85200000e-05  6.92802813e-01 
-1.85000000e-05  6.92818165e-01 
-1.84800000e-05  6.92833516e-01 
-1.84600000e-05  6.92848868e-01 
-1.84400000e-05  6.92864220e-01 
-1.84200000e-05  6.92879572e-01 
-1.84000000e-05  6.92894924e-01 
-1.83800000e-05  6.92910276e-01 
-1.83600000e-05  6.92925628e-01 
-1.83400000e-05  6.92940981e-01 
-1.83200000e-05  6.92956334e-01 
-1.83000000e-05  6.92971686e-01 
-1.82800000e-05  6.92987039e-01 
-1.82600000e-05  6.93002392e-01 
-1.82400000e-05  6.93017745e-01 
-1.82200000e-05  6.93033099e-01 
-1.82000000e-05  6.93048452e-01 
-1.81800000e-05  6.93063805e-01 
-1.81600000e-05  6.93079159e-01 
-1.81400000e-05  6.93094513e-01 
-1.81200000e-05  6.93109867e-01 
-1.81000000e-05  6.93125221e-01 
-1.80800000e-05  6.93140575e-01 
-1.80600000e-05  6.93155929e-01 
-1.80400000e-05  6.93171283e-01 
-1.80200000e-05  6.93186638e-01 
-1.80000000e-05  6.93201993e-01 
-1.79800000e-05  6.93217347e-01 
-1.79600000e-05  6.93232702e-01 
-1.79400000e-05  6.93248057e-01 
-1.79200000e-05  6.93263412e-01 
-1.79000000e-05  6.93278768e-01 
-1.78800000e-05  6.93294123e-01 
-1.78600000e-05  6.93309479e-01 
-1.78400000e-05  6.93324834e-01 
-1.78200000e-05  6.93340190e-01 
-1.78000000e-05  6.93355546e-01 
-1.77800000e-05  6.93370902e-01 
-1.77600000e-05  6.93386258e-01 
-1.77400000e-05  6.93401614e-01 
-1.77200000e-05  6.93416971e-01 
-1.77000000e-05  6.93432327e-01 
-1.76800000e-05  6.93447684e-01 
-1.76600000e-05  6.93463041e-01 
-1.76400000e-05  6.93478398e-01 
-1.76200000e-05  6.93493755e-01 
-1.76000000e-05  6.93509112e-01 
-1.75800000e-05  6.93524469e-01 
-1.75600000e-05  6.93539826e-01 
-1.75400000e-05  6.93555184e-01 
-1.75200000e-05  6.93570542e-01 
-1.75000000e-05  6.93585899e-01 
-1.74800000e-05  6.93601257e-01 
-1.74600000e-05  6.93616615e-01 
-1.74400000e-05  6.93631974e-01 
-1.74200000e-05  6.93647332e-01 
-1.74000000e-05  6.93662690e-01 
-1.73800000e-05  6.93678049e-01 
-1.73600000e-05  6.93693408e-01 
-1.73400000e-05  6.93708766e-01 
-1.73200000e-05  6.93724125e-01 
-1.73000000e-05  6.93739484e-01 
-1.72800000e-05  6.93754843e-01 
-1.72600000e-05  6.93770203e-01 
-1.72400000e-05  6.93785562e-01 
-1.72200000e-05  6.93800922e-01 
-1.72000000e-05  6.93816282e-01 
-1.71800000e-05  6.93831641e-01 
-1.71600000e-05  6.93847001e-01 
-1.71400000e-05  6.93862361e-01 
-1.71200000e-05  6.93877722e-01 
-1.71000000e-05  6.93893082e-01 
-1.70800000e-05  6.93908442e-01 
-1.70600000e-05  6.93923803e-01 
-1.70400000e-05  6.93939164e-01 
-1.70200000e-05  6.93954524e-01 
-1.70000000e-05  6.93969885e-01 
-1.69800000e-05  6.93985247e-01 
-1.69600000e-05  6.94000608e-01 
-1.69400000e-05  6.94015969e-01 
-1.69200000e-05  6.94031331e-01 
-1.69000000e-05  6.94046692e-01 
-1.68800000e-05  6.94062054e-01 
-1.68600000e-05  6.94077416e-01 
-1.68400000e-05  6.94092778e-01 
-1.68200000e-05  6.94108140e-01 
-1.68000000e-05  6.94123502e-01 
-1.67800000e-05  6.94138865e-01 
-1.67600000e-05  6.94154227e-01 
-1.67400000e-05  6.94169590e-01 
-1.67200000e-05  6.94184952e-01 
-1.67000000e-05  6.94200315e-01 
-1.66800000e-05  6.94215678e-01 
-1.66600000e-05  6.94231041e-01 
-1.66400000e-05  6.94246405e-01 
-1.66200000e-05  6.94261768e-01 
-1.66000000e-05  6.94277132e-01 
-1.65800000e-05  6.94292495e-01 
-1.65600000e-05  6.94307859e-01 
-1.65400000e-05  6.94323223e-01 
-1.65200000e-05  6.94338587e-01 
-1.65000000e-05  6.94353951e-01 
-1.64800000e-05  6.94369316e-01 
-1.64600000e-05  6.94384680e-01 
-1.64400000e-05  6.94400044e-01 
-1.64200000e-05  6.94415409e-01 
-1.64000000e-05  6.94430774e-01 
-1.63800000e-05  6.94446139e-01 
-1.63600000e-05  6.94461504e-01 
-1.63400000e-05  6.94476869e-01 
-1.63200000e-05  6.94492235e-01 
-1.63000000e-05  6.94507600e-01 
-1.62800000e-05  6.94522966e-01 
-1.62600000e-05  6.94538331e-01 
-1.62400000e-05  6.94553697e-01 
-1.62200000e-05  6.94569063e-01 
-1.62000000e-05  6.94584429e-01 
-1.61800000e-05  6.94599795e-01 
-1.61600000e-05  6.94615162e-01 
-1.61400000e-05  6.94630528e-01 
-1.61200000e-05  6.94645895e-01 
-1.61000000e-05  6.94661262e-01 
-1.60800000e-05  6.94676628e-01 
-1.60600000e-05  6.94691995e-01 
-1.60400000e-05  6.94707363e-01 
-1.60200000e-05  6.94722730e-01 
-1.60000000e-05  6.94738097e-01 
-1.59800000e-05  6.94753465e-01 
-1.59600000e-05  6.94768832e-01 
-1.59400000e-05  6.94784200e-01 
-1.59200000e-05  6.94799568e-01 
-1.59000000e-05  6.94814936e-01 
-1.58800000e-05  6.94830304e-01 
-1.58600000e-05  6.94845673e-01 
-1.58400000e-05  6.94861041e-01 
-1.58200000e-05  6.94876409e-01 
-1.58000000e-05  6.94891778e-01 
-1.57800000e-05  6.94907147e-01 
-1.57600000e-05  6.94922516e-01 
-1.57400000e-05  6.94937885e-01 
-1.57200000e-05  6.94953254e-01 
-1.57000000e-05  6.94968624e-01 
-1.56800000e-05  6.94983993e-01 
-1.56600000e-05  6.94999363e-01 
-1.56400000e-05  6.95014732e-01 
-1.56200000e-05  6.95030102e-01 
-1.56000000e-05  6.95045472e-01 
-1.55800000e-05  6.95060842e-01 
-1.55600000e-05  6.95076212e-01 
-1.55400000e-05  6.95091583e-01 
-1.55200000e-05  6.95106953e-01 
-1.55000000e-05  6.95122324e-01 
-1.54800000e-05  6.95137695e-01 
-1.54600000e-05  6.95153066e-01 
-1.54400000e-05  6.95168437e-01 
-1.54200000e-05  6.95183808e-01 
-1.54000000e-05  6.95199179e-01 
-1.53800000e-05  6.95214550e-01 
-1.53600000e-05  6.95229922e-01 
-1.53400000e-05  6.95245294e-01 
-1.53200000e-05  6.95260665e-01 
-1.53000000e-05  6.95276037e-01 
-1.52800000e-05  6.95291409e-01 
-1.52600000e-05  6.95306782e-01 
-1.52400000e-05  6.95322154e-01 
-1.52200000e-05  6.95337526e-01 
-1.52000000e-05  6.95352899e-01 
-1.51800000e-05  6.95368272e-01 
-1.51600000e-05  6.95383644e-01 
-1.51400000e-05  6.95399017e-01 
-1.51200000e-05  6.95414391e-01 
-1.51000000e-05  6.95429764e-01 
-1.50800000e-05  6.95445137e-01 
-1.50600000e-05  6.95460511e-01 
-1.50400000e-05  6.95475884e-01 
-1.50200000e-05  6.95491258e-01 
-1.50000000e-05  6.95506632e-01 
-1.49800000e-05  6.95522006e-01 
-1.49600000e-05  6.95537380e-01 
-1.49400000e-05  6.95552754e-01 
-1.49200000e-05  6.95568129e-01 
-1.49000000e-05  6.95583503e-01 
-1.48800000e-05  6.95598878e-01 
-1.48600000e-05  6.95614253e-01 
-1.48400000e-05  6.95629628e-01 
-1.48200000e-05  6.95645003e-01 
-1.48000000e-05  6.95660378e-01 
-1.47800000e-05  6.95675753e-01 
-1.47600000e-05  6.95691129e-01 
-1.47400000e-05  6.95706504e-01 
-1.47200000e-05  6.95721880e-01 
-1.47000000e-05  6.95737256e-01 
-1.46800000e-05  6.95752632e-01 
-1.46600000e-05  6.95768008e-01 
-1.46400000e-05  6.95783384e-01 
-1.46200000e-05  6.95798760e-01 
-1.46000000e-05  6.95814137e-01 
-1.45800000e-05  6.95829514e-01 
-1.45600000e-05  6.95844890e-01 
-1.45400000e-05  6.95860267e-01 
-1.45200000e-05  6.95875644e-01 
-1.45000000e-05  6.95891021e-01 
-1.44800000e-05  6.95906399e-01 
-1.44600000e-05  6.95921776e-01 
-1.44400000e-05  6.95937154e-01 
-1.44200000e-05  6.95952531e-01 
-1.44000000e-05  6.95967909e-01 
-1.43800000e-05  6.95983287e-01 
-1.43600000e-05  6.95998665e-01 
-1.43400000e-05  6.96014044e-01 
-1.43200000e-05  6.96029422e-01 
-1.43000000e-05  6.96044800e-01 
-1.42800000e-05  6.96060179e-01 
-1.42600000e-05  6.96075558e-01 
-1.42400000e-05  6.96090937e-01 
-1.42200000e-05  6.96106316e-01 
-1.42000000e-05  6.96121695e-01 
-1.41800000e-05  6.96137074e-01 
-1.41600000e-05  6.96152453e-01 
-1.41400000e-05  6.96167907e-01 
-1.41200000e-05  6.96183235e-01 
-1.41000000e-05  6.96198599e-01 
-1.40800000e-05  6.96214049e-01 
-1.40600000e-05  6.96229375e-01 
-1.40400000e-05  6.96244739e-01 
-1.40200000e-05  6.96260189e-01 
-1.40000000e-05  6.96275516e-01 
-1.39800000e-05  6.96290881e-01 
-1.39600000e-05  6.96306331e-01 
-1.39400000e-05  6.96321658e-01 
-1.39200000e-05  6.96337098e-01 
-1.39000000e-05  6.96352422e-01 
-1.38800000e-05  6.96367861e-01 
-1.38600000e-05  6.96383185e-01 
-1.38400000e-05  6.96398623e-01 
-1.38200000e-05  6.96413948e-01 
-1.38000000e-05  6.96429387e-01 
-1.37800000e-05  6.96444712e-01 
-1.37600000e-05  6.96460151e-01 
-1.37400000e-05  6.96475476e-01 
-1.37200000e-05  6.96490915e-01 
-1.37000000e-05  6.96506241e-01 
-1.36800000e-05  6.96521680e-01 
-1.36600000e-05  6.96537006e-01 
-1.36400000e-05  6.96552446e-01 
-1.36200000e-05  6.96567772e-01 
-1.36000000e-05  6.96583212e-01 
-1.35800000e-05  6.96598538e-01 
-1.35600000e-05  6.96613979e-01 
-1.35400000e-05  6.96629305e-01 
-1.35200000e-05  6.96644746e-01 
-1.35000000e-05  6.96660147e-01 
-1.34800000e-05  6.96675461e-01 
-1.34600000e-05  6.96690899e-01 
-1.34400000e-05  6.96706299e-01 
-1.34200000e-05  6.96721614e-01 
-1.34000000e-05  6.96737052e-01 
-1.33800000e-05  6.96752453e-01 
-1.33600000e-05  6.96767842e-01 
-1.33400000e-05  6.96783228e-01 
-1.33200000e-05  6.96798614e-01 
-1.33000000e-05  6.96813999e-01 
-1.32800000e-05  6.96829384e-01 
-1.32600000e-05  6.96844770e-01 
-1.32400000e-05  6.96860155e-01 
-1.32200000e-05  6.96875541e-01 
-1.32000000e-05  6.96890927e-01 
-1.31800000e-05  6.96906313e-01 
-1.31600000e-05  6.96921699e-01 
-1.31400000e-05  6.96937085e-01 
-1.31200000e-05  6.96952471e-01 
-1.31000000e-05  6.96967858e-01 
-1.30800000e-05  6.96983244e-01 
-1.30600000e-05  6.96998631e-01 
-1.30400000e-05  6.97014018e-01 
-1.30200000e-05  6.97029405e-01 
-1.30000000e-05  6.97044792e-01 
-1.29800000e-05  6.97060179e-01 
-1.29600000e-05  6.97075567e-01 
-1.29400000e-05  6.97090954e-01 
-1.29200000e-05  6.97106342e-01 
-1.29000000e-05  6.97121729e-01 
-1.28800000e-05  6.97137117e-01 
-1.28600000e-05  6.97152505e-01 
-1.28400000e-05  6.97167894e-01 
-1.28200000e-05  6.97183282e-01 
-1.28000000e-05  6.97198670e-01 
-1.27800000e-05  6.97214059e-01 
-1.27600000e-05  6.97229448e-01 
-1.27400000e-05  6.97244837e-01 
-1.27200000e-05  6.97260226e-01 
-1.27000000e-05  6.97275615e-01 
-1.26800000e-05  6.97291004e-01 
-1.26600000e-05  6.97306393e-01 
-1.26400000e-05  6.97321857e-01 
-1.26200000e-05  6.97337195e-01 
-1.26000000e-05  6.97352569e-01 
-1.25800000e-05  6.97368029e-01 
-1.25600000e-05  6.97383365e-01 
-1.25400000e-05  6.97398739e-01 
-1.25200000e-05  6.97414199e-01 
-1.25000000e-05  6.97429536e-01 
-1.24800000e-05  6.97444985e-01 
-1.24600000e-05  6.97460319e-01 
-1.24400000e-05  6.97475767e-01 
-1.24200000e-05  6.97491101e-01 
-1.24000000e-05  6.97506550e-01 
-1.23800000e-05  6.97521884e-01 
-1.23600000e-05  6.97537332e-01 
-1.23400000e-05  6.97552667e-01 
-1.23200000e-05  6.97568116e-01 
-1.23000000e-05  6.97583450e-01 
-1.22800000e-05  6.97598899e-01 
-1.22600000e-05  6.97614234e-01 
-1.22400000e-05  6.97629684e-01 
-1.22200000e-05  6.97645093e-01 
-1.22000000e-05  6.97660416e-01 
-1.21800000e-05  6.97675863e-01 
-1.21600000e-05  6.97691272e-01 
-1.21400000e-05  6.97706669e-01 
-1.21200000e-05  6.97722064e-01 
-1.21000000e-05  6.97737457e-01 
-1.20800000e-05  6.97752851e-01 
-1.20600000e-05  6.97768244e-01 
-1.20400000e-05  6.97783638e-01 
-1.20200000e-05  6.97799032e-01 
-1.20000000e-05  6.97814425e-01 
-1.19800000e-05  6.97829819e-01 
-1.19600000e-05  6.97845214e-01 
-1.19400000e-05  6.97860608e-01 
-1.19200000e-05  6.97876002e-01 
-1.19000000e-05  6.97891397e-01 
-1.18800000e-05  6.97906791e-01 
-1.18600000e-05  6.97922186e-01 
-1.18400000e-05  6.97937581e-01 
-1.18200000e-05  6.97952976e-01 
-1.18000000e-05  6.97968371e-01 
-1.17800000e-05  6.97983767e-01 
-1.17600000e-05  6.97999162e-01 
-1.17400000e-05  6.98014558e-01 
-1.17200000e-05  6.98029954e-01 
-1.17000000e-05  6.98045350e-01 
-1.16800000e-05  6.98060746e-01 
-1.16600000e-05  6.98076142e-01 
-1.16400000e-05  6.98091538e-01 
-1.16200000e-05  6.98106935e-01 
-1.16000000e-05  6.98122331e-01 
-1.15800000e-05  6.98137728e-01 
-1.15600000e-05  6.98153125e-01 
-1.15400000e-05  6.98168522e-01 
-1.15200000e-05  6.98183919e-01 
-1.15000000e-05  6.98199316e-01 
-1.14800000e-05  6.98214713e-01 
-1.14600000e-05  6.98230111e-01 
-1.14400000e-05  6.98245509e-01 
-1.14200000e-05  6.98260906e-01 
-1.14000000e-05  6.98276304e-01 
-1.13800000e-05  6.98291702e-01 
-1.13600000e-05  6.98307101e-01 
-1.13400000e-05  6.98322499e-01 
-1.13200000e-05  6.98337897e-01 
-1.13000000e-05  6.98353296e-01 
-1.12800000e-05  6.98368695e-01 
-1.12600000e-05  6.98384094e-01 
-1.12400000e-05  6.98399493e-01 
-1.12200000e-05  6.98414892e-01 
-1.12000000e-05  6.98430291e-01 
-1.11800000e-05  6.98445691e-01 
-1.11600000e-05  6.98461090e-01 
-1.11400000e-05  6.98476490e-01 
-1.11200000e-05  6.98491890e-01 
-1.11000000e-05  6.98507290e-01 
-1.10800000e-05  6.98522690e-01 
-1.10600000e-05  6.98538090e-01 
-1.10400000e-05  6.98553491e-01 
-1.10200000e-05  6.98568891e-01 
-1.10000000e-05  6.98584292e-01 
-1.09800000e-05  6.98599693e-01 
-1.09600000e-05  6.98615094e-01 
-1.09400000e-05  6.98630495e-01 
-1.09200000e-05  6.98645896e-01 
-1.09000000e-05  6.98661297e-01 
-1.08800000e-05  6.98676699e-01 
-1.08600000e-05  6.98692100e-01 
-1.08400000e-05  6.98707502e-01 
-1.08200000e-05  6.98722904e-01 
-1.08000000e-05  6.98738306e-01 
-1.07800000e-05  6.98753708e-01 
-1.07600000e-05  6.98769111e-01 
-1.07400000e-05  6.98784513e-01 
-1.07200000e-05  6.98799916e-01 
-1.07000000e-05  6.98815318e-01 
-1.06800000e-05  6.98830721e-01 
-1.06600000e-05  6.98846124e-01 
-1.06400000e-05  6.98861528e-01 
-1.06200000e-05  6.98877005e-01 
-1.06000000e-05  6.98892356e-01 
-1.05800000e-05  6.98907744e-01 
-1.05600000e-05  6.98923218e-01 
-1.05400000e-05  6.98938568e-01 
-1.05200000e-05  6.98954031e-01 
-1.05000000e-05  6.98969378e-01 
-1.04800000e-05  6.98984839e-01 
-1.04600000e-05  6.99000186e-01 
-1.04400000e-05  6.99015648e-01 
-1.04200000e-05  6.99030996e-01 
-1.04000000e-05  6.99046458e-01 
-1.03800000e-05  6.99061805e-01 
-1.03600000e-05  6.99077268e-01 
-1.03400000e-05  6.99092690e-01 
-1.03200000e-05  6.99108026e-01 
-1.03000000e-05  6.99123485e-01 
-1.02800000e-05  6.99138907e-01 
-1.02600000e-05  6.99154318e-01 
-1.02400000e-05  6.99169725e-01 
-1.02200000e-05  6.99185132e-01 
-1.02000000e-05  6.99200538e-01 
-1.01800000e-05  6.99215944e-01 
-1.01600000e-05  6.99231351e-01 
-1.01400000e-05  6.99246757e-01 
-1.01200000e-05  6.99262164e-01 
-1.01000000e-05  6.99277571e-01 
-1.00800000e-05  6.99292978e-01 
-1.00600000e-05  6.99308385e-01 
-1.00400000e-05  6.99323792e-01 
-1.00200000e-05  6.99339200e-01 
-1.00000000e-05  6.99354607e-01 
-9.98000000e-06  6.99370015e-01 
-9.96000000e-06  6.99385423e-01 
-9.94000000e-06  6.99400831e-01 
-9.92000000e-06  6.99416239e-01 
-9.90000000e-06  6.99431647e-01 
-9.88000000e-06  6.99447056e-01 
-9.86000000e-06  6.99462539e-01 
-9.84000000e-06  6.99477895e-01 
-9.82000000e-06  6.99493289e-01 
-9.80000000e-06  6.99508767e-01 
-9.78000000e-06  6.99524123e-01 
-9.76000000e-06  6.99539591e-01 
-9.74000000e-06  6.99554943e-01 
-9.72000000e-06  6.99570410e-01 
-9.70000000e-06  6.99585762e-01 
-9.68000000e-06  6.99601229e-01 
-9.66000000e-06  6.99616582e-01 
-9.64000000e-06  6.99632049e-01 
-9.62000000e-06  6.99647477e-01 
-9.60000000e-06  6.99662818e-01 
-9.58000000e-06  6.99678282e-01 
-9.56000000e-06  6.99693709e-01 
-9.54000000e-06  6.99709124e-01 
-9.52000000e-06  6.99724537e-01 
-9.50000000e-06  6.99739948e-01 
-9.48000000e-06  6.99755359e-01 
-9.46000000e-06  6.99770771e-01 
-9.44000000e-06  6.99786182e-01 
-9.42000000e-06  6.99801594e-01 
-9.40000000e-06  6.99817006e-01 
-9.38000000e-06  6.99832418e-01 
-9.36000000e-06  6.99847830e-01 
-9.34000000e-06  6.99863242e-01 
-9.32000000e-06  6.99878654e-01 
-9.30000000e-06  6.99894067e-01 
-9.28000000e-06  6.99909479e-01 
-9.26000000e-06  6.99924892e-01 
-9.24000000e-06  6.99940305e-01 
-9.22000000e-06  6.99955718e-01 
-9.20000000e-06  6.99971131e-01 
-9.18000000e-06  6.99986544e-01 
-9.16000000e-06  7.00001958e-01 
-9.14000000e-06  7.00017371e-01 
-9.12000000e-06  7.00032785e-01 
-9.10000000e-06  7.00048199e-01 
-9.08000000e-06  7.00063613e-01 
-9.06000000e-06  7.00079027e-01 
-9.04000000e-06  7.00094441e-01 
-9.02000000e-06  7.00109856e-01 
-9.00000000e-06  7.00125270e-01 
-8.98000000e-06  7.00140685e-01 
-8.96000000e-06  7.00156100e-01 
-8.94000000e-06  7.00171515e-01 
-8.92000000e-06  7.00186930e-01 
-8.90000000e-06  7.00202345e-01 
-8.88000000e-06  7.00217760e-01 
-8.86000000e-06  7.00233176e-01 
-8.84000000e-06  7.00248592e-01 
-8.82000000e-06  7.00264007e-01 
-8.80000000e-06  7.00279423e-01 
-8.78000000e-06  7.00294839e-01 
-8.76000000e-06  7.00310256e-01 
-8.74000000e-06  7.00325672e-01 
-8.72000000e-06  7.00341089e-01 
-8.70000000e-06  7.00356505e-01 
-8.68000000e-06  7.00371922e-01 
-8.66000000e-06  7.00387339e-01 
-8.64000000e-06  7.00402756e-01 
-8.62000000e-06  7.00418173e-01 
-8.60000000e-06  7.00433591e-01 
-8.58000000e-06  7.00449008e-01 
-8.56000000e-06  7.00464426e-01 
-8.54000000e-06  7.00479844e-01 
-8.52000000e-06  7.00495336e-01 
-8.50000000e-06  7.00510702e-01 
-8.48000000e-06  7.00526105e-01 
-8.46000000e-06  7.00541593e-01 
-8.44000000e-06  7.00556958e-01 
-8.42000000e-06  7.00572435e-01 
-8.40000000e-06  7.00587796e-01 
-8.38000000e-06  7.00603273e-01 
-8.36000000e-06  7.00618635e-01 
-8.34000000e-06  7.00634111e-01 
-8.32000000e-06  7.00649548e-01 
-8.30000000e-06  7.00664898e-01 
-8.28000000e-06  7.00680371e-01 
-8.26000000e-06  7.00695807e-01 
-8.24000000e-06  7.00711232e-01 
-8.22000000e-06  7.00726653e-01 
-8.20000000e-06  7.00742074e-01 
-8.18000000e-06  7.00757494e-01 
-8.16000000e-06  7.00772915e-01 
-8.14000000e-06  7.00788335e-01 
-8.12000000e-06  7.00803756e-01 
-8.10000000e-06  7.00819177e-01 
-8.08000000e-06  7.00834598e-01 
-8.06000000e-06  7.00850019e-01 
-8.04000000e-06  7.00865441e-01 
-8.02000000e-06  7.00880862e-01 
-8.00000000e-06  7.00896284e-01 
-7.98000000e-06  7.00911706e-01 
-7.96000000e-06  7.00927127e-01 
-7.94000000e-06  7.00942624e-01 
-7.92000000e-06  7.00957994e-01 
-7.90000000e-06  7.00973475e-01 
-7.88000000e-06  7.00988841e-01 
-7.86000000e-06  7.01004321e-01 
-7.84000000e-06  7.01019686e-01 
-7.82000000e-06  7.01035167e-01 
-7.80000000e-06  7.01050532e-01 
-7.78000000e-06  7.01066013e-01 
-7.76000000e-06  7.01081453e-01 
-7.74000000e-06  7.01096807e-01 
-7.72000000e-06  7.01112285e-01 
-7.70000000e-06  7.01127724e-01 
-7.68000000e-06  7.01143153e-01 
-7.66000000e-06  7.01158579e-01 
-7.64000000e-06  7.01174003e-01 
-7.62000000e-06  7.01189428e-01 
-7.60000000e-06  7.01204852e-01 
-7.58000000e-06  7.01220277e-01 
-7.56000000e-06  7.01235702e-01 
-7.54000000e-06  7.01251126e-01 
-7.52000000e-06  7.01266551e-01 
-7.50000000e-06  7.01281977e-01 
-7.48000000e-06  7.01297402e-01 
-7.46000000e-06  7.01312827e-01 
-7.44000000e-06  7.01328253e-01 
-7.42000000e-06  7.01343679e-01 
-7.40000000e-06  7.01359105e-01 
-7.38000000e-06  7.01374531e-01 
-7.36000000e-06  7.01389957e-01 
-7.34000000e-06  7.01405383e-01 
-7.32000000e-06  7.01420810e-01 
-7.30000000e-06  7.01436236e-01 
-7.28000000e-06  7.01451663e-01 
-7.26000000e-06  7.01467090e-01 
-7.24000000e-06  7.01482517e-01 
-7.22000000e-06  7.01497944e-01 
-7.20000000e-06  7.01513371e-01 
-7.18000000e-06  7.01528799e-01 
-7.16000000e-06  7.01544226e-01 
-7.14000000e-06  7.01559654e-01 
-7.12000000e-06  7.01575082e-01 
-7.10000000e-06  7.01590510e-01 
-7.08000000e-06  7.01605938e-01 
-7.06000000e-06  7.01621367e-01 
-7.04000000e-06  7.01636795e-01 
-7.02000000e-06  7.01652224e-01 
-7.00000000e-06  7.01667652e-01 
-6.98000000e-06  7.01683081e-01 
-6.96000000e-06  7.01698510e-01 
-6.94000000e-06  7.01713940e-01 
-6.92000000e-06  7.01729369e-01 
-6.90000000e-06  7.01744798e-01 
-6.88000000e-06  7.01760302e-01 
-6.86000000e-06  7.01775680e-01 
-6.84000000e-06  7.01791094e-01 
-6.82000000e-06  7.01806594e-01 
-6.80000000e-06  7.01821971e-01 
-6.78000000e-06  7.01837460e-01 
-6.76000000e-06  7.01852833e-01 
-6.74000000e-06  7.01868321e-01 
-6.72000000e-06  7.01883694e-01 
-6.70000000e-06  7.01899183e-01 
-6.68000000e-06  7.01914631e-01 
-6.66000000e-06  7.01930067e-01 
-6.64000000e-06  7.01945500e-01 
-6.62000000e-06  7.01960932e-01 
-6.60000000e-06  7.01976364e-01 
-6.58000000e-06  7.01991796e-01 
-6.56000000e-06  7.02007228e-01 
-6.54000000e-06  7.02022660e-01 
-6.52000000e-06  7.02038092e-01 
-6.50000000e-06  7.02053524e-01 
-6.48000000e-06  7.02068957e-01 
-6.46000000e-06  7.02084389e-01 
-6.44000000e-06  7.02099822e-01 
-6.42000000e-06  7.02115255e-01 
-6.40000000e-06  7.02130763e-01 
-6.38000000e-06  7.02146144e-01 
-6.36000000e-06  7.02161636e-01 
-6.34000000e-06  7.02177012e-01 
-6.32000000e-06  7.02192504e-01 
-6.30000000e-06  7.02207880e-01 
-6.28000000e-06  7.02223372e-01 
-6.26000000e-06  7.02238748e-01 
-6.24000000e-06  7.02254240e-01 
-6.22000000e-06  7.02269691e-01 
-6.20000000e-06  7.02285131e-01 
-6.18000000e-06  7.02300567e-01 
-6.16000000e-06  7.02316002e-01 
-6.14000000e-06  7.02331438e-01 
-6.12000000e-06  7.02346873e-01 
-6.10000000e-06  7.02362308e-01 
-6.08000000e-06  7.02377743e-01 
-6.06000000e-06  7.02393179e-01 
-6.04000000e-06  7.02408615e-01 
-6.02000000e-06  7.02424050e-01 
-6.00000000e-06  7.02439486e-01 
-5.98000000e-06  7.02454922e-01 
-5.96000000e-06  7.02470359e-01 
-5.94000000e-06  7.02485795e-01 
-5.92000000e-06  7.02501232e-01 
-5.90000000e-06  7.02516668e-01 
-5.88000000e-06  7.02532105e-01 
-5.86000000e-06  7.02547542e-01 
-5.84000000e-06  7.02562979e-01 
-5.82000000e-06  7.02578417e-01 
-5.80000000e-06  7.02593854e-01 
-5.78000000e-06  7.02609292e-01 
-5.76000000e-06  7.02624729e-01 
-5.74000000e-06  7.02640167e-01 
-5.72000000e-06  7.02655605e-01 
-5.70000000e-06  7.02671043e-01 
-5.68000000e-06  7.02686482e-01 
-5.66000000e-06  7.02701920e-01 
-5.64000000e-06  7.02717359e-01 
-5.62000000e-06  7.02732797e-01 
-5.60000000e-06  7.02748236e-01 
-5.58000000e-06  7.02763675e-01 
-5.56000000e-06  7.02779114e-01 
-5.54000000e-06  7.02794554e-01 
-5.52000000e-06  7.02809993e-01 
-5.50000000e-06  7.02825433e-01 
-5.48000000e-06  7.02840947e-01 
-5.46000000e-06  7.02856335e-01 
-5.44000000e-06  7.02871834e-01 
-5.42000000e-06  7.02887217e-01 
-5.40000000e-06  7.02902715e-01 
-5.38000000e-06  7.02918098e-01 
-5.36000000e-06  7.02933596e-01 
-5.34000000e-06  7.02949054e-01 
-5.32000000e-06  7.02964425e-01 
-5.30000000e-06  7.02979920e-01 
-5.28000000e-06  7.02995378e-01 
-5.26000000e-06  7.03010824e-01 
-5.24000000e-06  7.03026267e-01 
-5.22000000e-06  7.03041709e-01 
-5.20000000e-06  7.03057151e-01 
-5.18000000e-06  7.03072593e-01 
-5.16000000e-06  7.03088035e-01 
-5.14000000e-06  7.03103477e-01 
-5.12000000e-06  7.03118919e-01 
-5.10000000e-06  7.03134362e-01 
-5.08000000e-06  7.03149805e-01 
-5.06000000e-06  7.03165322e-01 
-5.04000000e-06  7.03180713e-01 
-5.02000000e-06  7.03196215e-01 
-5.00000000e-06  7.03211601e-01 
-4.98000000e-06  7.03227102e-01 
-4.96000000e-06  7.03242488e-01 
-4.94000000e-06  7.03257989e-01 
-4.92000000e-06  7.03273450e-01 
-4.90000000e-06  7.03288900e-01 
-4.88000000e-06  7.03304345e-01 
-4.86000000e-06  7.03319790e-01 
-4.84000000e-06  7.03335235e-01 
-4.82000000e-06  7.03350679e-01 
-4.80000000e-06  7.03366124e-01 
-4.78000000e-06  7.03381569e-01 
-4.76000000e-06  7.03397014e-01 
-4.74000000e-06  7.03412459e-01 
-4.72000000e-06  7.03427904e-01 
-4.70000000e-06  7.03443350e-01 
-4.68000000e-06  7.03458795e-01 
-4.66000000e-06  7.03474241e-01 
-4.64000000e-06  7.03489687e-01 
-4.62000000e-06  7.03505133e-01 
-4.60000000e-06  7.03520579e-01 
-4.58000000e-06  7.03536026e-01 
-4.56000000e-06  7.03551472e-01 
-4.54000000e-06  7.03566919e-01 
-4.52000000e-06  7.03582366e-01 
-4.50000000e-06  7.03597813e-01 
-4.48000000e-06  7.03613260e-01 
-4.46000000e-06  7.03628707e-01 
-4.44000000e-06  7.03644154e-01 
-4.42000000e-06  7.03659602e-01 
-4.40000000e-06  7.03675050e-01 
-4.38000000e-06  7.03690497e-01 
-4.36000000e-06  7.03705945e-01 
-4.34000000e-06  7.03721393e-01 
-4.32000000e-06  7.03736842e-01 
-4.30000000e-06  7.03752290e-01 
-4.28000000e-06  7.03767739e-01 
-4.26000000e-06  7.03783187e-01 
-4.24000000e-06  7.03798711e-01 
-4.22000000e-06  7.03814108e-01 
-4.20000000e-06  7.03829616e-01 
-4.18000000e-06  7.03845008e-01 
-4.16000000e-06  7.03860515e-01 
-4.14000000e-06  7.03875907e-01 
-4.12000000e-06  7.03891415e-01 
-4.10000000e-06  7.03906882e-01 
-4.08000000e-06  7.03922337e-01 
-4.06000000e-06  7.03937789e-01 
-4.04000000e-06  7.03953239e-01 
-4.02000000e-06  7.03968690e-01 
-4.00000000e-06  7.03984141e-01 
-3.98000000e-06  7.03999591e-01 
-3.96000000e-06  7.04015042e-01 
-3.94000000e-06  7.04030493e-01 
-3.92000000e-06  7.04045945e-01 
-3.90000000e-06  7.04061396e-01 
-3.88000000e-06  7.04076922e-01 
-3.86000000e-06  7.04092322e-01 
-3.84000000e-06  7.04107833e-01 
-3.82000000e-06  7.04123227e-01 
-3.80000000e-06  7.04138737e-01 
-3.78000000e-06  7.04154132e-01 
-3.76000000e-06  7.04169642e-01 
-3.74000000e-06  7.04185112e-01 
-3.72000000e-06  7.04200570e-01 
-3.70000000e-06  7.04216024e-01 
-3.68000000e-06  7.04231477e-01 
-3.66000000e-06  7.04246931e-01 
-3.64000000e-06  7.04262384e-01 
-3.62000000e-06  7.04277838e-01 
-3.60000000e-06  7.04293291e-01 
-3.58000000e-06  7.04308745e-01 
-3.56000000e-06  7.04324199e-01 
-3.54000000e-06  7.04339653e-01 
-3.52000000e-06  7.04355107e-01 
-3.50000000e-06  7.04370561e-01 
-3.48000000e-06  7.04386016e-01 
-3.46000000e-06  7.04401471e-01 
-3.44000000e-06  7.04416925e-01 
-3.42000000e-06  7.04432380e-01 
-3.40000000e-06  7.04447836e-01 
-3.38000000e-06  7.04463291e-01 
-3.36000000e-06  7.04478746e-01 
-3.34000000e-06  7.04494202e-01 
-3.32000000e-06  7.04509657e-01 
-3.30000000e-06  7.04525113e-01 
-3.28000000e-06  7.04540569e-01 
-3.26000000e-06  7.04556025e-01 
-3.24000000e-06  7.04571482e-01 
-3.22000000e-06  7.04586938e-01 
-3.20000000e-06  7.04602395e-01 
-3.18000000e-06  7.04617852e-01 
-3.16000000e-06  7.04633308e-01 
-3.14000000e-06  7.04648840e-01 
-3.12000000e-06  7.04664245e-01 
-3.10000000e-06  7.04679761e-01 
-3.08000000e-06  7.04695162e-01 
-3.06000000e-06  7.04710677e-01 
-3.04000000e-06  7.04726077e-01 
-3.02000000e-06  7.04741593e-01 
-3.00000000e-06  7.04757068e-01 
-2.98000000e-06  7.04772532e-01 
-2.96000000e-06  7.04787991e-01 
-2.94000000e-06  7.04803450e-01 
-2.92000000e-06  7.04818909e-01 
-2.90000000e-06  7.04834368e-01 
-2.88000000e-06  7.04849827e-01 
-2.86000000e-06  7.04865286e-01 
-2.84000000e-06  7.04880746e-01 
-2.82000000e-06  7.04896205e-01 
-2.80000000e-06  7.04911739e-01 
-2.78000000e-06  7.04927147e-01 
-2.76000000e-06  7.04942666e-01 
-2.74000000e-06  7.04958069e-01 
-2.72000000e-06  7.04973587e-01 
-2.70000000e-06  7.04988989e-01 
-2.68000000e-06  7.05004507e-01 
-2.66000000e-06  7.05019985e-01 
-2.64000000e-06  7.05035451e-01 
-2.62000000e-06  7.05050914e-01 
-2.60000000e-06  7.05066375e-01 
-2.58000000e-06  7.05081837e-01 
-2.56000000e-06  7.05097298e-01 
-2.54000000e-06  7.05112760e-01 
-2.52000000e-06  7.05128221e-01 
-2.50000000e-06  7.05143683e-01 
-2.48000000e-06  7.05159145e-01 
-2.46000000e-06  7.05174607e-01 
-2.44000000e-06  7.05190070e-01 
-2.42000000e-06  7.05205532e-01 
-2.40000000e-06  7.05220995e-01 
-2.38000000e-06  7.05236458e-01 
-2.36000000e-06  7.05251920e-01 
-2.34000000e-06  7.05267384e-01 
-2.32000000e-06  7.05282847e-01 
-2.30000000e-06  7.05298310e-01 
-2.28000000e-06  7.05313774e-01 
-2.26000000e-06  7.05329237e-01 
-2.24000000e-06  7.05344701e-01 
-2.22000000e-06  7.05360165e-01 
-2.20000000e-06  7.05375629e-01 
-2.18000000e-06  7.05391093e-01 
-2.16000000e-06  7.05406558e-01 
-2.14000000e-06  7.05422022e-01 
-2.12000000e-06  7.05437562e-01 
-2.10000000e-06  7.05452974e-01 
-2.08000000e-06  7.05468498e-01 
-2.06000000e-06  7.05483907e-01 
-2.04000000e-06  7.05499430e-01 
-2.02000000e-06  7.05514838e-01 
-2.00000000e-06  7.05530361e-01 
-1.98000000e-06  7.05545844e-01 
-1.96000000e-06  7.05561315e-01 
-1.94000000e-06  7.05576782e-01 
-1.92000000e-06  7.05592249e-01 
-1.90000000e-06  7.05607716e-01 
-1.88000000e-06  7.05623182e-01 
-1.86000000e-06  7.05638649e-01 
-1.84000000e-06  7.05654116e-01 
-1.82000000e-06  7.05669583e-01 
-1.80000000e-06  7.05685125e-01 
-1.78000000e-06  7.05700540e-01 
-1.76000000e-06  7.05716066e-01 
-1.74000000e-06  7.05731477e-01 
-1.72000000e-06  7.05747002e-01 
-1.70000000e-06  7.05762487e-01 
-1.68000000e-06  7.05777886e-01 
-1.66000000e-06  7.05793408e-01 
-1.64000000e-06  7.05808892e-01 
-1.62000000e-06  7.05824366e-01 
-1.60000000e-06  7.05839836e-01 
-1.58000000e-06  7.05855305e-01 
-1.56000000e-06  7.05870774e-01 
-1.54000000e-06  7.05886243e-01 
-1.52000000e-06  7.05901712e-01 
-1.50000000e-06  7.05917182e-01 
-1.48000000e-06  7.05932652e-01 
-1.46000000e-06  7.05948121e-01 
-1.44000000e-06  7.05963591e-01 
-1.42000000e-06  7.05979061e-01 
-1.40000000e-06  7.05994531e-01 
-1.38000000e-06  7.06010002e-01 
-1.36000000e-06  7.06025472e-01 
-1.34000000e-06  7.06040943e-01 
-1.32000000e-06  7.06056414e-01 
-1.30000000e-06  7.06071885e-01 
-1.28000000e-06  7.06087356e-01 
-1.26000000e-06  7.06102827e-01 
-1.24000000e-06  7.06118298e-01 
-1.22000000e-06  7.06133770e-01 
-1.20000000e-06  7.06149242e-01 
-1.18000000e-06  7.06164713e-01 
-1.16000000e-06  7.06180260e-01 
-1.14000000e-06  7.06195680e-01 
-1.12000000e-06  7.06211211e-01 
-1.10000000e-06  7.06226627e-01 
-1.08000000e-06  7.06242157e-01 
-1.06000000e-06  7.06257647e-01 
-1.04000000e-06  7.06273125e-01 
-1.02000000e-06  7.06288600e-01 
-1.00000000e-06  7.06304074e-01 
-9.80000000e-07  7.06319547e-01 
-9.60000000e-07  7.06335021e-01 
-9.40000000e-07  7.06350494e-01 
-9.20000000e-07  7.06365968e-01 
-9.00000000e-07  7.06381442e-01 
-8.80000000e-07  7.06396991e-01 
-8.60000000e-07  7.06412413e-01 
-8.40000000e-07  7.06427947e-01 
-8.20000000e-07  7.06443364e-01 
-8.00000000e-07  7.06458897e-01 
-7.80000000e-07  7.06474389e-01 
-7.60000000e-07  7.06489869e-01 
-7.40000000e-07  7.06505346e-01 
-7.20000000e-07  7.06520822e-01 
-7.00000000e-07  7.06536297e-01 
-6.80000000e-07  7.06551773e-01 
-6.60000000e-07  7.06567249e-01 
-6.40000000e-07  7.06582725e-01 
-6.20000000e-07  7.06598201e-01 
-6.00000000e-07  7.06613678e-01 
-5.80000000e-07  7.06629154e-01 
-5.60000000e-07  7.06644631e-01 
-5.40000000e-07  7.06660107e-01 
-5.20000000e-07  7.06675584e-01 
-5.00000000e-07  7.06691061e-01 
-4.80000000e-07  7.06706539e-01 
-4.60000000e-07  7.06722016e-01 
-4.40000000e-07  7.06737494e-01 
-4.20000000e-07  7.06752971e-01 
-4.00000000e-07  7.06768449e-01 
-3.80000000e-07  7.06783927e-01 
-3.60000000e-07  7.06799405e-01 
-3.40000000e-07  7.06814884e-01 
-3.20000000e-07  7.06830362e-01 
-3.00000000e-07  7.06845841e-01 
-2.80000000e-07  7.06861394e-01 
-2.60000000e-07  7.06876821e-01 
-2.40000000e-07  7.06892359e-01 
-2.20000000e-07  7.06907781e-01 
-2.00000000e-07  7.06923318e-01 
-1.80000000e-07  7.06938815e-01 
-1.60000000e-07  7.06954300e-01 
-1.40000000e-07  7.06969781e-01 
-1.20000000e-07  7.06985262e-01 
-1.00000000e-07  7.07000742e-01 
-8.00000000e-08  7.07016222e-01 
-6.00000000e-08  7.07031703e-01 
-4.00000000e-08  7.07047183e-01 
-2.00000000e-08  7.07062664e-01 
-1.73092506e-19  7.07078220e-01 
