 frequency       AmagdB          Aphdeg         
 1.00000000e+01  5.77383721e+01 -4.36784648e-01 
 1.04618344e+01  5.77383483e+01 -4.56956032e-01 
 1.09449980e+01  5.77383222e+01 -4.78058878e-01 
 1.14504757e+01  5.77382936e+01 -5.00136187e-01 
 1.19792981e+01  5.77382623e+01 -5.23232943e-01 
 1.25325434e+01  5.77382281e+01 -5.47396205e-01 
 1.31113394e+01  5.77381907e+01 -5.72675201e-01 
 1.37168662e+01  5.77381497e+01 -5.99121430e-01 
 1.43503583e+01  5.77381048e+01 -6.26788763e-01 
 1.50131073e+01  5.77380557e+01 -6.55733556e-01 
 1.57064643e+01  5.77380020e+01 -6.86014761e-01 
 1.64318429e+01  5.77379432e+01 -7.17694046e-01 
 1.71907220e+01  5.77378788e+01 -7.50835919e-01 
 1.79846488e+01  5.77378083e+01 -7.85507861e-01 
 1.88152418e+01  5.77377312e+01 -8.21780456e-01 
 1.96841945e+01  5.77376468e+01 -8.59727539e-01 
 2.05932784e+01  5.77375544e+01 -8.99426341e-01 
 2.15443469e+01  5.77374533e+01 -9.40957646e-01 
 2.25393390e+01  5.77373427e+01 -9.84405951e-01 
 2.35802834e+01  5.77372216e+01 -1.02985964e+00 
 2.46693021e+01  5.77370890e+01 -1.07741114e+00 
 2.58086154e+01  5.77369439e+01 -1.12715715e+00 
 2.70005462e+01  5.77367852e+01 -1.17919878e+00 
 2.82475244e+01  5.77366114e+01 -1.23364179e+00 
 2.95520924e+01  5.77364212e+01 -1.29059678e+00 
 3.09169098e+01  5.77362131e+01 -1.35017941e+00 
 3.23447591e+01  5.77359853e+01 -1.41251065e+00 
 3.38385515e+01  5.77357359e+01 -1.47771698e+00 
 3.54013324e+01  5.77354631e+01 -1.54593066e+00 
 3.70362879e+01  5.77351644e+01 -1.61729000e+00 
 3.87467512e+01  5.77348376e+01 -1.69193958e+00 
 4.05362096e+01  5.77344799e+01 -1.77003058e+00 
 4.24083114e+01  5.77340885e+01 -1.85172105e+00 
 4.43668733e+01  5.77336601e+01 -1.93717621e+00 
 4.64158883e+01  5.77331912e+01 -2.02656875e+00 
 4.85595339e+01  5.77326782e+01 -2.12007917e+00 
 5.08021805e+01  5.77321167e+01 -2.21789614e+00 
 5.31484001e+01  5.77315022e+01 -2.32021678e+00 
 5.56029763e+01  5.77308297e+01 -2.42724709e+00 
 5.81709133e+01  5.77300938e+01 -2.53920228e+00 
 6.08574464e+01  5.77292886e+01 -2.65630718e+00 
 6.36680529e+01  5.77284074e+01 -2.77879661e+00 
 6.66084629e+01  5.77274431e+01 -2.90691581e+00 
 6.96846712e+01  5.77263879e+01 -3.04092085e+00 
 7.29029493e+01  5.77252334e+01 -3.18107906e+00 
 7.62698586e+01  5.77239701e+01 -3.32766947e+00 
 7.97922634e+01  5.77225878e+01 -3.48098324e+00 
 8.34773449e+01  5.77210754e+01 -3.64132415e+00 
 8.73326162e+01  5.77194207e+01 -3.80900903e+00 
 9.13659373e+01  5.77176103e+01 -3.98436824e+00 
 9.55855309e+01  5.77156297e+01 -4.16774612e+00 
 1.00000000e+02  5.77134630e+01 -4.35950148e+00 
 1.04618344e+02  5.77110927e+01 -4.56000805e+00 
 1.09449980e+02  5.77085000e+01 -4.76965494e+00 
 1.14504757e+02  5.77056640e+01 -4.98884707e+00 
 1.19792981e+02  5.77025622e+01 -5.21800560e+00 
 1.25325434e+02  5.76991697e+01 -5.45756836e+00 
 1.31113394e+02  5.76954597e+01 -5.70799018e+00 
 1.37168662e+02  5.76914028e+01 -5.96974329e+00 
 1.43503583e+02  5.76869668e+01 -6.24331755e+00 
 1.50131073e+02  5.76821168e+01 -6.52922073e+00 
 1.57064643e+02  5.76768146e+01 -6.82797865e+00 
 1.64318429e+02  5.76710189e+01 -7.14013533e+00 
 1.71907220e+02  5.76646842e+01 -7.46625291e+00 
 1.79846488e+02  5.76577616e+01 -7.80691160e+00 
 1.88152418e+02  5.76501973e+01 -8.16270943e+00 
 1.96841945e+02  5.76419334e+01 -8.53426183e+00 
 2.05932784e+02  5.76329064e+01 -8.92220109e+00 
 2.15443469e+02  5.76230479e+01 -9.32717562e+00 
 2.25393390e+02  5.76122833e+01 -9.74984894e+00 
 2.35802834e+02  5.76005320e+01 -1.01908985e+01 
 2.46693021e+02  5.75877066e+01 -1.06510140e+01 
 2.58086154e+02  5.75737124e+01 -1.11308958e+01 
 2.70005462e+02  5.75584473e+01 -1.16312526e+01 
 2.82475244e+02  5.75418009e+01 -1.21527988e+01 
 2.95520924e+02  5.75236542e+01 -1.26962513e+01 
 3.09169098e+02  5.75038793e+01 -1.32623266e+01 
 3.23447591e+02  5.74823383e+01 -1.38517360e+01 
 3.38385515e+02  5.74588835e+01 -1.44651815e+01 
 3.54013324e+02  5.74333566e+01 -1.51033506e+01 
 3.70362879e+02  5.74055883e+01 -1.57669101e+01 
 3.87467512e+02  5.73753981e+01 -1.64565000e+01 
 4.05362096e+02  5.73425937e+01 -1.71727262e+01 
 4.24083114e+02  5.73069710e+01 -1.79161526e+01 
 4.43668733e+02  5.72683140e+01 -1.86872927e+01 
 4.64158883e+02  5.72263947e+01 -1.94865999e+01 
 4.85595339e+02  5.71809730e+01 -2.03144583e+01 
 5.08021805e+02  5.71317976e+01 -2.11711721e+01 
 5.31484001e+02  5.70786057e+01 -2.20569544e+01 
 5.56029763e+02  5.70211244e+01 -2.29719164e+01 
 5.81709133e+02  5.69590710e+01 -2.39160558e+01 
 6.08574464e+02  5.68921547e+01 -2.48892457e+01 
 6.36680529e+02  5.68200776e+01 -2.58912231e+01 
 6.66084629e+02  5.67425367e+01 -2.69215787e+01 
 6.96846712e+02  5.66592255e+01 -2.79797472e+01 
 7.29029493e+02  5.65698367e+01 -2.90649980e+01 
 7.62698586e+02  5.64740645e+01 -3.01764291e+01 
 7.97922634e+02  5.63716073e+01 -3.13129610e+01 
 8.34773449e+02  5.62621708e+01 -3.24733339e+01 
 8.73326162e+02  5.61454712e+01 -3.36561073e+01 
 9.13659373e+02  5.60212382e+01 -3.48596618e+01 
 9.55855309e+02  5.58892188e+01 -3.60822047e+01 
 1.00000000e+03  5.57491799e+01 -3.73217782e+01 
 1.04618344e+03  5.56009122e+01 -3.85762708e+01 
 1.09449980e+03  5.54442326e+01 -3.98434326e+01 
 1.14504757e+03  5.52789872e+01 -4.11208924e+01 
 1.19792981e+03  5.51050537e+01 -4.24061787e+01 
 1.25325434e+03  5.49223432e+01 -4.36967423e+01 
 1.31113394e+03  5.47308014e+01 -4.49899813e+01 
 1.37168662e+03  5.45304099e+01 -4.62832664e+01 
 1.43503583e+03  5.43211862e+01 -4.75739683e+01 
 1.50131073e+03  5.41031837e+01 -4.88594839e+01 
 1.57064643e+03  5.38764904e+01 -5.01372627e+01 
 1.64318429e+03  5.36412279e+01 -5.14048309e+01 
 1.71907220e+03  5.33975492e+01 -5.26598150e+01 
 1.79846488e+03  5.31456366e+01 -5.38999619e+01 
 1.88152418e+03  5.28856991e+01 -5.51231569e+01 
 1.96841945e+03  5.26179689e+01 -5.63274385e+01 
 2.05932784e+03  5.23426987e+01 -5.75110101e+01 
 2.15443469e+03  5.20601584e+01 -5.86722484e+01 
 2.25393390e+03  5.17706316e+01 -5.98097089e+01 
 2.35802834e+03  5.14744122e+01 -6.09221279e+01 
 2.46693021e+03  5.11718016e+01 -6.20084222e+01 
 2.58086154e+03  5.08631058e+01 -6.30676858e+01 
 2.70005462e+03  5.05486319e+01 -6.40991849e+01 
 2.82475244e+03  5.02286864e+01 -6.51023510e+01 
 2.95520924e+03  4.99035726e+01 -6.60767717e+01 
 3.09169098e+03  4.95735883e+01 -6.70221818e+01 
 3.23447591e+03  4.92390248e+01 -6.79384519e+01 
 3.38385515e+03  4.89001648e+01 -6.88255780e+01 
 3.54013324e+03  4.85572815e+01 -6.96836697e+01 
 3.70362879e+03  4.82106380e+01 -7.05129391e+01 
 3.87467512e+03  4.78604860e+01 -7.13136896e+01 
 4.05362096e+03  4.75070656e+01 -7.20863048e+01 
 4.24083114e+03  4.71506054e+01 -7.28312382e+01 
 4.43668733e+03  4.67913215e+01 -7.35490034e+01 
 4.64158883e+03  4.64294185e+01 -7.42401650e+01 
 4.85595339e+03  4.60650888e+01 -7.49053297e+01 
 5.08021805e+03  4.56985133e+01 -7.55451386e+01 
 5.31484001e+03  4.53298615e+01 -7.61602602e+01 
 5.56029763e+03  4.49592921e+01 -7.67513835e+01 
 5.81709133e+03  4.45869530e+01 -7.73192126e+01 
 6.08574464e+03  4.42129822e+01 -7.78644610e+01 
 6.36680529e+03  4.38375081e+01 -7.83878475e+01 
 6.66084629e+03  4.34606497e+01 -7.88900918e+01 
 6.96846712e+03  4.30825178e+01 -7.93719112e+01 
 7.29029493e+03  4.27032146e+01 -7.98340175e+01 
 7.62698586e+03  4.23228349e+01 -8.02771142e+01 
 7.97922634e+03  4.19414664e+01 -8.07018946e+01 
 8.34773449e+03  4.15591898e+01 -8.11090399e+01 
 8.73326162e+03  4.11760799e+01 -8.14992174e+01 
 9.13659373e+03  4.07922053e+01 -8.18730798e+01 
 9.55855309e+03  4.04076294e+01 -8.22312634e+01 
 1.00000000e+04  4.00224105e+01 -8.25743884e+01 
 1.04618344e+04  3.96366023e+01 -8.29030574e+01 
 1.09449980e+04  3.92502539e+01 -8.32178556e+01 
 1.14504757e+04  3.88634109e+01 -8.35193502e+01 
 1.19792981e+04  3.84761146e+01 -8.38080907e+01 
 1.25325434e+04  3.80884034e+01 -8.40846084e+01 
 1.31113394e+04  3.77003123e+01 -8.43494169e+01 
 1.37168662e+04  3.73118734e+01 -8.46030122e+01 
 1.43503583e+04  3.69231162e+01 -8.48458729e+01 
 1.50131073e+04  3.65340677e+01 -8.50784604e+01 
 1.57064643e+04  3.61447526e+01 -8.53012193e+01 
 1.64318429e+04  3.57551938e+01 -8.55145782e+01 
 1.71907220e+04  3.53654118e+01 -8.57189493e+01 
 1.79846488e+04  3.49754259e+01 -8.59147296e+01 
 1.88152418e+04  3.45852533e+01 -8.61023010e+01 
 1.96841945e+04  3.41949100e+01 -8.62820308e+01 
 2.05932784e+04  3.38044106e+01 -8.64542722e+01 
 2.15443469e+04  3.34137686e+01 -8.66193647e+01 
 2.25393390e+04  3.30229959e+01 -8.67776350e+01 
 2.35802834e+04  3.26321040e+01 -8.69293968e+01 
 2.46693021e+04  3.22411029e+01 -8.70749518e+01 
 2.58086154e+04  3.18500021e+01 -8.72145900e+01 
 2.70005462e+04  3.14588100e+01 -8.73485902e+01 
 2.82475244e+04  3.10675345e+01 -8.74772205e+01 
 2.95520924e+04  3.06761827e+01 -8.76007386e+01 
 3.09169098e+04  3.02847612e+01 -8.77193924e+01 
 3.23447591e+04  2.98932759e+01 -8.78334204e+01 
 3.38385515e+04  2.95017323e+01 -8.79430519e+01 
 3.54013324e+04  2.91101353e+01 -8.80485080e+01 
 3.70362879e+04  2.87184895e+01 -8.81500013e+01 
 3.87467512e+04  2.83267991e+01 -8.82477368e+01 
 4.05362096e+04  2.79350678e+01 -8.83419119e+01 
 4.24083114e+04  2.75432992e+01 -8.84327171e+01 
 4.43668733e+04  2.71514963e+01 -8.85203362e+01 
 4.64158883e+04  2.67596620e+01 -8.86049466e+01 
 4.85595339e+04  2.63677990e+01 -8.86867200e+01 
 5.08021805e+04  2.59759097e+01 -8.87658220e+01 
 5.31484001e+04  2.55839962e+01 -8.88424132e+01 
 5.56029763e+04  2.51920605e+01 -8.89166490e+01 
 5.81709133e+04  2.48001044e+01 -8.89886802e+01 
 6.08574464e+04  2.44081296e+01 -8.90586531e+01 
 6.36680529e+04  2.40161376e+01 -8.91267100e+01 
 6.66084629e+04  2.36241296e+01 -8.91929891e+01 
 6.96846712e+04  2.32321069e+01 -8.92576253e+01 
 7.29029493e+04  2.28400706e+01 -8.93207500e+01 
 7.62698586e+04  2.24480217e+01 -8.93824917e+01 
 7.97922634e+04  2.20559611e+01 -8.94429759e+01 
 8.34773449e+04  2.16638894e+01 -8.95023259e+01 
 8.73326162e+04  2.12718075e+01 -8.95606623e+01 
 9.13659373e+04  2.08797160e+01 -8.96181041e+01 
 9.55855309e+04  2.04876153e+01 -8.96747681e+01 
 1.00000000e+05  2.00955060e+01 -8.97307698e+01 
 1.04618344e+05  1.97033884e+01 -8.97862231e+01 
 1.09449980e+05  1.93112628e+01 -8.98412411e+01 
 1.14504757e+05  1.89191295e+01 -8.98959359e+01 
 1.19792981e+05  1.85269887e+01 -8.99504188e+01 
 1.25325434e+05  1.81348405e+01 -9.00048008e+01 
 1.31113394e+05  1.77426850e+01 -9.00591928e+01 
 1.37168662e+05  1.73505222e+01 -9.01137055e+01 
 1.43503583e+05  1.69583521e+01 -9.01684501e+01 
 1.50131073e+05  1.65661745e+01 -9.02235380e+01 
 1.57064643e+05  1.61739893e+01 -9.02790815e+01 
 1.64318429e+05  1.57817962e+01 -9.03351938e+01 
 1.71907220e+05  1.53895950e+01 -9.03919892e+01 
 1.79846488e+05  1.49973853e+01 -9.04495833e+01 
 1.88152418e+05  1.46051666e+01 -9.05080935e+01 
 1.96841945e+05  1.42129385e+01 -9.05676390e+01 
 2.05932784e+05  1.38207003e+01 -9.06283411e+01 
 2.15443469e+05  1.34284514e+01 -9.06903234e+01 
 2.25393390e+05  1.30361911e+01 -9.07537122e+01 
 2.35802834e+05  1.26439186e+01 -9.08186364e+01 
 2.46693021e+05  1.22516327e+01 -9.08852283e+01 
 2.58086154e+05  1.18593326e+01 -9.09536234e+01 
 2.70005462e+05  1.14670171e+01 -9.10239611e+01 
 2.82475244e+05  1.10746848e+01 -9.10963842e+01 
 2.95520924e+05  1.06823343e+01 -9.11710404e+01 
 3.09169098e+05  1.02899641e+01 -9.12480813e+01 
 3.23447591e+05  9.89757238e+00 -9.13276637e+01 
 3.38385515e+05  9.50515725e+00 -9.14099494e+01 
 3.54013324e+05  9.11271660e+00 -9.14951056e+01 
 3.70362879e+05  8.72024813e+00 -9.15833054e+01 
 3.87467512e+05  8.32774928e+00 -9.16747278e+01 
 4.05362096e+05  7.93521728e+00 -9.17695586e+01 
 4.24083114e+05  7.54264907e+00 -9.18679901e+01 
 4.43668733e+05  7.15004129e+00 -9.19702220e+01 
 4.64158883e+05  6.75739027e+00 -9.20764617e+01 
 4.85595339e+05  6.36469198e+00 -9.21869243e+01 
 5.08021805e+05  5.97194201e+00 -9.23018337e+01 
 5.31484001e+05  5.57913553e+00 -9.24214222e+01 
 5.56029763e+05  5.18626726e+00 -9.25459318e+01 
 5.81709133e+05  4.79333138e+00 -9.26756140e+01 
 6.08574464e+05  4.40032158e+00 -9.28107307e+01 
 6.36680529e+05  4.00723089e+00 -9.29515542e+01 
 6.66084629e+05  3.61405173e+00 -9.30983684e+01 
 6.96846712e+05  3.22077577e+00 -9.32514686e+01 
 7.29029493e+05  2.82739391e+00 -9.34111626e+01 
 7.62698586e+05  2.43389619e+00 -9.35777707e+01 
 7.97922634e+05  2.04027171e+00 -9.37516268e+01 
 8.34773449e+05  1.64650854e+00 -9.39330788e+01 
 8.73326162e+05  1.25259365e+00 -9.41224888e+01 
 9.13659373e+05  8.58512736e-01 -9.43202342e+01 
 9.55855309e+05  4.64250204e-01 -9.45267082e+01 
 1.00000000e+06  6.97889653e-02 -9.47423202e+01 
 1.04618344e+06 -3.24889661e-01 -9.49674967e+01 
 1.09449980e+06 -7.19806107e-01 -9.52026817e+01 
 1.14504757e+06 -1.11498272e+00 -9.54483374e+01 
 1.19792981e+06 -1.51044393e+00 -9.57049449e+01 
 1.25325434e+06 -1.90621646e+00 -9.59730050e+01 
 1.31113394e+06 -2.30232951e+00 -9.62530381e+01 
 1.37168662e+06 -2.69881501e+00 -9.65455858e+01 
 1.43503583e+06 -3.09570785e+00 -9.68512106e+01 
 1.50131073e+06 -3.49304619e+00 -9.71704969e+01 
 1.57064643e+06 -3.89087168e+00 -9.75040514e+01 
 1.64318429e+06 -4.28922985e+00 -9.78525035e+01 
 1.71907220e+06 -4.68817045e+00 -9.82165057e+01 
 1.79846488e+06 -5.08774779e+00 -9.85967339e+01 
 1.88152418e+06 -5.48802117e+00 -9.89938873e+01 
 1.96841945e+06 -5.88905534e+00 -9.94086891e+01 
 2.05932784e+06 -6.29092095e+00 -9.98418858e+01 
 2.15443469e+06 -6.69369510e+00 -1.00294247e+02 
 2.25393390e+06 -7.09746188e+00 -1.00766566e+02 
 2.35802834e+06 -7.50231298e+00 -1.01259657e+02 
 2.46693021e+06 -7.90834834e+00 -1.01774357e+02 
 2.58086154e+06 -8.31567687e+00 -1.02311521e+02 
 2.70005462e+06 -8.72441715e+00 -1.02872024e+02 
 2.82475244e+06 -9.13469829e+00 -1.03456757e+02 
 2.95520924e+06 -9.54666076e+00 -1.04066622e+02 
 3.09169098e+06 -9.96045728e+00 -1.04702536e+02 
 3.23447591e+06 -1.03762538e+01 -1.05365418e+02 
 3.38385515e+06 -1.07942306e+01 -1.06056193e+02 
 3.54013324e+06 -1.12145833e+01 -1.06775781e+02 
 3.70362879e+06 -1.16375238e+01 -1.07525092e+02 
 3.87467512e+06 -1.20632817e+01 -1.08305019e+02 
 4.05362096e+06 -1.24921057e+01 -1.09116431e+02 
 4.24083114e+06 -1.29242642e+01 -1.09960158e+02 
 4.43668733e+06 -1.33600472e+01 -1.10836985e+02 
 4.64158883e+06 -1.37997671e+01 -1.11747635e+02 
 4.85595339e+06 -1.42437601e+01 -1.12692753e+02 
 5.08021805e+06 -1.46923877e+01 -1.13672894e+02 
 5.31484001e+06 -1.51460371e+01 -1.14688493e+02 
 5.56029763e+06 -1.56051228e+01 -1.15739854e+02 
 5.81709133e+06 -1.60700874e+01 -1.16827113e+02 
 6.08574464e+06 -1.65414015e+01 -1.17950218e+02 
 6.36680529e+06 -1.70195651e+01 -1.19108891e+02 
 6.66084629e+06 -1.75051064e+01 -1.20302593e+02 
 6.96846712e+06 -1.79985821e+01 -1.21530486e+02 
 7.29029493e+06 -1.85005754e+01 -1.22791384e+02 
 7.62698586e+06 -1.90116947e+01 -1.24083709e+02 
 7.97922634e+06 -1.95325704e+01 -1.25405430e+02 
 8.34773449e+06 -2.00638507e+01 -1.26754012e+02 
 8.73326162e+06 -2.06061966e+01 -1.28126347e+02 
 9.13659373e+06 -2.11602741e+01 -1.29518688e+02 
 9.55855309e+06 -2.17267458e+01 -1.30926579e+02 
 1.00000000e+07 -2.23062589e+01 -1.32344777e+02 
 1.04618344e+07 -2.28994308e+01 -1.33767177e+02 
 1.09449980e+07 -2.35068314e+01 -1.35186736e+02 
 1.14504757e+07 -2.41289614e+01 -1.36595401e+02 
 1.19792981e+07 -2.47662253e+01 -1.37984040e+02 
 1.25325434e+07 -2.54189002e+01 -1.39342395e+02 
 1.31113394e+07 -2.60870966e+01 -1.40659050e+02 
 1.37168662e+07 -2.67707145e+01 -1.41921437e+02 
 1.43503583e+07 -2.74693901e+01 -1.43115889e+02 
 1.50131073e+07 -2.81824366e+01 -1.44227762e+02 
 1.57064643e+07 -2.89087775e+01 -1.45241658e+02 
 1.64318429e+07 -2.96468750e+01 -1.46141771e+02 
 1.71907220e+07 -3.03946587e+01 -1.46912392e+02 
 1.79846488e+07 -3.11494593e+01 -1.47538627e+02 
 1.88152418e+07 -3.19079596e+01 -1.48007324e+02 
 1.96841945e+07 -3.26661769e+01 -1.48308257e+02 
 2.05932784e+07 -3.34194941e+01 -1.48435505e+02 
 2.15443469e+07 -3.41627624e+01 -1.48388958e+02 
 2.25393390e+07 -3.48904905e+01 -1.48175775e+02 
 2.35802834e+07 -3.55971297e+01 -1.47811562e+02 
 2.46693021e+07 -3.62774456e+01 -1.47320942e+02 
 2.58086154e+07 -3.69269402e+01 -1.46737259e+02 
 2.70005462e+07 -3.75422677e+01 -1.46101208e+02 
 2.82475244e+07 -3.81215685e+01 -1.45458435e+02 
 2.95520924e+07 -3.86646548e+01 -1.44856379e+02 
 3.09169098e+07 -3.91730072e+01 -1.44340843e+02 
 3.23447591e+07 -3.96495822e+01 -1.43952872e+02 
 3.38385515e+07 -4.00984774e+01 -1.43726408e+02 
 3.54013324e+07 -4.05245197e+01 -1.43686981e+02 
 3.70362879e+07 -4.09328519e+01 -1.43851448e+02 
 3.87467512e+07 -4.13285727e+01 -1.44228576e+02 
 4.05362096e+07 -4.17164632e+01 -1.44820188e+02 
 4.24083114e+07 -4.21008066e+01 -1.45622573e+02 
 4.43668733e+07 -4.24852927e+01 -1.46627916e+02 
 4.64158883e+07 -4.28729891e+01 -1.47825602e+02 
 4.85595339e+07 -4.32663585e+01 -1.49203309e+02 
 5.08021805e+07 -4.36673047e+01 -1.50747872e+02 
 5.31484001e+07 -4.40772326e+01 -1.52445919e+02 
 5.56029763e+07 -4.44971138e+01 -1.54284331e+02 
 5.81709133e+07 -4.49275491e+01 -1.56250539e+02 
 6.08574464e+07 -4.53688277e+01 -1.58332715e+02 
 6.36680529e+07 -4.58209778e+01 -1.60519869e+02 
 6.66084629e+07 -4.62838122e+01 -1.62801896e+02 
 6.96846712e+07 -4.67569653e+01 -1.65169568e+02 
 7.29029493e+07 -4.72399257e+01 -1.67614512e+02 
 7.62698586e+07 -4.77320625e+01 -1.70129162e+02 
 7.97922634e+07 -4.82326480e+01 -1.72706706e+02 
 8.34773449e+07 -4.87408765e+01 -1.75341021e+02 
 8.73326162e+07 -4.92558805e+01 -1.78026611e+02 
 9.13659373e+07 -4.97767440e+01  1.79241454e+02 
 9.55855309e+07 -5.03025148e+01  1.76467607e+02 
 1.00000000e+08 -5.08322146e+01  1.73655840e+02 
