 frequency       inoise_spectrum onoise_spectrum
 1.00000000e+00  1.62569337e-05  1.25305384e-02 
 1.05776756e+00  1.58067946e-05  1.21835792e-02 
 1.11887221e+00  1.53691199e-05  1.18462274e-02 
 1.18350673e+00  1.49435647e-05  1.15182169e-02 
 1.25187503e+00  1.45297933e-05  1.11992892e-02 
 1.32419279e+00  1.41274794e-05  1.08891927e-02 
 1.40068818e+00  1.37363059e-05  1.05876830e-02 
 1.48160252e+00  1.33559642e-05  1.02945221e-02 
 1.56719108e+00  1.29861544e-05  1.00094790e-02 
 1.65772389e+00  1.26265849e-05  9.73232893e-03 
 1.75348655e+00  1.22769722e-05  9.46285326e-03 
 1.85478119e+00  1.19370405e-05  9.20083951e-03 
 1.96192737e+00  1.16065219e-05  8.94608109e-03 
 2.07526313e+00  1.12851556e-05  8.69837708e-03 
 2.19514602e+00  1.09726883e-05  8.45753215e-03 
 2.32195425e+00  1.06688736e-05  8.22335638e-03 
 2.45608788e+00  1.03734719e-05  7.99566510e-03 
 2.59797009e+00  1.00862502e-05  7.77427876e-03 
 2.74804848e+00  9.80698213e-06  7.55902277e-03 
 2.90679654e+00  9.53544739e-06  7.34972738e-03 
 3.07471508e+00  9.27143187e-06  7.14622755e-03 
 3.25233387e+00  9.01472740e-06  6.94836279e-03 
 3.44021326e+00  8.76513153e-06  6.75597707e-03 
 3.63894599e+00  8.52244746e-06  6.56891866e-03 
 3.84915902e+00  8.28648381e-06  6.38704004e-03 
 4.07151555e+00  8.05705451e-06  6.21019779e-03 
 4.30671707e+00  7.83397864e-06  6.03825244e-03 
 4.55550561e+00  7.61708030e-06  5.87106837e-03 
 4.81866605e+00  7.40618845e-06  5.70851375e-03 
 5.09702863e+00  7.20113679e-06  5.55046036e-03 
 5.39147154e+00  7.00176362e-06  5.39678355e-03 
 5.70292370e+00  6.80791174e-06  5.24736211e-03 
 6.03236769e+00  6.61942826e-06  5.10207820e-03 
 6.38084285e+00  6.43616458e-06  4.96081722e-03 
 6.74944857e+00  6.25797616e-06  4.82346775e-03 
 7.13934775e+00  6.08472251e-06  4.68992145e-03 
 7.55177045e+00  5.91626700e-06  4.56007297e-03 
 7.98801781e+00  5.75247679e-06  4.43381989e-03 
 8.44946611e+00  5.59322273e-06  4.31106259e-03 
 8.93757115e+00  5.43837923e-06  4.19170425e-03 
 9.45387283e+00  5.28782420e-06  4.07565068e-03 
 1.00000000e+01  5.14143891e-06  3.96281032e-03 
 1.05776756e+01  4.99910793e-06  3.85309413e-03 
 1.11887221e+01  4.86071902e-06  3.74641553e-03 
 1.18350673e+01  4.72616306e-06  3.64269032e-03 
 1.25187503e+01  4.59533394e-06  3.54183664e-03 
 1.32419279e+01  4.46812849e-06  3.44377487e-03 
 1.40068818e+01  4.34444641e-06  3.34842761e-03 
 1.48160252e+01  4.22419017e-06  3.25571956e-03 
 1.56719108e+01  4.10726493e-06  3.16557752e-03 
 1.65772389e+01  3.99357850e-06  3.07793028e-03 
 1.75348655e+01  3.88304123e-06  2.99270861e-03 
 1.85478119e+01  3.77556595e-06  2.90984517e-03 
 1.96192737e+01  3.67106791e-06  2.82927447e-03 
 2.07526313e+01  3.56946472e-06  2.75093281e-03 
 2.19514602e+01  3.47067624e-06  2.67475825e-03 
 2.32195425e+01  3.37462458e-06  2.60069051e-03 
 2.45608788e+01  3.28123400e-06  2.52867099e-03 
 2.59797009e+01  3.19043085e-06  2.45864268e-03 
 2.74804848e+01  3.10214354e-06  2.39055010e-03 
 2.90679654e+01  3.01630243e-06  2.32433929e-03 
 3.07471508e+01  2.93283985e-06  2.25995776e-03 
 3.25233387e+01  2.85168997e-06  2.19735441e-03 
 3.44021326e+01  2.77278880e-06  2.13647955e-03 
 3.63894599e+01  2.69607413e-06  2.07728478e-03 
 3.84915902e+01  2.62148547e-06  2.01972304e-03 
 4.07151555e+01  2.54896399e-06  1.96374849e-03 
 4.30671707e+01  2.47845250e-06  1.90931650e-03 
 4.55550561e+01  2.40989541e-06  1.85638365e-03 
 4.81866605e+01  2.34323866e-06  1.80490761e-03 
 5.09702863e+01  2.27842967e-06  1.75484719e-03 
 5.39147154e+01  2.21541735e-06  1.70616224e-03 
 5.70292370e+01  2.15415201e-06  1.65881365e-03 
 6.03236769e+01  2.09458533e-06  1.61276329e-03 
 6.38084285e+01  2.03667035e-06  1.56797400e-03 
 6.74944857e+01  1.98036139e-06  1.52440952e-03 
 7.13934775e+01  1.92561405e-06  1.48203450e-03 
 7.55177045e+01  1.87238516e-06  1.44081443e-03 
 7.98801781e+01  1.82063275e-06  1.40071563e-03 
 8.44946611e+01  1.77031599e-06  1.36170518e-03 
 8.93757115e+01  1.72139523e-06  1.32375094e-03 
 9.45387283e+01  1.67383188e-06  1.28682147e-03 
 1.00000000e+02  1.62758842e-06  1.25088603e-03 
 1.05776756e+02  1.58262841e-06  1.21591451e-03 
 1.11887221e+02  1.53891638e-06  1.18187743e-03 
 1.18350673e+02  1.49641785e-06  1.14874590e-03 
 1.25187503e+02  1.45509933e-06  1.11649157e-03 
 1.32419279e+02  1.41492823e-06  1.08508663e-03 
 1.40068818e+02  1.37587286e-06  1.05450372e-03 
 1.48160252e+02  1.33790244e-06  1.02471599e-03 
 1.56719108e+02  1.30098701e-06  9.95696954e-04 
 1.65772389e+02  1.26509747e-06  9.67420570e-04 
 1.75348655e+02  1.23020551e-06  9.39861136e-04 
 1.85478119e+02  1.19628362e-06  9.12993295e-04 
 1.96192737e+02  1.16330505e-06  8.86792003e-04 
 2.07526313e+02  1.13124379e-06  8.61232505e-04 
 2.19514602e+02  1.10007455e-06  8.36290317e-04 
 2.32195425e+02  1.06977277e-06  8.11941209e-04 
 2.45608788e+02  1.04031453e-06  7.88161199e-04 
 2.59797009e+02  1.01167661e-06  7.64926544e-04 
 2.74804848e+02  9.83836431e-07  7.42213743e-04 
 2.90679654e+02  9.56772024e-07  7.19999553e-04 
 3.07471508e+02  9.30462051e-07  6.98261010e-04 
 3.25233387e+02  9.04885760e-07  6.76975461e-04 
 3.44021326e+02  8.80022980e-07  6.56120618e-04 
 3.63894599e+02  8.55854103e-07  6.35674616e-04 
 3.84915902e+02  8.32360065e-07  6.15616104e-04 
 4.07151555e+02  8.09522336e-07  5.95924338e-04 
 4.30671707e+02  7.87322902e-07  5.76579313e-04 
 4.55550561e+02  7.65744254e-07  5.57561903e-04 
 4.81866605e+02  7.44769369e-07  5.38854031e-04 
 5.09702863e+02  7.24381702e-07  5.20438862e-04 
 5.39147154e+02  7.04565170e-07  5.02301007e-04 
 5.70292370e+02  6.85304139e-07  4.84426760e-04 
 6.03236769e+02  6.66583413e-07  4.66804327e-04 
 6.38084285e+02  6.48388221e-07  4.49424079e-04 
 6.74944857e+02  6.30704208e-07  4.32278786e-04 
 7.13934775e+02  6.13517418e-07  4.15363848e-04 
 7.55177045e+02  5.96814288e-07  3.98677481e-04 
 7.98801781e+02  5.80581635e-07  3.82220880e-04 
 8.44946611e+02  5.64806646e-07  3.65998306e-04 
 8.93757115e+02  5.49476870e-07  3.50017109e-04 
 9.45387283e+02  5.34580201e-07  3.34287663e-04 
 1.00000000e+03  5.20104879e-07  3.18823206e-04 
 1.05776756e+03  5.06039470e-07  3.03639577e-04 
 1.11887221e+03  4.92372866e-07  2.88754850e-04 
 1.18350673e+03  4.79094269e-07  2.74188881e-04 
 1.25187503e+03  4.66193186e-07  2.59962763e-04 
 1.32419279e+03  4.53659420e-07  2.46098227e-04 
 1.40068818e+03  4.41483062e-07  2.32617005e-04 
 1.48160252e+03  4.29654482e-07  2.19540183e-04 
 1.56719108e+03  4.18164323e-07  2.06887573e-04 
 1.65772389e+03  4.07003492e-07  1.94677138e-04 
 1.75348655e+03  3.96163152e-07  1.82924492e-04 
 1.85478119e+03  3.85634716e-07  1.71642487e-04 
 1.96192737e+03  3.75409841e-07  1.60840917e-04 
 2.07526313e+03  3.65480419e-07  1.50526329e-04 
 2.19514602e+03  3.55838573e-07  1.40701952e-04 
 2.32195425e+03  3.46476646e-07  1.31367723e-04 
 2.45608788e+03  3.37387199e-07  1.22520419e-04 
 2.59797009e+03  3.28563005e-07  1.14153860e-04 
 2.74804848e+03  3.19997038e-07  1.06259171e-04 
 2.90679654e+03  3.11682473e-07  9.88250957e-05 
 3.07471508e+03  3.03612677e-07  9.18383267e-05 
 3.25233387e+03  2.95781203e-07  8.52838533e-05 
 3.44021326e+03  2.88181788e-07  7.91453026e-05 
 3.63894599e+03  2.80808341e-07  7.34052688e-05 
 3.84915902e+03  2.73654946e-07  6.80456200e-05 
 4.07151555e+03  2.66715850e-07  6.30477785e-05 
 4.30671707e+03  2.59985463e-07  5.83929700e-05 
 4.55550561e+03  2.53458348e-07  5.40624413e-05 
 4.81866605e+03  2.47129220e-07  5.00376449e-05 
 5.09702863e+03  2.40992941e-07  4.63003932e-05 
 5.39147154e+03  2.35044513e-07  4.28329838e-05 
 5.70292370e+03  2.29279075e-07  3.96182974e-05 
 6.03236769e+03  2.23691898e-07  3.66398728e-05 
 6.38084285e+03  2.18278383e-07  3.38819598e-05 
 6.74944857e+03  2.13034051e-07  3.13295552e-05 
 7.13934775e+03  2.07954545e-07  2.89684226e-05 
 7.55177045e+03  2.03035621e-07  2.67850996e-05 
 7.98801781e+03  1.98273148e-07  2.47668946e-05 
 8.44946611e+03  1.93663101e-07  2.29018749e-05 
 8.93757115e+03  1.89201558e-07  2.11788482e-05 
 9.45387283e+03  1.84884694e-07  1.95873395e-05 
 1.00000000e+04  1.80708783e-07  1.81175633e-05 
 1.05776756e+04  1.76670189e-07  1.67603939e-05 
 1.11887221e+04  1.72765363e-07  1.55073337e-05 
 1.18350673e+04  1.68990841e-07  1.43504807e-05 
 1.25187503e+04  1.65343241e-07  1.32824952e-05 
 1.32419279e+04  1.61819258e-07  1.22965676e-05 
 1.40068818e+04  1.58415661e-07  1.13863856e-05 
 1.48160252e+04  1.55129292e-07  1.05461032e-05 
 1.56719108e+04  1.51957059e-07  9.77031017e-06 
 1.65772389e+04  1.48895938e-07  9.05400295e-06 
 1.75348655e+04  1.45942966e-07  8.39255690e-06 
 1.85478119e+04  1.43095240e-07  7.78169986e-06 
 1.96192737e+04  1.40349918e-07  7.21748718e-06 
 2.07526313e+04  1.37704208e-07  6.69627812e-06 
 2.19514602e+04  1.35155376e-07  6.21471375e-06 
 2.32195425e+04  1.32700737e-07  5.76969608e-06 
 2.45608788e+04  1.30337654e-07  5.35836874e-06 
 2.59797009e+04  1.28063541e-07  4.97809872e-06 
 2.74804848e+04  1.25875855e-07  4.62645952e-06 
 2.90679654e+04  1.23772100e-07  4.30121538e-06 
 3.07471508e+04  1.21749820e-07  4.00030664e-06 
 3.25233387e+04  1.19806606e-07  3.72183617e-06 
 3.44021326e+04  1.17940087e-07  3.46405675e-06 
 3.63894599e+04  1.16147935e-07  3.22535940e-06 
 3.84915902e+04  1.14427860e-07  3.00426259e-06 
 4.07151555e+04  1.12777613e-07  2.79940221e-06 
 4.30671707e+04  1.11194984e-07  2.60952235e-06 
 4.55550561e+04  1.09677802e-07  2.43346674e-06 
 4.81866605e+04  1.08223937e-07  2.27017088e-06 
 5.09702863e+04  1.06831296e-07  2.11865474e-06 
 5.39147154e+04  1.05497825e-07  1.97801607e-06 
 5.70292370e+04  1.04221511e-07  1.84742416e-06 
 6.03236769e+04  1.03000379e-07  1.72611418e-06 
 6.38084285e+04  1.01832496e-07  1.61338186e-06 
 6.74944857e+04  1.00715968e-07  1.50857868e-06 
 7.13934775e+04  9.96489410e-08  1.41110740e-06 
 7.55177045e+04  9.86296039e-08  1.32041790e-06 
 7.98801781e+04  9.76561859e-08  1.23600345e-06 
 8.44946611e+04  9.67269582e-08  1.15739717e-06 
 8.93757115e+04  9.58402343e-08  1.08416887e-06 
 9.45387283e+04  9.49943699e-08  1.01592205e-06 
 1.00000000e+05  9.41877638e-08  9.52291229e-07 
 1.05776756e+05  9.34188576e-08  8.92939400e-07 
 1.11887221e+05  9.26861360e-08  8.37555774e-07 
 1.18350673e+05  9.19881272e-08  7.85853648e-07 
 1.25187503e+05  9.13234026e-08  7.37568471e-07 
 1.32419279e+05  9.06905766e-08  6.92456059e-07 
 1.40068818e+05  9.00883074e-08  6.50290959e-07 
 1.48160252e+05  8.95152957e-08  6.10864939e-07 
 1.56719108e+05  8.89702854e-08  5.73985613e-07 
 1.65772389e+05  8.84520629e-08  5.39475165e-07 
 1.75348655e+05  8.79594567e-08  5.07169187e-07 
 1.85478119e+05  8.74913372e-08  4.76915607e-07 
 1.96192737e+05  8.70466162e-08  4.48573707e-07 
 2.07526313e+05  8.66242462e-08  4.22013220e-07 
 2.19514602e+05  8.62232201e-08  3.97113505e-07 
 2.32195425e+05  8.58425705e-08  3.73762779e-07 
 2.45608788e+05  8.54813689e-08  3.51857429e-07 
 2.59797009e+05  8.51387255e-08  3.31301365e-07 
 2.74804848e+05  8.48137879e-08  3.12005431e-07 
 2.90679654e+05  8.45057410e-08  2.93886870e-07 
 3.07471508e+05  8.42138060e-08  2.76868825e-07 
 3.25233387e+05  8.39372397e-08  2.60879883e-07 
 3.44021326e+05  8.36753339e-08  2.45853660e-07 
 3.63894599e+05  8.34274148e-08  2.31728413e-07 
 3.84915902e+05  8.31928423e-08  2.18446690e-07 
 4.07151555e+05  8.29710093e-08  2.05955006e-07 
 4.30671707e+05  8.27613412e-08  1.94203541e-07 
 4.55550561e+05  8.25632957e-08  1.83145872e-07 
 4.81866605e+05  8.23763618e-08  1.72738715e-07 
 5.09702863e+05  8.22000597e-08  1.62941697e-07 
 5.39147154e+05  8.20339407e-08  1.53717141e-07 
 5.70292370e+05  8.18775866e-08  1.45029871e-07 
 6.03236769e+05  8.17306097e-08  1.36847027e-07 
 6.38084285e+05  8.15926531e-08  1.29137904e-07 
 6.74944857e+05  8.14633906e-08  1.21873794e-07 
 7.13934775e+05  8.13425268e-08  1.15027846e-07 
 7.55177045e+05  8.12297977e-08  1.08574936e-07 
 7.98801781e+05  8.11249715e-08  1.02491542e-07 
 8.44946611e+05  8.10278491e-08  9.67556393e-08 
 8.93757115e+05  8.09382651e-08  9.13465905e-08 
 9.45387283e+05  8.08560893e-08  8.62450552e-08 
 1.00000000e+06  8.07812280e-08  8.14328996e-08 
 1.05776756e+06  8.07136259e-08  7.68931155e-08 
 1.11887221e+06  8.06532681e-08  7.26097445e-08 
 1.18350673e+06  8.06001827e-08  6.85678082e-08 
 1.25187503e+06  8.05544438e-08  6.47532433e-08 
 1.32419279e+06  8.05161746e-08  6.11528415e-08 
 1.40068818e+06  8.04855516e-08  5.77541931e-08 
 1.48160252e+06  8.04628085e-08  5.45456360e-08 
 1.56719108e+06  8.04482421e-08  5.15162070e-08 
 1.65772389e+06  8.04422171e-08  4.86555968e-08 
 1.75348655e+06  8.04451736e-08  4.59541090e-08 
 1.85478119e+06  8.04576340e-08  4.34026209e-08 
 1.96192737e+06  8.04802119e-08  4.09925474e-08 
 2.07526313e+06  8.05136215e-08  3.87158078e-08 
 2.19514602e+06  8.05586889e-08  3.65647944e-08 
 2.32195425e+06  8.06163645e-08  3.45323433e-08 
 2.45608788e+06  8.06877371e-08  3.26117072e-08 
 2.59797009e+06  8.07740503e-08  3.07965305e-08 
 2.74804848e+06  8.08767205e-08  2.90808255e-08 
 2.90679654e+06  8.09973579e-08  2.74589505e-08 
 3.07471508e+06  8.11377905e-08  2.59255897e-08 
 3.25233387e+06  8.13000905e-08  2.44757339e-08 
 3.44021326e+06  8.14866056e-08  2.31046631e-08 
 3.63894599e+06  8.16999938e-08  2.18079298e-08 
 3.84915902e+06  8.19432637e-08  2.05813444e-08 
 4.07151555e+06  8.22198201e-08  1.94209607e-08 
 4.30671707e+06  8.25335163e-08  1.83230631e-08 
 4.55550561e+06  8.28887146e-08  1.72841542e-08 
 4.81866605e+06  8.32903542e-08  1.63009447e-08 
 5.09702863e+06  8.37440305e-08  1.53703423e-08 
 5.39147154e+06  8.42560846e-08  1.44894427e-08 
 5.70292370e+06  8.48337070e-08  1.36555214e-08 
 6.03236769e+06  8.54850547e-08  1.28660251e-08 
 6.38084285e+06  8.62193860e-08  1.21185652e-08 
 6.74944857e+06  8.70472125e-08  1.14109103e-08 
 7.13934775e+06  8.79804709e-08  1.07409804e-08 
 7.55177045e+06  8.90327159e-08  1.01068404e-08 
 7.98801781e+06  9.02193318e-08  9.50669381e-09 
 8.44946611e+06  9.15577641e-08  8.93887693e-09 
 8.93757115e+06  9.30677623e-08  8.40185202e-09 
 9.45387283e+06  9.47716263e-08  7.89420028e-09 
 1.00000000e+07  9.66944377e-08  7.41461403e-09 
 1.05776756e+07  9.88642475e-08  6.96188791e-09 
 1.11887221e+07  1.01312173e-07  6.53490900e-09 
 1.18350673e+07  1.04072334e-07  6.13264577e-09 
 1.25187503e+07  1.07181526e-07  5.75413574e-09 
 1.32419279e+07  1.10678478e-07  5.39847221e-09 
 1.40068818e+07  1.14602492e-07  5.06479011e-09 
 1.48160252e+07  1.18991189e-07  4.75225144e-09 
 1.56719108e+07  1.23877043e-07  4.46003103e-09 
 1.65772389e+07  1.29282369e-07  4.18730309e-09 
 1.75348655e+07  1.35212501e-07  3.93322954e-09 
 1.85478119e+07  1.41647218e-07  3.69695077e-09 
 1.96192737e+07  1.48531060e-07  3.47757951e-09 
 2.07526313e+07  1.55764205e-07  3.27419831e-09 
 2.19514602e+07  1.63196864e-07  3.08586093e-09 
 2.32195425e+07  1.70631261e-07  2.91159730e-09 
 2.45608788e+07  1.77835138e-07  2.75042189e-09 
 2.59797009e+07  1.84568289e-07  2.60134448e-09 
 2.74804848e+07  1.90618664e-07  2.46338262e-09 
 2.90679654e+07  1.95838956e-07  2.33557464e-09 
 3.07471508e+07  2.00172059e-07  2.21699221e-09 
 3.25233387e+07  2.03656913e-07  2.10675171e-09 
 3.44021326e+07  2.06414066e-07  2.00402369e-09 
 3.63894599e+07  2.08617851e-07  1.90804002e-09 
 3.84915902e+07  2.10465302e-07  1.81809876e-09 
 4.07151555e+07  2.12150040e-07  1.73356652e-09 
 4.30671707e+07  2.13845070e-07  1.65387879e-09 
 4.55550561e+07  2.15694444e-07  1.57853840e-09 
 4.81866605e+07  2.17811617e-07  1.50711247e-09 
 5.09702863e+07  2.20281852e-07  1.43922829e-09 
 5.39147154e+07  2.23166469e-07  1.37456826e-09 
 5.70292370e+07  2.26507478e-07  1.31286450e-09 
 6.03236769e+07  2.30331817e-07  1.25389310e-09 
 6.38084285e+07  2.34654839e-07  1.19746833e-09 
 6.74944857e+07  2.39482999e-07  1.14343709e-09 
 7.13934775e+07  2.44815807e-07  1.09167358e-09 
 7.55177045e+07  2.50647172e-07  1.04207435e-09 
 7.98801781e+07  2.56966280e-07  9.94553901e-10 
 8.44946611e+07  2.63758127e-07  9.49040670e-10 
 8.93757115e+07  2.71003814e-07  9.05473674e-10 
 9.45387283e+07  2.78680702e-07  8.63799592e-10 
 1.00000000e+08  2.86762484e-07  8.23970391e-10 
