 frequency       inoise_spectrum onoise_spectrum
 1.00000000e+01  3.08441053e-06  9.91601489e-05 
 1.05776756e+01  2.99904506e-06  9.64157496e-05 
 1.11887221e+01  2.91604451e-06  9.37473795e-05 
 1.18350673e+01  2.83534341e-06  9.11529344e-05 
 1.25187503e+01  2.75687815e-06  8.86303683e-05 
 1.32419279e+01  2.68058683e-06  8.61776921e-05 
 1.40068818e+01  2.60640930e-06  8.37929717e-05 
 1.48160252e+01  2.53428708e-06  8.14743267e-05 
 1.56719108e+01  2.46416327e-06  7.92199286e-05 
 1.65772389e+01  2.39598260e-06  7.70279997e-05 
 1.75348655e+01  2.32969128e-06  7.48968115e-05 
 1.85478119e+01  2.26523706e-06  7.28246836e-05 
 1.96192737e+01  2.20256910e-06  7.08099818e-05 
 2.07526313e+01  2.14163799e-06  6.88511175e-05 
 2.19514602e+01  2.08239567e-06  6.69465460e-05 
 2.32195425e+01  2.02479544e-06  6.50947654e-05 
 2.45608788e+01  1.96879187e-06  6.32943154e-05 
 2.59797009e+01  1.91434080e-06  6.15437764e-05 
 2.74804848e+01  1.86139929e-06  5.98417679e-05 
 2.90679654e+01  1.80992560e-06  5.81869477e-05 
 3.07471508e+01  1.75987912e-06  5.65780109e-05 
 3.25233387e+01  1.71122041e-06  5.50136888e-05 
 3.44021326e+01  1.66391109e-06  5.34927478e-05 
 3.63894599e+01  1.61791385e-06  5.20139884e-05 
 3.84915902e+01  1.57319242e-06  5.05762447e-05 
 4.07151555e+01  1.52971153e-06  4.91783828e-05 
 4.30671707e+01  1.48743691e-06  4.78193004e-05 
 4.55550561e+01  1.44633520e-06  4.64979258e-05 
 4.81866605e+01  1.40637401e-06  4.52132170e-05 
 5.09702863e+01  1.36752181e-06  4.39641608e-05 
 5.39147154e+01  1.32974797e-06  4.27497722e-05 
 5.70292370e+01  1.29302271e-06  4.15690937e-05 
 6.03236769e+01  1.25731706e-06  4.04211941e-05 
 6.38084285e+01  1.22260286e-06  3.93051682e-05 
 6.74944857e+01  1.18885275e-06  3.82201359e-05 
 7.13934775e+01  1.15604010e-06  3.71652415e-05 
 7.55177045e+01  1.12413905e-06  3.61396531e-05 
 7.98801781e+01  1.09312443e-06  3.51425618e-05 
 8.44946611e+01  1.06297178e-06  3.41731815e-05 
 8.93757115e+01  1.03365734e-06  3.32307475e-05 
 9.45387283e+01  1.00515797e-06  3.23145166e-05 
 1.00000000e+02  9.77451218e-07  3.14237661e-05 
 1.05776756e+02  9.50515219e-07  3.05577937e-05 
 1.11887221e+02  9.24328735e-07  2.97159162e-05 
 1.18350673e+02  8.98871115e-07  2.88974697e-05 
 1.25187503e+02  8.74122283e-07  2.81018087e-05 
 1.32419279e+02  8.50062721e-07  2.73283055e-05 
 1.40068818e+02  8.26673454e-07  2.65763500e-05 
 1.48160252e+02  8.03936037e-07  2.58453492e-05 
 1.56719108e+02  7.81832537e-07  2.51347263e-05 
 1.65772389e+02  7.60345523e-07  2.44439207e-05 
 1.75348655e+02  7.39458046e-07  2.37723875e-05 
 1.85478119e+02  7.19153633e-07  2.31195969e-05 
 1.96192737e+02  6.99416270e-07  2.24850338e-05 
 2.07526313e+02  6.80230388e-07  2.18681975e-05 
 2.19514602e+02  6.61580855e-07  2.12686013e-05 
 2.32195425e+02  6.43452960e-07  2.06857720e-05 
 2.45608788e+02  6.25832404e-07  2.01192495e-05 
 2.59797009e+02  6.08705285e-07  1.95685868e-05 
 2.74804848e+02  5.92058094e-07  1.90333491e-05 
 2.90679654e+02  5.75877695e-07  1.85131137e-05 
 3.07471508e+02  5.60151325e-07  1.80074700e-05 
 3.25233387e+02  5.44866574e-07  1.75160186e-05 
 3.44021326e+02  5.30011382e-07  1.70383712e-05 
 3.63894599e+02  5.15574025e-07  1.65741505e-05 
 3.84915902e+02  5.01543111e-07  1.61229897e-05 
 4.07151555e+02  4.87907564e-07  1.56845320e-05 
 4.30671707e+02  4.74656622e-07  1.52584308e-05 
 4.55550561e+02  4.61779823e-07  1.48443491e-05 
 4.81866605e+02  4.49267001e-07  1.44419592e-05 
 5.09702863e+02  4.37108275e-07  1.40509426e-05 
 5.39147154e+02  4.25294041e-07  1.36709897e-05 
 5.70292370e+02  4.13814967e-07  1.33017993e-05 
 6.03236769e+02  4.02661983e-07  1.29430789e-05 
 6.38084285e+02  3.91826275e-07  1.25945437e-05 
 6.74944857e+02  3.81299279e-07  1.22559172e-05 
 7.13934775e+02  3.71072669e-07  1.19269303e-05 
 7.55177045e+02  3.61138358e-07  1.16073213e-05 
 7.98801781e+02  3.51488485e-07  1.12968358e-05 
 8.44946611e+02  3.42115412e-07  1.09952264e-05 
 8.93757115e+02  3.33011717e-07  1.07022524e-05 
 9.45387283e+02  3.24170186e-07  1.04176797e-05 
 1.00000000e+03  3.15583812e-07  1.01412806e-05 
 1.05776756e+03  3.07245785e-07  9.87283326e-06 
 1.11887221e+03  2.99149487e-07  9.61212218e-06 
 1.18350673e+03  2.91288487e-07  9.35893739e-06 
 1.25187503e+03  2.83656537e-07  9.11307449e-06 
 1.32419279e+03  2.76247566e-07  8.87433447e-06 
 1.40068818e+03  2.69055672e-07  8.64252344e-06 
 1.48160252e+03  2.62075123e-07  8.41745251e-06 
 1.56719108e+03  2.55300346e-07  8.19893753e-06 
 1.65772389e+03  2.48725926e-07  7.98679895e-06 
 1.75348655e+03  2.42346601e-07  7.78086161e-06 
 1.85478119e+03  2.36157257e-07  7.58095451e-06 
 1.96192737e+03  2.30152921e-07  7.38691067e-06 
 2.07526313e+03  2.24328762e-07  7.19856690e-06 
 2.19514602e+03  2.18680082e-07  7.01576359e-06 
 2.32195425e+03  2.13202314e-07  6.83834455e-06 
 2.45608788e+03  2.07891018e-07  6.66615674e-06 
 2.59797009e+03  2.02741875e-07  6.49905010e-06 
 2.74804848e+03  1.97750687e-07  6.33687733e-06 
 2.90679654e+03  1.92913369e-07  6.17949365e-06 
 3.07471508e+03  1.88225946e-07  6.02675660e-06 
 3.25233387e+03  1.83684551e-07  5.87852578e-06 
 3.44021326e+03  1.79285422e-07  5.73466261e-06 
 3.63894599e+03  1.75024895e-07  5.59503010e-06 
 3.84915902e+03  1.70899402e-07  5.45949259e-06 
 4.07151555e+03  1.66905469e-07  5.32791549e-06 
 4.30671707e+03  1.63039712e-07  5.20016501e-06 
 4.55550561e+03  1.59298831e-07  5.07610788e-06 
 4.81866605e+03  1.55679610e-07  4.95561110e-06 
 5.09702863e+03  1.52178914e-07  4.83854162e-06 
 5.39147154e+03  1.48793682e-07  4.72476613e-06 
 5.70292370e+03  1.45520928e-07  4.61415070e-06 
 6.03236769e+03  1.42357737e-07  4.50656057e-06 
 6.38084285e+03  1.39301261e-07  4.40185989e-06 
 6.74944857e+03  1.36348717e-07  4.29991145e-06 
 7.13934775e+03  1.33497384e-07  4.20057652e-06 
 7.55177045e+03  1.30744601e-07  4.10371463e-06 
 7.98801781e+03  1.28087763e-07  4.00918347e-06 
 8.44946611e+03  1.25524322e-07  3.91683882e-06 
 8.93757115e+03  1.23051781e-07  3.82653459e-06 
 9.45387283e+03  1.20667692e-07  3.73812288e-06 
 1.00000000e+04  1.18369656e-07  3.65145424e-06 
 1.05776756e+04  1.16155323e-07  3.56637804e-06 
 1.11887221e+04  1.14022383e-07  3.48274292e-06 
 1.18350673e+04  1.11968572e-07  3.40039757e-06 
 1.25187503e+04  1.09991666e-07  3.31919155e-06 
 1.32419279e+04  1.08089481e-07  3.23897643e-06 
 1.40068818e+04  1.06259871e-07  3.15960712e-06 
 1.48160252e+04  1.04500730e-07  3.08094341e-06 
 1.56719108e+04  1.02809985e-07  3.00285178e-06 
 1.65772389e+04  1.01185600e-07  2.92520739e-06 
 1.75348655e+04  9.96255768e-08  2.84789623e-06 
 1.85478119e+04  9.81279471e-08  2.77081738e-06 
 1.96192737e+04  9.66907792e-08  2.69388537e-06 
 2.07526313e+04  9.53121742e-08  2.61703243e-06 
 2.19514602e+04  9.39902668e-08  2.54021059e-06 
 2.32195425e+04  9.27232249e-08  2.46339352e-06 
 2.45608788e+04  9.15092494e-08  2.38657799e-06 
 2.59797009e+04  9.03465747e-08  2.30978475e-06 
 2.74804848e+04  8.92334683e-08  2.23305882e-06 
 2.90679654e+04  8.81682314e-08  2.15646902e-06 
 3.07471508e+04  8.71491990e-08  2.08010683e-06 
 3.25233387e+04  8.61747399e-08  2.00408434e-06 
 3.44021326e+04  8.52432574e-08  1.92853161e-06 
 3.63894599e+04  8.43531894e-08  1.85359334e-06 
 3.84915902e+04  8.35030087e-08  1.77942505e-06 
 4.07151555e+04  8.26912235e-08  1.70618891e-06 
 4.30671707e+04  8.19163772e-08  1.63404952e-06 
 4.55550561e+04  8.11770494e-08  1.56316965e-06 
 4.81866605e+04  8.04718555e-08  1.49370631e-06 
 5.09702863e+04  7.97994473e-08  1.42580716e-06 
 5.39147154e+04  7.91585128e-08  1.35960748e-06 
 5.70292370e+04  7.85477766e-08  1.29522775e-06 
 6.03236769e+04  7.79659999e-08  1.23277194e-06 
 6.38084285e+04  7.74119804e-08  1.17232630e-06 
 6.74944857e+04  7.68845522e-08  1.11395898e-06 
 7.13934775e+04  7.63825857e-08  1.05772004e-06 
 7.55177045e+04  7.59049877e-08  1.00364204e-06 
 7.98801781e+04  7.54507006e-08  9.51740984e-07 
 8.44946611e+04  7.50187024e-08  9.02017536e-07 
 8.93757115e+04  7.46080064e-08  8.54458489e-07 
 9.45387283e+04  7.42176606e-08  8.09038329e-07 
 1.00000000e+05  7.38467474e-08  7.65720850e-07 
 1.05776756e+05  7.34943827e-08  7.24460765e-07 
 1.11887221e+05  7.31597159e-08  6.85205265e-07 
 1.18350673e+05  7.28419287e-08  6.47895480e-07 
 1.25187503e+05  7.25402348e-08  6.12467837e-07 
 1.32419279e+05  7.22538793e-08  5.78855279e-07 
 1.40068818e+05  7.19821376e-08  5.46988362e-07 
 1.48160252e+05  7.17243150e-08  5.16796203e-07 
 1.56719108e+05  7.14797456e-08  4.88207308e-07 
 1.65772389e+05  7.12477922e-08  4.61150271e-07 
 1.75348655e+05  7.10278446e-08  4.35554356e-07 
 1.85478119e+05  7.08193195e-08  4.11349979e-07 
 1.96192737e+05  7.06216596e-08  3.88469093e-07 
 2.07526313e+05  7.04343324e-08  3.66845491e-07 
 2.19514602e+05  7.02568300e-08  3.46415039e-07 
 2.32195425e+05  7.00886679e-08  3.27115845e-07 
 2.45608788e+05  6.99293843e-08  3.08888374e-07 
 2.59797009e+05  6.97785395e-08  2.91675526e-07 
 2.74804848e+05  6.96357151e-08  2.75422664e-07 
 2.90679654e+05  6.95005132e-08  2.60077626e-07 
 3.07471508e+05  6.93725558e-08  2.45590704e-07 
 3.25233387e+05  6.92514840e-08  2.31914601e-07 
 3.44021326e+05  6.91369576e-08  2.19004385e-07 
 3.63894599e+05  6.90286542e-08  2.06817414e-07 
 3.84915902e+05  6.89262687e-08  1.95313268e-07 
 4.07151555e+05  6.88295131e-08  1.84453667e-07 
 4.30671707e+05  6.87381155e-08  1.74202383e-07 
 4.55550561e+05  6.86518196e-08  1.64525154e-07 
 4.81866605e+05  6.85703849e-08  1.55389599e-07 
 5.09702863e+05  6.84935856e-08  1.46765125e-07 
 5.39147154e+05  6.84212108e-08  1.38622841e-07 
 5.70292370e+05  6.83530637e-08  1.30935476e-07 
 6.03236769e+05  6.82889618e-08  1.23677288e-07 
 6.38084285e+05  6.82287366e-08  1.16823994e-07 
 6.74944857e+05  6.81722333e-08  1.10352680e-07 
 7.13934775e+05  6.81193109e-08  1.04241736e-07 
 7.55177045e+05  6.80698422e-08  9.84707789e-08 
 7.98801781e+05  6.80237139e-08  9.30205868e-08 
 8.44946611e+05  6.79808266e-08  8.78730319e-08 
 8.93757115e+05  6.79410954e-08  8.30110194e-08 
 9.45387283e+05  6.79044499e-08  7.84184291e-08 
 1.00000000e+06  6.78708349e-08  7.40800589e-08 
 1.05776756e+06  6.78402108e-08  6.99815727e-08 
 1.11887221e+06  6.78125543e-08  6.61094505e-08 
 1.18350673e+06  6.77878593e-08  6.24509409e-08 
 1.25187503e+06  6.77661380e-08  5.89940174e-08 
 1.32419279e+06  6.77474217e-08  5.57273360e-08 
 1.40068818e+06  6.77317622e-08  5.26401962e-08 
 1.48160252e+06  6.77192337e-08  4.97225035e-08 
 1.56719108e+06  6.77099338e-08  4.69647349e-08 
 1.65772389e+06  6.77039859e-08  4.43579059e-08 
 1.75348655e+06  6.77015414e-08  4.18935395e-08 
 1.85478119e+06  6.77027818e-08  3.95636376e-08 
 1.96192737e+06  6.77079219e-08  3.73606535e-08 
 2.07526313e+06  6.77172123e-08  3.52774665e-08 
 2.19514602e+06  6.77309435e-08  3.33073582e-08 
 2.32195425e+06  6.77494489e-08  3.14439899e-08 
 2.45608788e+06  6.77731096e-08  2.96813819e-08 
 2.59797009e+06  6.78023587e-08  2.80138941e-08 
 2.74804848e+06  6.78376862e-08  2.64362073e-08 
 2.90679654e+06  6.78796447e-08  2.49433069e-08 
 3.07471508e+06  6.79288553e-08  2.35304667e-08 
 3.25233387e+06  6.79860139e-08  2.21932344e-08 
 3.44021326e+06  6.80518978e-08  2.09274181e-08 
 3.63894599e+06  6.81273736e-08  1.97290736e-08 
 3.84915902e+06  6.82134041e-08  1.85944925e-08 
 4.07151555e+06  6.83110561e-08  1.75201916e-08 
 4.30671707e+06  6.84215090e-08  1.65029025e-08 
 4.55550561e+06  6.85460618e-08  1.55395623e-08 
 4.81866605e+06  6.86861408e-08  1.46273040e-08 
 5.09702863e+06  6.88433062e-08  1.37634484e-08 
 5.39147154e+06  6.90192575e-08  1.29454948e-08 
 5.70292370e+06  6.92158368e-08  1.21711130e-08 
 6.03236769e+06  6.94350299e-08  1.14381343e-08 
 6.38084285e+06  6.96789627e-08  1.07445428e-08 
 6.74944857e+06  6.99498943e-08  1.00884653e-08 
 7.13934775e+06  7.02502025e-08  9.46816174e-09 
 7.55177045e+06  7.05823621e-08  8.88201406e-09 
 7.98801781e+06  7.09489128e-08  8.32851467e-09 
 8.44946611e+06  7.13524167e-08  7.80625411e-09 
 8.93757115e+06  7.17954008e-08  7.31390820e-09 
 9.45387283e+06  7.22802849e-08  6.85022468e-09 
 1.00000000e+07  7.28092925e-08  6.41400993e-09 
 1.05776756e+07  7.33843441e-08  6.00411583e-09 
 1.11887221e+07  7.40069335e-08  5.61942754e-09 
 1.18350673e+07  7.46779889e-08  5.25885244e-09 
 1.25187503e+07  7.53977224e-08  4.92131074e-09 
 1.32419279e+07  7.61654746e-08  4.60572828e-09 
 1.40068818e+07  7.69795617e-08  4.31103165e-09 
 1.48160252e+07  7.78371368e-08  4.03614595e-09 
 1.56719108e+07  7.87340766e-08  3.77999507e-09 
 1.65772389e+07  7.96649062e-08  3.54150444e-09 
 1.75348655e+07  8.06227748e-08  3.31960574e-09 
 1.85478119e+07  8.15994911e-08  3.11324326e-09 
 1.96192737e+07  8.25856236e-08  2.92138130e-09 
 2.07526313e+07  8.35706653e-08  2.74301188e-09 
 2.19514602e+07  8.45432583e-08  2.57716241e-09 
 2.32195425e+07  8.54914627e-08  2.42290253e-09 
 2.45608788e+07  8.64030552e-08  2.27934995e-09 
 2.59797009e+07  8.72658366e-08  2.14567483e-09 
 2.74804848e+07  8.80679268e-08  2.02110271e-09 
 2.90679654e+07  8.87980301e-08  1.90491589e-09 
 3.07471508e+07  8.94456572e-08  1.79645336e-09 
 3.25233387e+07  9.00012950e-08  1.69510954e-09 
 3.44021326e+07  9.04565230e-08  1.60033201e-09 
 3.63894599e+07  9.08040796e-08  1.51161848e-09 
 3.84915902e+07  9.10378878e-08  1.42851326e-09 
 4.07151555e+07  9.11530477e-08  1.35060348e-09 
 4.30671707e+07  9.11458118e-08  1.27751518e-09 
 4.55550561e+07  9.10135499e-08  1.20890950e-09 
 4.81866605e+07  9.07547150e-08  1.14447900e-09 
 5.09702863e+07  9.03688159e-08  1.08394430e-09 
 5.39147154e+07  8.98563988e-08  1.02705087e-09 
 5.70292370e+07  8.92190387e-08  9.73566281e-10 
 6.03236769e+07  8.84593384e-08  9.23277615e-10 
 6.38084285e+07  8.75809291e-08  8.75989261e-10 
 6.74944857e+07  8.65884667e-08  8.31520922e-10 
 7.13934775e+07  8.54876187e-08  7.89705874e-10 
 7.55177045e+07  8.42850321e-08  7.50389445e-10 
 7.98801781e+07  8.29882799e-08  7.13427672e-10 
 8.44946611e+07  8.16057802e-08  6.78686133e-10 
 8.93757115e+07  8.01466884e-08  6.46038918e-10 
 9.45387283e+07  7.86207618e-08  6.15367729e-10 
 1.00000000e+08  7.70382013e-08  5.86561107e-10 
