 frequency       AmagdB          Aphdeg         
 1.00000000e+01  3.01432999e+01 -1.68494643e-02 
 1.05776756e+01  3.01432998e+01 -1.78228166e-02 
 1.11887221e+01  3.01432998e+01 -1.88523972e-02 
 1.18350673e+01  3.01432997e+01 -1.99414541e-02 
 1.25187503e+01  3.01432997e+01 -2.10934232e-02 
 1.32419279e+01  3.01432996e+01 -2.23119386e-02 
 1.40068818e+01  3.01432995e+01 -2.36008448e-02 
 1.48160252e+01  3.01432994e+01 -2.49642078e-02 
 1.56719108e+01  3.01432993e+01 -2.64063290e-02 
 1.65772389e+01  3.01432992e+01 -2.79317580e-02 
 1.75348655e+01  3.01432991e+01 -2.95453072e-02 
 1.85478119e+01  3.01432990e+01 -3.12520672e-02 
 1.96192737e+01  3.01432988e+01 -3.30574225e-02 
 2.07526313e+01  3.01432986e+01 -3.49670687e-02 
 2.19514602e+01  3.01432984e+01 -3.69870304e-02 
 2.32195425e+01  3.01432982e+01 -3.91236802e-02 
 2.45608788e+01  3.01432980e+01 -4.13837590e-02 
 2.59797009e+01  3.01432977e+01 -4.37743969e-02 
 2.74804848e+01  3.01432974e+01 -4.63031360e-02 
 2.90679654e+01  3.01432971e+01 -4.89779539e-02 
 3.07471508e+01  3.01432967e+01 -5.18072893e-02 
 3.25233387e+01  3.01432963e+01 -5.48000683e-02 
 3.44021326e+01  3.01432958e+01 -5.79657324e-02 
 3.63894599e+01  3.01432953e+01 -6.13142689e-02 
 3.84915902e+01  3.01432947e+01 -6.48562417e-02 
 4.07151555e+01  3.01432940e+01 -6.86028251e-02 
 4.30671707e+01  3.01432933e+01 -7.25658389e-02 
 4.55550561e+01  3.01432925e+01 -7.67577855e-02 
 4.81866605e+01  3.01432916e+01 -8.11918897e-02 
 5.09702863e+01  3.01432905e+01 -8.58821403e-02 
 5.39147154e+01  3.01432894e+01 -9.08433340e-02 
 5.70292370e+01  3.01432881e+01 -9.60911223e-02 
 6.03236769e+01  3.01432866e+01 -1.01642061e-01 
 6.38084285e+01  3.01432850e+01 -1.07513661e-01 
 6.74944857e+01  3.01432832e+01 -1.13724447e-01 
 7.13934775e+01  3.01432812e+01 -1.20294013e-01 
 7.55177045e+01  3.01432789e+01 -1.27243082e-01 
 7.98801781e+01  3.01432764e+01 -1.34593578e-01 
 8.44946611e+01  3.01432735e+01 -1.42368690e-01 
 8.93757115e+01  3.01432704e+01 -1.50592945e-01 
 9.45387283e+01  3.01432668e+01 -1.59292289e-01 
 1.00000000e+02  3.01432628e+01 -1.68494165e-01 
 1.05776756e+02  3.01432584e+01 -1.78227601e-01 
 1.11887221e+02  3.01432534e+01 -1.88523303e-01 
 1.18350673e+02  3.01432479e+01 -1.99413749e-01 
 1.25187503e+02  3.01432416e+01 -2.10933294e-01 
 1.32419279e+02  3.01432347e+01 -2.23118277e-01 
 1.40068818e+02  3.01432269e+01 -2.36007134e-01 
 1.48160252e+02  3.01432181e+01 -2.49640524e-01 
 1.56719108e+02  3.01432084e+01 -2.64061451e-01 
 1.65772389e+02  3.01431975e+01 -2.79315403e-01 
 1.75348655e+02  3.01431852e+01 -2.95450496e-01 
 1.85478119e+02  3.01431716e+01 -3.12517623e-01 
 1.96192737e+02  3.01431563e+01 -3.30570616e-01 
 2.07526313e+02  3.01431392e+01 -3.49666416e-01 
 2.19514602e+02  3.01431200e+01 -3.69865249e-01 
 2.32195425e+02  3.01430986e+01 -3.91230820e-01 
 2.45608788e+02  3.01430746e+01 -4.13830510e-01 
 2.59797009e+02  3.01430478e+01 -4.37735590e-01 
 2.74804848e+02  3.01430178e+01 -4.63021443e-01 
 2.90679654e+02  3.01429842e+01 -4.89767803e-01 
 3.07471508e+02  3.01429467e+01 -5.18059003e-01 
 3.25233387e+02  3.01429046e+01 -5.47984244e-01 
 3.44021326e+02  3.01428576e+01 -5.79637869e-01 
 3.63894599e+02  3.01428050e+01 -6.13119664e-01 
 3.84915902e+02  3.01427461e+01 -6.48535167e-01 
 4.07151555e+02  3.01426803e+01 -6.85996000e-01 
 4.30671707e+02  3.01426066e+01 -7.25620220e-01 
 4.55550561e+02  3.01425241e+01 -7.67532682e-01 
 4.81866605e+02  3.01424319e+01 -8.11865436e-01 
 5.09702863e+02  3.01423286e+01 -8.58758132e-01 
 5.39147154e+02  3.01422132e+01 -9.08358460e-01 
 5.70292370e+02  3.01420840e+01 -9.60822603e-01 
 6.03236769e+02  3.01419394e+01 -1.01631573e+00 
 6.38084285e+02  3.01417777e+01 -1.07501249e+00 
 6.74944857e+02  3.01415967e+01 -1.13709758e+00 
 7.13934775e+02  3.01413942e+01 -1.20276628e+00 
 7.55177045e+02  3.01411677e+01 -1.27222508e+00 
 7.98801781e+02  3.01409143e+01 -1.34569229e+00 
 8.44946611e+02  3.01406308e+01 -1.42339874e+00 
 8.93757115e+02  3.01403135e+01 -1.50558843e+00 
 9.45387283e+02  3.01399586e+01 -1.59251930e+00 
 1.00000000e+03  3.01395616e+01 -1.68446403e+00 
 1.05776756e+03  3.01391174e+01 -1.78171077e+00 
 1.11887221e+03  3.01386204e+01 -1.88456412e+00 
 1.18350673e+03  3.01380644e+01 -1.99334589e+00 
 1.25187503e+03  3.01374425e+01 -2.10839616e+00 
 1.32419279e+03  3.01367467e+01 -2.23007419e+00 
 1.40068818e+03  3.01359683e+01 -2.35875947e+00 
 1.48160252e+03  3.01350975e+01 -2.49485282e+00 
 1.56719108e+03  3.01341235e+01 -2.63877746e+00 
 1.65772389e+03  3.01330339e+01 -2.79098020e+00 
 1.75348655e+03  3.01318152e+01 -2.95193265e+00 
 1.85478119e+03  3.01304519e+01 -3.12213247e+00 
 1.96192737e+03  3.01289271e+01 -3.30210462e+00 
 2.07526313e+03  3.01272217e+01 -3.49240272e+00 
 2.19514602e+03  3.01253144e+01 -3.69361039e+00 
 2.32195425e+03  3.01231813e+01 -3.90634262e+00 
 2.45608788e+03  3.01207959e+01 -4.13124715e+00 
 2.59797009e+03  3.01181285e+01 -4.36900588e+00 
 2.74804848e+03  3.01151460e+01 -4.62033624e+00 
 2.90679654e+03  3.01118113e+01 -4.88599257e+00 
 3.07471508e+03  3.01080833e+01 -5.16676741e+00 
 3.25233387e+03  3.01039159e+01 -5.46349280e+00 
 3.44021326e+03  3.00992579e+01 -5.77704138e+00 
 3.63894599e+03  3.00940520e+01 -6.10832745e+00 
 3.84915902e+03  3.00882348e+01 -6.45830783e+00 
 4.07151555e+03  3.00817352e+01 -6.82798253e+00 
 4.30671707e+03  3.00744745e+01 -7.21839506e+00 
 4.55550561e+03  3.00663651e+01 -7.63063258e+00 
 4.81866605e+03  3.00573096e+01 -8.06582544e+00 
 5.09702863e+03  3.00472000e+01 -8.52514641e+00 
 5.39147154e+03  3.00359165e+01 -9.00980918e+00 
 5.70292370e+03  3.00233264e+01 -9.52106630e+00 
 6.03236769e+03  3.00092827e+01 -1.00602061e+01 
 6.38084285e+03  2.99936233e+01 -1.06285490e+01 
 6.74944857e+03  2.99761691e+01 -1.12274421e+01 
 7.13934775e+03  2.99567229e+01 -1.18582534e+01 
 7.55177045e+03  2.99350678e+01 -1.25223634e+01 
 7.98801781e+03  2.99109658e+01 -1.32211563e+01 
 8.44946611e+03  2.98841563e+01 -1.39560083e+01 
 8.93757115e+03  2.98543548e+01 -1.47282746e+01 
 9.45387283e+03  2.98212514e+01 -1.55392739e+01 
 1.00000000e+04  2.97845095e+01 -1.63902704e+01 
 1.05776756e+04  2.97437652e+01 -1.72824536e+01 
 1.11887221e+04  2.96986261e+01 -1.82169156e+01 
 1.18350673e+04  2.96486712e+01 -1.91946255e+01 
 1.25187503e+04  2.95934507e+01 -2.02164015e+01 
 1.32419279e+04  2.95324872e+01 -2.12828812e+01 
 1.40068818e+04  2.94652760e+01 -2.23944892e+01 
 1.48160252e+04  2.93912880e+01 -2.35514041e+01 
 1.56719108e+04  2.93099721e+01 -2.47535249e+01 
 1.65772389e+04  2.92207590e+01 -2.60004370e+01 
 1.75348655e+04  2.91230662e+01 -2.72913810e+01 
 1.85478119e+04  2.90163038e+01 -2.86252230e+01 
 1.96192737e+04  2.88998810e+01 -3.00004298e+01 
 2.07526313e+04  2.87732146e+01 -3.14150504e+01 
 2.19514602e+04  2.86357368e+01 -3.28667046e+01 
 2.32195425e+04  2.84869053e+01 -3.43525801e+01 
 2.45608788e+04  2.83262128e+01 -3.58694413e+01 
 2.59797009e+04  2.81531964e+01 -3.74136479e+01 
 2.74804848e+04  2.79674478e+01 -3.89811863e+01 
 2.90679654e+04  2.77686219e+01 -4.05677125e+01 
 3.07471508e+04  2.75564448e+01 -4.21686061e+01 
 3.25233387e+04  2.73307203e+01 -4.37790336e+01 
 3.44021326e+04  2.70913345e+01 -4.53940202e+01 
 3.63894599e+04  2.68382591e+01 -4.70085268e+01 
 3.84915902e+04  2.65715515e+01 -4.86175285e+01 
 4.07151555e+04  2.62913539e+01 -5.02160944e+01 
 4.30671707e+04  2.59978895e+01 -5.17994621e+01 
 4.55550561e+04  2.56914571e+01 -5.33631070e+01 
 4.81866605e+04  2.53724240e+01 -5.49028031e+01 
 5.09702863e+04  2.50412182e+01 -5.64146734e+01 
 5.39147154e+04  2.46983184e+01 -5.78952282e+01 
 5.70292370e+04  2.43442449e+01 -5.93413931e+01 
 6.03236769e+04  2.39795497e+01 -6.07505236e+01 
 6.38084285e+04  2.36048066e+01 -6.21204103e+01 
 6.74944857e+04  2.32206022e+01 -6.34492727e+01 
 7.13934775e+04  2.28275275e+01 -6.47357456e+01 
 7.55177045e+04  2.24261706e+01 -6.59788581e+01 
 7.98801781e+04  2.20171099e+01 -6.71780070e+01 
 8.44946611e+04  2.16009087e+01 -6.83329271e+01 
 8.93757115e+04  2.11781107e+01 -6.94436584e+01 
 9.45387283e+04  2.07492367e+01 -7.05105126e+01 
 1.00000000e+05  2.03147820e+01 -7.15340395e+01 
 1.05776756e+05  1.98752145e+01 -7.25149946e+01 
 1.11887221e+05  1.94309736e+01 -7.34543074e+01 
 1.18350673e+05  1.89824703e+01 -7.43530529e+01 
 1.25187503e+05  1.85300866e+01 -7.52124240e+01 
 1.32419279e+05  1.80741766e+01 -7.60337077e+01 
 1.40068818e+05  1.76150669e+01 -7.68182633e+01 
 1.48160252e+05  1.71530581e+01 -7.75675030e+01 
 1.56719108e+05  1.66884256e+01 -7.82828750e+01 
 1.65772389e+05  1.62214211e+01 -7.89658495e+01 
 1.75348655e+05  1.57522745e+01 -7.96179061e+01 
 1.85478119e+05  1.52811946e+01 -8.02405235e+01 
 1.96192737e+05  1.48083710e+01 -8.08351711e+01 
 2.07526313e+05  1.43339757e+01 -8.14033021e+01 
 2.19514602e+05  1.38581637e+01 -8.19463478e+01 
 2.32195425e+05  1.33810755e+01 -8.24657137e+01 
 2.45608788e+05  1.29028372e+01 -8.29627758e+01 
 2.59797009e+05  1.24235623e+01 -8.34388788e+01 
 2.74804848e+05  1.19433527e+01 -8.38953346e+01 
 2.90679654e+05  1.14622996e+01 -8.43334211e+01 
 3.07471508e+05  1.09804846e+01 -8.47543827e+01 
 3.25233387e+05  1.04979802e+01 -8.51594300e+01 
 3.44021326e+05  1.00148509e+01 -8.55497408e+01 
 3.63894599e+05  9.53115393e+00 -8.59264612e+01 
 3.84915902e+05  9.04693956e+00 -8.62907065e+01 
 4.07151555e+05  8.56225192e+00 -8.66435635e+01 
 4.30671707e+05  8.07712939e+00 -8.69860914e+01 
 4.55550561e+05  7.59160508e+00 -8.73193241e+01 
 4.81866605e+05  7.10570718e+00 -8.76442722e+01 
 5.09702863e+05  6.61945933e+00 -8.79619251e+01 
 5.39147154e+05  6.13288082e+00 -8.82732526e+01 
 5.70292370e+05  5.64598690e+00 -8.85792078e+01 
 6.03236769e+05  5.15878889e+00 -8.88807289e+01 
 6.38084285e+05  4.67129437e+00 -8.91787414e+01 
 6.74944857e+05  4.18350724e+00 -8.94741603e+01 
 7.13934775e+05  3.69542776e+00 -8.97678926e+01 
 7.55177045e+05  3.20705259e+00 -9.00608389e+01 
 7.98801781e+05  2.71837471e+00 -9.03538961e+01 
 8.44946611e+05  2.22938340e+00 -9.06479589e+01 
 8.93757115e+05  1.74006405e+00 -9.09439222e+01 
 9.45387283e+05  1.25039805e+00 -9.12426830e+01 
 1.00000000e+06  7.60362539e-01 -9.15451420e+01 
 1.05776756e+06  2.69930193e-01 -9.18522053e+01 
 1.11887221e+06 -2.20931120e-01 -9.21647861e+01 
 1.18350673e+06 -7.12258671e-01 -9.24838061e+01 
 1.25187503e+06 -1.20409528e+00 -9.28101963e+01 
 1.32419279e+06 -1.69648978e+00 -9.31448984e+01 
 1.40068818e+06 -2.18949753e+00 -9.34888649e+01 
 1.48160252e+06 -2.68318097e+00 -9.38430599e+01 
 1.56719108e+06 -3.17761028e+00 -9.42084583e+01 
 1.65772389e+06 -3.67286404e+00 -9.45860457e+01 
 1.75348655e+06 -4.16903003e+00 -9.49768169e+01 
 1.85478119e+06 -4.66620596e+00 -9.53817741e+01 
 1.96192737e+06 -5.16450040e+00 -9.58019241e+01 
 2.07526313e+06 -5.66403366e+00 -9.62382749e+01 
 2.19514602e+06 -6.16493876e+00 -9.66918309e+01 
 2.32195425e+06 -6.66736238e+00 -9.71635872e+01 
 2.45608788e+06 -7.17146590e+00 -9.76545226e+01 
 2.59797009e+06 -7.67742640e+00 -9.81655906e+01 
 2.74804848e+06 -8.18543756e+00 -9.86977093e+01 
 2.90679654e+06 -8.69571061e+00 -9.92517490e+01 
 3.07471508e+06 -9.20847512e+00 -9.98285179e+01 
 3.25233387e+06 -9.72397956e+00 -1.00428746e+02 
 3.44021326e+06 -1.02424918e+01 -1.01053065e+02 
 3.63894599e+06 -1.07642991e+01 -1.01701989e+02 
 3.84915902e+06 -1.12897079e+01 -1.02375889e+02 
 4.07151555e+06 -1.18190430e+01 -1.03074966e+02 
 4.30671707e+06 -1.23526463e+01 -1.03799227e+02 
 4.55550561e+06 -1.28908745e+01 -1.04548447e+02 
 4.81866605e+06 -1.34340965e+01 -1.05322146e+02 
 5.09702863e+06 -1.39826892e+01 -1.06119549e+02 
 5.39147154e+06 -1.45370326e+01 -1.06939558e+02 
 5.70292370e+06 -1.50975036e+01 -1.07780721e+02 
 6.03236769e+06 -1.56644687e+01 -1.08641203e+02 
 6.38084285e+06 -1.62382747e+01 -1.09518764e+02 
 6.74944857e+06 -1.68192392e+01 -1.10410740e+02 
 7.13934775e+06 -1.74076382e+01 -1.11314040e+02 
 7.55177045e+06 -1.80036946e+01 -1.12225150e+02 
 7.98801781e+06 -1.86075638e+01 -1.13140148e+02 
 8.44946611e+06 -1.92193201e+01 -1.14054739e+02 
 8.93757115e+06 -1.98389424e+01 -1.14964311e+02 
 9.45387283e+06 -2.04663008e+01 -1.15864001e+02 
 1.00000000e+07 -2.11011437e+01 -1.16748793e+02 
 1.05776756e+07 -2.17430871e+01 -1.17613621e+02 
 1.11887221e+07 -2.23916067e+01 -1.18453508e+02 
 1.18350673e+07 -2.30460326e+01 -1.19263699e+02 
 1.25187503e+07 -2.37055488e+01 -1.20039830e+02 
 1.32419279e+07 -2.43691968e+01 -1.20778077e+02 
 1.40068818e+07 -2.50358845e+01 -1.21475322e+02 
 1.48160252e+07 -2.57043998e+01 -1.22129305e+02 
 1.56719108e+07 -2.63734301e+01 -1.22738752e+02 
 1.65772389e+07 -2.70415852e+01 -1.23303483e+02 
 1.75348655e+07 -2.77074247e+01 -1.23824487e+02 
 1.85478119e+07 -2.83694879e+01 -1.24303951e+02 
 1.96192737e+07 -2.90263242e+01 -1.24745246e+02 
 2.07526313e+07 -2.96765234e+01 -1.25152866e+02 
 2.19514602e+07 -3.03187439e+01 -1.25532323e+02 
 2.32195425e+07 -3.09517361e+01 -1.25889997e+02 
 2.45608788e+07 -3.15743618e+01 -1.26232958e+02 
 2.59797009e+07 -3.21856070e+01 -1.26568760e+02 
 2.74804848e+07 -3.27845878e+01 -1.26905221e+02 
 2.90679654e+07 -3.33705505e+01 -1.27250210e+02 
 3.07471508e+07 -3.39428663e+01 -1.27611436e+02 
 3.25233387e+07 -3.45010198e+01 -1.27996257e+02 
 3.44021326e+07 -3.50445959e+01 -1.28411515e+02 
 3.63894599e+07 -3.55732634e+01 -1.28863397e+02 
 3.84915902e+07 -3.60867579e+01 -1.29357330e+02 
 4.07151555e+07 -3.65848666e+01 -1.29897897e+02 
 4.30671707e+07 -3.70674130e+01 -1.30488787e+02 
 4.55550561e+07 -3.75342453e+01 -1.31132766e+02 
 4.81866605e+07 -3.79852273e+01 -1.31831668e+02 
 5.09702863e+07 -3.84202325e+01 -1.32586400e+02 
 5.39147154e+07 -3.88391411e+01 -1.33396971e+02 
 5.70292370e+07 -3.92418403e+01 -1.34262523e+02 
 6.03236769e+07 -3.96282276e+01 -1.35181378e+02 
 6.38084285e+07 -3.99982153e+01 -1.36151094e+02 
 6.74944857e+07 -4.03517374e+01 -1.37168533e+02 
 7.13934775e+07 -4.06887570e+01 -1.38229932e+02 
 7.55177045e+07 -4.10092748e+01 -1.39330987e+02 
 7.98801781e+07 -4.13133362e+01 -1.40466941e+02 
 8.44946611e+07 -4.16010389e+01 -1.41632680e+02 
 8.93757115e+07 -4.18725380e+01 -1.42822833e+02 
 9.45387283e+07 -4.21280506e+01 -1.44031867e+02 
 1.00000000e+08 -4.23678574e+01 -1.45254194e+02 
