 v-sweep         Vout           
-6.00000000e-01  1.72868951e-01 
-5.99000000e-01  1.73315354e-01 
-5.98000000e-01  1.73762118e-01 
-5.97000000e-01  1.74209120e-01 
-5.96000000e-01  1.74656361e-01 
-5.95000000e-01  1.75103839e-01 
-5.94000000e-01  1.75551555e-01 
-5.93000000e-01  1.75999507e-01 
-5.92000000e-01  1.76447694e-01 
-5.91000000e-01  1.76896118e-01 
-5.90000000e-01  1.77344775e-01 
-5.89000000e-01  1.77793668e-01 
-5.88000000e-01  1.78242793e-01 
-5.87000000e-01  1.78692152e-01 
-5.86000000e-01  1.79141743e-01 
-5.85000000e-01  1.79591567e-01 
-5.84000000e-01  1.80041621e-01 
-5.83000000e-01  1.80491907e-01 
-5.82000000e-01  1.80942423e-01 
-5.81000000e-01  1.81393168e-01 
-5.80000000e-01  1.81844143e-01 
-5.79000000e-01  1.82295346e-01 
-5.78000000e-01  1.82746777e-01 
-5.77000000e-01  1.83198436e-01 
-5.76000000e-01  1.83650322e-01 
-5.75000000e-01  1.84102435e-01 
-5.74000000e-01  1.84554773e-01 
-5.73000000e-01  1.85007337e-01 
-5.72000000e-01  1.85460126e-01 
-5.71000000e-01  1.85913139e-01 
-5.70000000e-01  1.86366376e-01 
-5.69000000e-01  1.86819837e-01 
-5.68000000e-01  1.87273520e-01 
-5.67000000e-01  1.87727425e-01 
-5.66000000e-01  1.88181552e-01 
-5.65000000e-01  1.88635901e-01 
-5.64000000e-01  1.89090470e-01 
-5.63000000e-01  1.89545259e-01 
-5.62000000e-01  1.90000268e-01 
-5.61000000e-01  1.90455496e-01 
-5.60000000e-01  1.90910943e-01 
-5.59000000e-01  1.91366608e-01 
-5.58000000e-01  1.91822491e-01 
-5.57000000e-01  1.92278591e-01 
-5.56000000e-01  1.92734907e-01 
-5.55000000e-01  1.93191440e-01 
-5.54000000e-01  1.93648188e-01 
-5.53000000e-01  1.94105151e-01 
-5.52000000e-01  1.94562329e-01 
-5.51000000e-01  1.95019721e-01 
-5.50000000e-01  1.95477327e-01 
-5.49000000e-01  1.95935145e-01 
-5.48000000e-01  1.96393177e-01 
-5.47000000e-01  1.96851420e-01 
-5.46000000e-01  1.97309875e-01 
-5.45000000e-01  1.97768541e-01 
-5.44000000e-01  1.98227417e-01 
-5.43000000e-01  1.98686504e-01 
-5.42000000e-01  1.99145800e-01 
-5.41000000e-01  1.99605305e-01 
-5.40000000e-01  2.00065018e-01 
-5.39000000e-01  2.00524940e-01 
-5.38000000e-01  2.00985069e-01 
-5.37000000e-01  2.01445405e-01 
-5.36000000e-01  2.01905947e-01 
-5.35000000e-01  2.02366696e-01 
-5.34000000e-01  2.02827649e-01 
-5.33000000e-01  2.03288808e-01 
-5.32000000e-01  2.03750171e-01 
-5.31000000e-01  2.04211738e-01 
-5.30000000e-01  2.04673508e-01 
-5.29000000e-01  2.05135481e-01 
-5.28000000e-01  2.05597656e-01 
-5.27000000e-01  2.06060032e-01 
-5.26000000e-01  2.06522610e-01 
-5.25000000e-01  2.06985389e-01 
-5.24000000e-01  2.07448367e-01 
-5.23000000e-01  2.07911545e-01 
-5.22000000e-01  2.08374922e-01 
-5.21000000e-01  2.08838498e-01 
-5.20000000e-01  2.09302271e-01 
-5.19000000e-01  2.09766241e-01 
-5.18000000e-01  2.10230409e-01 
-5.17000000e-01  2.10694772e-01 
-5.16000000e-01  2.11159331e-01 
-5.15000000e-01  2.11624085e-01 
-5.14000000e-01  2.12089033e-01 
-5.13000000e-01  2.12554175e-01 
-5.12000000e-01  2.13019510e-01 
-5.11000000e-01  2.13485038e-01 
-5.10000000e-01  2.13950758e-01 
-5.09000000e-01  2.14416669e-01 
-5.08000000e-01  2.14882771e-01 
-5.07000000e-01  2.15349063e-01 
-5.06000000e-01  2.15815545e-01 
-5.05000000e-01  2.16282215e-01 
-5.04000000e-01  2.16749074e-01 
-5.03000000e-01  2.17216120e-01 
-5.02000000e-01  2.17683354e-01 
-5.01000000e-01  2.18150773e-01 
-5.00000000e-01  2.18618379e-01 
-4.99000000e-01  2.19086169e-01 
-4.98000000e-01  2.19554143e-01 
-4.97000000e-01  2.20022301e-01 
-4.96000000e-01  2.20490642e-01 
-4.95000000e-01  2.20959166e-01 
-4.94000000e-01  2.21427870e-01 
-4.93000000e-01  2.21896756e-01 
-4.92000000e-01  2.22365821e-01 
-4.91000000e-01  2.22835066e-01 
-4.90000000e-01  2.23304490e-01 
-4.89000000e-01  2.23774091e-01 
-4.88000000e-01  2.24243870e-01 
-4.87000000e-01  2.24713825e-01 
-4.86000000e-01  2.25183955e-01 
-4.85000000e-01  2.25654261e-01 
-4.84000000e-01  2.26124740e-01 
-4.83000000e-01  2.26595393e-01 
-4.82000000e-01  2.27066218e-01 
-4.81000000e-01  2.27537214e-01 
-4.80000000e-01  2.28008382e-01 
-4.79000000e-01  2.28479720e-01 
-4.78000000e-01  2.28951226e-01 
-4.77000000e-01  2.29422901e-01 
-4.76000000e-01  2.29894744e-01 
-4.75000000e-01  2.30366753e-01 
-4.74000000e-01  2.30838928e-01 
-4.73000000e-01  2.31311268e-01 
-4.72000000e-01  2.31783772e-01 
-4.71000000e-01  2.32256439e-01 
-4.70000000e-01  2.32729269e-01 
-4.69000000e-01  2.33202260e-01 
-4.68000000e-01  2.33675411e-01 
-4.67000000e-01  2.34148721e-01 
-4.66000000e-01  2.34622190e-01 
-4.65000000e-01  2.35095817e-01 
-4.64000000e-01  2.35569601e-01 
-4.63000000e-01  2.36043540e-01 
-4.62000000e-01  2.36517634e-01 
-4.61000000e-01  2.36991882e-01 
-4.60000000e-01  2.37466282e-01 
-4.59000000e-01  2.37940835e-01 
-4.58000000e-01  2.38415538e-01 
-4.57000000e-01  2.38890391e-01 
-4.56000000e-01  2.39365393e-01 
-4.55000000e-01  2.39840543e-01 
-4.54000000e-01  2.40315840e-01 
-4.53000000e-01  2.40791282e-01 
-4.52000000e-01  2.41266869e-01 
-4.51000000e-01  2.41742600e-01 
-4.50000000e-01  2.42218474e-01 
-4.49000000e-01  2.42694489e-01 
-4.48000000e-01  2.43170644e-01 
-4.47000000e-01  2.43646939e-01 
-4.46000000e-01  2.44123373e-01 
-4.45000000e-01  2.44599944e-01 
-4.44000000e-01  2.45076651e-01 
-4.43000000e-01  2.45553493e-01 
-4.42000000e-01  2.46030469e-01 
-4.41000000e-01  2.46507578e-01 
-4.40000000e-01  2.46984819e-01 
-4.39000000e-01  2.47462191e-01 
-4.38000000e-01  2.47939693e-01 
-4.37000000e-01  2.48417323e-01 
-4.36000000e-01  2.48895080e-01 
-4.35000000e-01  2.49372964e-01 
-4.34000000e-01  2.49850973e-01 
-4.33000000e-01  2.50329106e-01 
-4.32000000e-01  2.50807362e-01 
-4.31000000e-01  2.51285740e-01 
-4.30000000e-01  2.51764238e-01 
-4.29000000e-01  2.52242856e-01 
-4.28000000e-01  2.52721593e-01 
-4.27000000e-01  2.53200447e-01 
-4.26000000e-01  2.53679417e-01 
-4.25000000e-01  2.54158502e-01 
-4.24000000e-01  2.54637701e-01 
-4.23000000e-01  2.55117013e-01 
-4.22000000e-01  2.55596437e-01 
-4.21000000e-01  2.56075971e-01 
-4.20000000e-01  2.56555615e-01 
-4.19000000e-01  2.57035367e-01 
-4.18000000e-01  2.57515226e-01 
-4.17000000e-01  2.57995191e-01 
-4.16000000e-01  2.58475261e-01 
-4.15000000e-01  2.58955435e-01 
-4.14000000e-01  2.59435712e-01 
-4.13000000e-01  2.59916090e-01 
-4.12000000e-01  2.60396569e-01 
-4.11000000e-01  2.60877148e-01 
-4.10000000e-01  2.61357825e-01 
-4.09000000e-01  2.61838599e-01 
-4.08000000e-01  2.62319469e-01 
-4.07000000e-01  2.62800434e-01 
-4.06000000e-01  2.63281494e-01 
-4.05000000e-01  2.63762646e-01 
-4.04000000e-01  2.64243891e-01 
-4.03000000e-01  2.64725226e-01 
-4.02000000e-01  2.65206651e-01 
-4.01000000e-01  2.65688165e-01 
-4.00000000e-01  2.66169767e-01 
-3.99000000e-01  2.66651456e-01 
-3.98000000e-01  2.67133230e-01 
-3.97000000e-01  2.67615089e-01 
-3.96000000e-01  2.68097032e-01 
-3.95000000e-01  2.68579058e-01 
-3.94000000e-01  2.69061166e-01 
-3.93000000e-01  2.69543354e-01 
-3.92000000e-01  2.70025622e-01 
-3.91000000e-01  2.70507970e-01 
-3.90000000e-01  2.70990395e-01 
-3.89000000e-01  2.71472897e-01 
-3.88000000e-01  2.71955475e-01 
-3.87000000e-01  2.72438129e-01 
-3.86000000e-01  2.72920857e-01 
-3.85000000e-01  2.73403659e-01 
-3.84000000e-01  2.73886533e-01 
-3.83000000e-01  2.74369478e-01 
-3.82000000e-01  2.74852495e-01 
-3.81000000e-01  2.75335582e-01 
-3.80000000e-01  2.75818738e-01 
-3.79000000e-01  2.76301962e-01 
-3.78000000e-01  2.76785254e-01 
-3.77000000e-01  2.77268612e-01 
-3.76000000e-01  2.77752037e-01 
-3.75000000e-01  2.78235526e-01 
-3.74000000e-01  2.78719080e-01 
-3.73000000e-01  2.79202698e-01 
-3.72000000e-01  2.79686379e-01 
-3.71000000e-01  2.80170122e-01 
-3.70000000e-01  2.80653926e-01 
-3.69000000e-01  2.81137791e-01 
-3.68000000e-01  2.81621717e-01 
-3.67000000e-01  2.82105701e-01 
-3.66000000e-01  2.82589745e-01 
-3.65000000e-01  2.83073846e-01 
-3.64000000e-01  2.83558005e-01 
-3.63000000e-01  2.84042221e-01 
-3.62000000e-01  2.84526493e-01 
-3.61000000e-01  2.85010821e-01 
-3.60000000e-01  2.85495204e-01 
-3.59000000e-01  2.85979641e-01 
-3.58000000e-01  2.86464132e-01 
-3.57000000e-01  2.86948676e-01 
-3.56000000e-01  2.87433273e-01 
-3.55000000e-01  2.87917922e-01 
-3.54000000e-01  2.88402623e-01 
-3.53000000e-01  2.88887376e-01 
-3.52000000e-01  2.89372179e-01 
-3.51000000e-01  2.89857032e-01 
-3.50000000e-01  2.90341935e-01 
-3.49000000e-01  2.90826887e-01 
-3.48000000e-01  2.91311889e-01 
-3.47000000e-01  2.91796938e-01 
-3.46000000e-01  2.92282036e-01 
-3.45000000e-01  2.92767181e-01 
-3.44000000e-01  2.93252374e-01 
-3.43000000e-01  2.93737613e-01 
-3.42000000e-01  2.94222899e-01 
-3.41000000e-01  2.94708231e-01 
-3.40000000e-01  2.95193608e-01 
-3.39000000e-01  2.95679032e-01 
-3.38000000e-01  2.96164500e-01 
-3.37000000e-01  2.96650013e-01 
-3.36000000e-01  2.97135570e-01 
-3.35000000e-01  2.97621172e-01 
-3.34000000e-01  2.98106818e-01 
-3.33000000e-01  2.98592507e-01 
-3.32000000e-01  2.99078240e-01 
-3.31000000e-01  2.99564016e-01 
-3.30000000e-01  3.00049835e-01 
-3.29000000e-01  3.00535696e-01 
-3.28000000e-01  3.01021600e-01 
-3.27000000e-01  3.01507547e-01 
-3.26000000e-01  3.01993535e-01 
-3.25000000e-01  3.02479566e-01 
-3.24000000e-01  3.02965638e-01 
-3.23000000e-01  3.03451752e-01 
-3.22000000e-01  3.03937908e-01 
-3.21000000e-01  3.04424105e-01 
-3.20000000e-01  3.04910343e-01 
-3.19000000e-01  3.05396622e-01 
-3.18000000e-01  3.05882943e-01 
-3.17000000e-01  3.06369304e-01 
-3.16000000e-01  3.06855707e-01 
-3.15000000e-01  3.07342150e-01 
-3.14000000e-01  3.07828634e-01 
-3.13000000e-01  3.08315159e-01 
-3.12000000e-01  3.08801724e-01 
-3.11000000e-01  3.09288331e-01 
-3.10000000e-01  3.09774978e-01 
-3.09000000e-01  3.10261665e-01 
-3.08000000e-01  3.10748394e-01 
-3.07000000e-01  3.11235163e-01 
-3.06000000e-01  3.11721973e-01 
-3.05000000e-01  3.12208824e-01 
-3.04000000e-01  3.12695716e-01 
-3.03000000e-01  3.13182649e-01 
-3.02000000e-01  3.13669623e-01 
-3.01000000e-01  3.14156638e-01 
-3.00000000e-01  3.14643695e-01 
-2.99000000e-01  3.15130793e-01 
-2.98000000e-01  3.15617932e-01 
-2.97000000e-01  3.16105113e-01 
-2.96000000e-01  3.16592336e-01 
-2.95000000e-01  3.17079601e-01 
-2.94000000e-01  3.17566908e-01 
-2.93000000e-01  3.18054257e-01 
-2.92000000e-01  3.18541649e-01 
-2.91000000e-01  3.19029083e-01 
-2.90000000e-01  3.19516561e-01 
-2.89000000e-01  3.20004081e-01 
-2.88000000e-01  3.20491646e-01 
-2.87000000e-01  3.20979253e-01 
-2.86000000e-01  3.21466905e-01 
-2.85000000e-01  3.21954601e-01 
-2.84000000e-01  3.22442341e-01 
-2.83000000e-01  3.22930126e-01 
-2.82000000e-01  3.23417957e-01 
-2.81000000e-01  3.23905832e-01 
-2.80000000e-01  3.24393754e-01 
-2.79000000e-01  3.24881722e-01 
-2.78000000e-01  3.25369736e-01 
-2.77000000e-01  3.25857797e-01 
-2.76000000e-01  3.26345905e-01 
-2.75000000e-01  3.26834061e-01 
-2.74000000e-01  3.27322265e-01 
-2.73000000e-01  3.27810517e-01 
-2.72000000e-01  3.28298818e-01 
-2.71000000e-01  3.28787169e-01 
-2.70000000e-01  3.29275569e-01 
-2.69000000e-01  3.29764020e-01 
-2.68000000e-01  3.30252522e-01 
-2.67000000e-01  3.30741075e-01 
-2.66000000e-01  3.31229680e-01 
-2.65000000e-01  3.31718337e-01 
-2.64000000e-01  3.32207047e-01 
-2.63000000e-01  3.32695811e-01 
-2.62000000e-01  3.33184628e-01 
-2.61000000e-01  3.33673501e-01 
-2.60000000e-01  3.34162429e-01 
-2.59000000e-01  3.34651412e-01 
-2.58000000e-01  3.35140453e-01 
-2.57000000e-01  3.35629550e-01 
-2.56000000e-01  3.36118705e-01 
-2.55000000e-01  3.36607919e-01 
-2.54000000e-01  3.37097193e-01 
-2.53000000e-01  3.37586526e-01 
-2.52000000e-01  3.38075920e-01 
-2.51000000e-01  3.38565376e-01 
-2.50000000e-01  3.39054894e-01 
-2.49000000e-01  3.39544475e-01 
-2.48000000e-01  3.40034121e-01 
-2.47000000e-01  3.40523831e-01 
-2.46000000e-01  3.41013606e-01 
-2.45000000e-01  3.41503449e-01 
-2.44000000e-01  3.41993358e-01 
-2.43000000e-01  3.42483337e-01 
-2.42000000e-01  3.42973384e-01 
-2.41000000e-01  3.43463502e-01 
-2.40000000e-01  3.43953691e-01 
-2.39000000e-01  3.44443952e-01 
-2.38000000e-01  3.44934287e-01 
-2.37000000e-01  3.45424696e-01 
-2.36000000e-01  3.45915180e-01 
-2.35000000e-01  3.46405741e-01 
-2.34000000e-01  3.46896380e-01 
-2.33000000e-01  3.47387097e-01 
-2.32000000e-01  3.47877895e-01 
-2.31000000e-01  3.48368774e-01 
-2.30000000e-01  3.48859735e-01 
-2.29000000e-01  3.49350780e-01 
-2.28000000e-01  3.49841910e-01 
-2.27000000e-01  3.50333126e-01 
-2.26000000e-01  3.50824430e-01 
-2.25000000e-01  3.51315824e-01 
-2.24000000e-01  3.51807307e-01 
-2.23000000e-01  3.52298883e-01 
-2.22000000e-01  3.52790552e-01 
-2.21000000e-01  3.53282315e-01 
-2.20000000e-01  3.53774176e-01 
-2.19000000e-01  3.54266134e-01 
-2.18000000e-01  3.54758192e-01 
-2.17000000e-01  3.55250351e-01 
-2.16000000e-01  3.55742613e-01 
-2.15000000e-01  3.56234980e-01 
-2.14000000e-01  3.56727454e-01 
-2.13000000e-01  3.57220035e-01 
-2.12000000e-01  3.57712727e-01 
-2.11000000e-01  3.58205531e-01 
-2.10000000e-01  3.58698448e-01 
-2.09000000e-01  3.59191482e-01 
-2.08000000e-01  3.59684633e-01 
-2.07000000e-01  3.60177905e-01 
-2.06000000e-01  3.60671298e-01 
-2.05000000e-01  3.61164816e-01 
-2.04000000e-01  3.61658460e-01 
-2.03000000e-01  3.62152233e-01 
-2.02000000e-01  3.62646137e-01 
-2.01000000e-01  3.63140174e-01 
-2.00000000e-01  3.63634347e-01 
-1.99000000e-01  3.64128658e-01 
-1.98000000e-01  3.64623111e-01 
-1.97000000e-01  3.65117706e-01 
-1.96000000e-01  3.65612448e-01 
-1.95000000e-01  3.66107339e-01 
-1.94000000e-01  3.66602381e-01 
-1.93000000e-01  3.67097578e-01 
-1.92000000e-01  3.67592932e-01 
-1.91000000e-01  3.68088446e-01 
-1.90000000e-01  3.68584124e-01 
-1.89000000e-01  3.69079968e-01 
-1.88000000e-01  3.69575983e-01 
-1.87000000e-01  3.70072170e-01 
-1.86000000e-01  3.70568534e-01 
-1.85000000e-01  3.71065078e-01 
-1.84000000e-01  3.71561805e-01 
-1.83000000e-01  3.72058719e-01 
-1.82000000e-01  3.72555825e-01 
-1.81000000e-01  3.73053124e-01 
-1.80000000e-01  3.73550623e-01 
-1.79000000e-01  3.74048324e-01 
-1.78000000e-01  3.74546231e-01 
-1.77000000e-01  3.75044350e-01 
-1.76000000e-01  3.75542683e-01 
-1.75000000e-01  3.76041237e-01 
-1.74000000e-01  3.76540014e-01 
-1.73000000e-01  3.77039021e-01 
-1.72000000e-01  3.77538260e-01 
-1.71000000e-01  3.78037739e-01 
-1.70000000e-01  3.78537461e-01 
-1.69000000e-01  3.79037432e-01 
-1.68000000e-01  3.79537656e-01 
-1.67000000e-01  3.80038141e-01 
-1.66000000e-01  3.80538890e-01 
-1.65000000e-01  3.81039910e-01 
-1.64000000e-01  3.81541207e-01 
-1.63000000e-01  3.82042786e-01 
-1.62000000e-01  3.82544655e-01 
-1.61000000e-01  3.83046818e-01 
-1.60000000e-01  3.83549284e-01 
-1.59000000e-01  3.84052058e-01 
-1.58000000e-01  3.84555148e-01 
-1.57000000e-01  3.85058560e-01 
-1.56000000e-01  3.85562302e-01 
-1.55000000e-01  3.86066382e-01 
-1.54000000e-01  3.86570807e-01 
-1.53000000e-01  3.87075585e-01 
-1.52000000e-01  3.87580724e-01 
-1.51000000e-01  3.88086233e-01 
-1.50000000e-01  3.88592120e-01 
-1.49000000e-01  3.89098394e-01 
-1.48000000e-01  3.89605065e-01 
-1.47000000e-01  3.90112141e-01 
-1.46000000e-01  3.90619633e-01 
-1.45000000e-01  3.91127550e-01 
-1.44000000e-01  3.91635903e-01 
-1.43000000e-01  3.92144702e-01 
-1.42000000e-01  3.92653957e-01 
-1.41000000e-01  3.93163681e-01 
-1.40000000e-01  3.93673885e-01 
-1.39000000e-01  3.94184581e-01 
-1.38000000e-01  3.94695780e-01 
-1.37000000e-01  3.95207496e-01 
-1.36000000e-01  3.95719741e-01 
-1.35000000e-01  3.96232530e-01 
-1.34000000e-01  3.96745874e-01 
-1.33000000e-01  3.97259790e-01 
-1.32000000e-01  3.97774292e-01 
-1.31000000e-01  3.98289394e-01 
-1.30000000e-01  3.98805113e-01 
-1.29000000e-01  3.99321464e-01 
-1.28000000e-01  3.99838465e-01 
-1.27000000e-01  4.00356132e-01 
-1.26000000e-01  4.00874483e-01 
-1.25000000e-01  4.01393536e-01 
-1.24000000e-01  4.01913311e-01 
-1.23000000e-01  4.02433827e-01 
-1.22000000e-01  4.02955104e-01 
-1.21000000e-01  4.03477162e-01 
-1.20000000e-01  4.04000025e-01 
-1.19000000e-01  4.04523713e-01 
-1.18000000e-01  4.05048249e-01 
-1.17000000e-01  4.05573659e-01 
-1.16000000e-01  4.06099965e-01 
-1.15000000e-01  4.06627194e-01 
-1.14000000e-01  4.07155373e-01 
-1.13000000e-01  4.07684527e-01 
-1.12000000e-01  4.08214687e-01 
-1.11000000e-01  4.08745879e-01 
-1.10000000e-01  4.09278136e-01 
-1.09000000e-01  4.09811489e-01 
-1.08000000e-01  4.10345969e-01 
-1.07000000e-01  4.10881610e-01 
-1.06000000e-01  4.11418448e-01 
-1.05000000e-01  4.11956519e-01 
-1.04000000e-01  4.12495859e-01 
-1.03000000e-01  4.13036509e-01 
-1.02000000e-01  4.13578507e-01 
-1.01000000e-01  4.14121896e-01 
-1.00000000e-01  4.14666720e-01 
-9.90000000e-02  4.15213023e-01 
-9.80000000e-02  4.15760853e-01 
-9.70000000e-02  4.16310257e-01 
-9.60000000e-02  4.16861286e-01 
-9.50000000e-02  4.17413994e-01 
-9.40000000e-02  4.17968433e-01 
-9.30000000e-02  4.18524662e-01 
-9.20000000e-02  4.19082738e-01 
-9.10000000e-02  4.19642724e-01 
-9.00000000e-02  4.20204684e-01 
-8.90000000e-02  4.20768682e-01 
-8.80000000e-02  4.21334790e-01 
-8.70000000e-02  4.21903078e-01 
-8.60000000e-02  4.22473623e-01 
-8.50000000e-02  4.23046501e-01 
-8.40000000e-02  4.23621796e-01 
-8.30000000e-02  4.24199592e-01 
-8.20000000e-02  4.24779977e-01 
-8.10000000e-02  4.25363045e-01 
-8.00000000e-02  4.25948892e-01 
-7.90000000e-02  4.26537620e-01 
-7.80000000e-02  4.27129333e-01 
-7.70000000e-02  4.27724143e-01 
-7.60000000e-02  4.28322165e-01 
-7.50000000e-02  4.28923520e-01 
-7.40000000e-02  4.29528334e-01 
-7.30000000e-02  4.30136739e-01 
-7.20000000e-02  4.30748875e-01 
-7.10000000e-02  4.31364887e-01 
-7.00000000e-02  4.31984927e-01 
-6.90000000e-02  4.32609156e-01 
-6.80000000e-02  4.33237740e-01 
-6.70000000e-02  4.33870858e-01 
-6.60000000e-02  4.34508694e-01 
-6.50000000e-02  4.35151443e-01 
-6.40000000e-02  4.35799310e-01 
-6.30000000e-02  4.36452512e-01 
-6.20000000e-02  4.37111276e-01 
-6.10000000e-02  4.37775843e-01 
-6.00000000e-02  4.38446464e-01 
-5.90000000e-02  4.39123408e-01 
-5.80000000e-02  4.39806957e-01 
-5.70000000e-02  4.40497409e-01 
-5.60000000e-02  4.41195082e-01 
-5.50000000e-02  4.41900309e-01 
-5.40000000e-02  4.42613445e-01 
-5.30000000e-02  4.43334868e-01 
-5.20000000e-02  4.44064976e-01 
-5.10000000e-02  4.44804196e-01 
-5.00000000e-02  4.45552981e-01 
-4.90000000e-02  4.46311812e-01 
-4.80000000e-02  4.47081204e-01 
-4.70000000e-02  4.47861707e-01 
-4.60000000e-02  4.48653908e-01 
-4.50000000e-02  4.49458438e-01 
-4.40000000e-02  4.50275970e-01 
-4.30000000e-02  4.51107230e-01 
-4.20000000e-02  4.51952996e-01 
-4.10000000e-02  4.52814109e-01 
-4.00000000e-02  4.53691475e-01 
-3.90000000e-02  4.54586072e-01 
-3.80000000e-02  4.55498962e-01 
-3.70000000e-02  4.56431296e-01 
-3.60000000e-02  4.57384325e-01 
-3.50000000e-02  4.58359412e-01 
-3.40000000e-02  4.59358049e-01 
-3.30000000e-02  4.60381866e-01 
-3.20000000e-02  4.61432656e-01 
-3.10000000e-02  4.62512391e-01 
-3.00000000e-02  4.63623250e-01 
-2.90000000e-02  4.64767647e-01 
-2.80000000e-02  4.65948264e-01 
-2.70000000e-02  4.67168096e-01 
-2.60000000e-02  4.68430496e-01 
-2.50000000e-02  4.69739236e-01 
-2.40000000e-02  4.71098577e-01 
-2.30000000e-02  4.72513359e-01 
-2.20000000e-02  4.73989104e-01 
-2.10000000e-02  4.75532154e-01 
-2.00000000e-02  4.77149834e-01 
-1.90000000e-02  4.78850663e-01 
-1.80000000e-02  4.80644628e-01 
-1.70000000e-02  4.82543523e-01 
-1.60000000e-02  4.84561417e-01 
-1.50000000e-02  4.86715253e-01 
-1.40000000e-02  4.89025672e-01 
-1.30000000e-02  4.91518136e-01 
-1.20000000e-02  4.94224514e-01 
-1.10000000e-02  4.97185338e-01 
-1.00000000e-02  5.00453133e-01 
-9.00000000e-03  5.04097438e-01 
-8.00000000e-03  5.08212662e-01 
-7.00000000e-03  5.12930833e-01 
-6.00000000e-03  5.18972956e-01 
-5.00000000e-03  5.25798435e-01 
-4.00000000e-03  5.34344948e-01 
-3.00000000e-03  5.45660827e-01 
-2.00000000e-03  5.62105159e-01 
-1.00000000e-03  5.87722212e-01 
 4.37150316e-16  6.19188415e-01 
 1.00000000e-03  6.51337054e-01 
 2.00000000e-03  6.84376769e-01 
 3.00000000e-03  7.18258484e-01 
 4.00000000e-03  7.53290476e-01 
 5.00000000e-03  7.89608087e-01 
 6.00000000e-03  8.27234013e-01 
 7.00000000e-03  8.65992404e-01 
 8.00000000e-03  9.05218079e-01 
 9.00000000e-03  9.41214485e-01 
 1.00000000e-02  9.71418746e-01 
 1.10000000e-02  9.93962408e-01 
 1.20000000e-02  1.01054310e+00 
 1.30000000e-02  1.02337237e+00 
 1.40000000e-02  1.03483560e+00 
 1.50000000e-02  1.04319817e+00 
 1.60000000e-02  1.05074319e+00 
 1.70000000e-02  1.05743605e+00 
 1.80000000e-02  1.06348617e+00 
 1.90000000e-02  1.06901182e+00 
 2.00000000e-02  1.07410249e+00 
 2.10000000e-02  1.07882527e+00 
 2.20000000e-02  1.08323200e+00 
 2.30000000e-02  1.08736359e+00 
 2.40000000e-02  1.09125295e+00 
 2.50000000e-02  1.09492695e+00 
 2.60000000e-02  1.09840787e+00 
 2.70000000e-02  1.10171439e+00 
 2.80000000e-02  1.10486235e+00 
 2.90000000e-02  1.10786532e+00 
 3.00000000e-02  1.11073499e+00 
 3.10000000e-02  1.11348155e+00 
 3.20000000e-02  1.11611393e+00 
 3.30000000e-02  1.11864000e+00 
 3.40000000e-02  1.12106674e+00 
 3.50000000e-02  1.12340038e+00 
 3.60000000e-02  1.12564650e+00 
 3.70000000e-02  1.12781012e+00 
 3.80000000e-02  1.12989582e+00 
 3.90000000e-02  1.13190773e+00 
 4.00000000e-02  1.13384965e+00 
 4.10000000e-02  1.13572504e+00 
 4.20000000e-02  1.13753711e+00 
 4.30000000e-02  1.13928881e+00 
 4.40000000e-02  1.14098289e+00 
 4.50000000e-02  1.14262192e+00 
 4.60000000e-02  1.14420826e+00 
 4.70000000e-02  1.14574416e+00 
 4.80000000e-02  1.14723170e+00 
 4.90000000e-02  1.14867285e+00 
 5.00000000e-02  1.15006947e+00 
 5.10000000e-02  1.15142330e+00 
 5.20000000e-02  1.15273598e+00 
 5.30000000e-02  1.15400909e+00 
 5.40000000e-02  1.15524408e+00 
 5.50000000e-02  1.15644236e+00 
 5.60000000e-02  1.15760527e+00 
 5.70000000e-02  1.15873404e+00 
 5.80000000e-02  1.15982989e+00 
 5.90000000e-02  1.16089396e+00 
 6.00000000e-02  1.16192732e+00 
 6.10000000e-02  1.16293102e+00 
 6.20000000e-02  1.16390604e+00 
 6.30000000e-02  1.16485332e+00 
 6.40000000e-02  1.16577376e+00 
 6.50000000e-02  1.16666824e+00 
 6.60000000e-02  1.16753757e+00 
 6.70000000e-02  1.16838256e+00 
 6.80000000e-02  1.16920395e+00 
 6.90000000e-02  1.17000248e+00 
 7.00000000e-02  1.17077885e+00 
 7.10000000e-02  1.17153375e+00 
 7.20000000e-02  1.17226781e+00 
 7.30000000e-02  1.17298167e+00 
 7.40000000e-02  1.17367592e+00 
 7.50000000e-02  1.17435116e+00 
 7.60000000e-02  1.17500794e+00 
 7.70000000e-02  1.17564680e+00 
 7.80000000e-02  1.17626828e+00 
 7.90000000e-02  1.17687287e+00 
 8.00000000e-02  1.17746106e+00 
 8.10000000e-02  1.17803334e+00 
 8.20000000e-02  1.17859015e+00 
 8.30000000e-02  1.17913194e+00 
 8.40000000e-02  1.17965915e+00 
 8.50000000e-02  1.18017218e+00 
 8.60000000e-02  1.18067144e+00 
 8.70000000e-02  1.18115732e+00 
 8.80000000e-02  1.18163020e+00 
 8.90000000e-02  1.18209045e+00 
 9.00000000e-02  1.18253841e+00 
 9.10000000e-02  1.18297445e+00 
 9.20000000e-02  1.18339888e+00 
 9.30000000e-02  1.18381204e+00 
 9.40000000e-02  1.18421424e+00 
 9.50000000e-02  1.18460578e+00 
 9.60000000e-02  1.18498697e+00 
 9.70000000e-02  1.18535809e+00 
 9.80000000e-02  1.18571942e+00 
 9.90000000e-02  1.18607122e+00 
 1.00000000e-01  1.18641378e+00 
 1.01000000e-01  1.18674733e+00 
 1.02000000e-01  1.18707213e+00 
 1.03000000e-01  1.18738843e+00 
 1.04000000e-01  1.18769644e+00 
 1.05000000e-01  1.18799641e+00 
 1.06000000e-01  1.18828854e+00 
 1.07000000e-01  1.18857307e+00 
 1.08000000e-01  1.18885018e+00 
 1.09000000e-01  1.18912010e+00 
 1.10000000e-01  1.18938301e+00 
 1.11000000e-01  1.18963910e+00 
 1.12000000e-01  1.18988857e+00 
 1.13000000e-01  1.19013158e+00 
 1.14000000e-01  1.19036832e+00 
 1.15000000e-01  1.19059896e+00 
 1.16000000e-01  1.19082366e+00 
 1.17000000e-01  1.19104258e+00 
 1.18000000e-01  1.19125588e+00 
 1.19000000e-01  1.19146371e+00 
 1.20000000e-01  1.19166622e+00 
 1.21000000e-01  1.19186355e+00 
 1.22000000e-01  1.19205585e+00 
 1.23000000e-01  1.19224324e+00 
 1.24000000e-01  1.19242586e+00 
 1.25000000e-01  1.19260383e+00 
 1.26000000e-01  1.19277729e+00 
 1.27000000e-01  1.19294635e+00 
 1.28000000e-01  1.19311113e+00 
 1.29000000e-01  1.19327174e+00 
 1.30000000e-01  1.19342830e+00 
 1.31000000e-01  1.19358092e+00 
 1.32000000e-01  1.19372969e+00 
 1.33000000e-01  1.19387473e+00 
 1.34000000e-01  1.19401613e+00 
 1.35000000e-01  1.19415398e+00 
 1.36000000e-01  1.19428839e+00 
 1.37000000e-01  1.19441944e+00 
 1.38000000e-01  1.19454722e+00 
 1.39000000e-01  1.19467182e+00 
 1.40000000e-01  1.19479332e+00 
 1.41000000e-01  1.19491181e+00 
 1.42000000e-01  1.19502737e+00 
 1.43000000e-01  1.19514006e+00 
 1.44000000e-01  1.19524997e+00 
 1.45000000e-01  1.19535717e+00 
 1.46000000e-01  1.19546174e+00 
 1.47000000e-01  1.19556373e+00 
 1.48000000e-01  1.19566322e+00 
 1.49000000e-01  1.19576028e+00 
 1.50000000e-01  1.19585496e+00 
 1.51000000e-01  1.19594733e+00 
 1.52000000e-01  1.19603745e+00 
 1.53000000e-01  1.19612538e+00 
 1.54000000e-01  1.19621118e+00 
 1.55000000e-01  1.19629489e+00 
 1.56000000e-01  1.19637658e+00 
 1.57000000e-01  1.19645630e+00 
 1.58000000e-01  1.19653410e+00 
 1.59000000e-01  1.19661002e+00 
 1.60000000e-01  1.19668412e+00 
 1.61000000e-01  1.19675645e+00 
 1.62000000e-01  1.19682704e+00 
 1.63000000e-01  1.19689595e+00 
 1.64000000e-01  1.19696322e+00 
 1.65000000e-01  1.19702889e+00 
 1.66000000e-01  1.19709299e+00 
 1.67000000e-01  1.19715558e+00 
 1.68000000e-01  1.19721669e+00 
 1.69000000e-01  1.19727636e+00 
 1.70000000e-01  1.19733462e+00 
 1.71000000e-01  1.19739151e+00 
 1.72000000e-01  1.19744707e+00 
 1.73000000e-01  1.19750132e+00 
 1.74000000e-01  1.19755431e+00 
 1.75000000e-01  1.19760606e+00 
 1.76000000e-01  1.19765661e+00 
 1.77000000e-01  1.19770598e+00 
 1.78000000e-01  1.19775421e+00 
 1.79000000e-01  1.19780132e+00 
 1.80000000e-01  1.19784734e+00 
 1.81000000e-01  1.19789231e+00 
 1.82000000e-01  1.19793624e+00 
 1.83000000e-01  1.19797917e+00 
 1.84000000e-01  1.19802111e+00 
 1.85000000e-01  1.19806209e+00 
 1.86000000e-01  1.19810214e+00 
 1.87000000e-01  1.19814128e+00 
 1.88000000e-01  1.19817953e+00 
 1.89000000e-01  1.19821691e+00 
 1.90000000e-01  1.19825345e+00 
 1.91000000e-01  1.19828916e+00 
 1.92000000e-01  1.19832407e+00 
 1.93000000e-01  1.19835820e+00 
 1.94000000e-01  1.19839156e+00 
 1.95000000e-01  1.19842418e+00 
 1.96000000e-01  1.19845607e+00 
 1.97000000e-01  1.19848725e+00 
 1.98000000e-01  1.19851774e+00 
 1.99000000e-01  1.19854755e+00 
 2.00000000e-01  1.19857670e+00 
 2.01000000e-01  1.19860521e+00 
 2.02000000e-01  1.19863309e+00 
 2.03000000e-01  1.19866036e+00 
 2.04000000e-01  1.19868703e+00 
 2.05000000e-01  1.19871312e+00 
 2.06000000e-01  1.19873864e+00 
 2.07000000e-01  1.19876360e+00 
 2.08000000e-01  1.19878802e+00 
 2.09000000e-01  1.19881191e+00 
 2.10000000e-01  1.19883528e+00 
 2.11000000e-01  1.19885815e+00 
 2.12000000e-01  1.19888053e+00 
 2.13000000e-01  1.19890243e+00 
 2.14000000e-01  1.19892385e+00 
 2.15000000e-01  1.19894482e+00 
 2.16000000e-01  1.19896534e+00 
 2.17000000e-01  1.19898543e+00 
 2.18000000e-01  1.19900508e+00 
 2.19000000e-01  1.19902432e+00 
 2.20000000e-01  1.19904315e+00 
 2.21000000e-01  1.19906159e+00 
 2.22000000e-01  1.19907964e+00 
 2.23000000e-01  1.19909730e+00 
 2.24000000e-01  1.19911460e+00 
 2.25000000e-01  1.19913153e+00 
 2.26000000e-01  1.19914811e+00 
 2.27000000e-01  1.19916435e+00 
 2.28000000e-01  1.19918025e+00 
 2.29000000e-01  1.19919581e+00 
 2.30000000e-01  1.19921106e+00 
 2.31000000e-01  1.19922599e+00 
 2.32000000e-01  1.19924061e+00 
 2.33000000e-01  1.19925493e+00 
 2.34000000e-01  1.19926896e+00 
 2.35000000e-01  1.19928270e+00 
 2.36000000e-01  1.19929615e+00 
 2.37000000e-01  1.19930934e+00 
 2.38000000e-01  1.19932225e+00 
 2.39000000e-01  1.19933490e+00 
 2.40000000e-01  1.19934730e+00 
 2.41000000e-01  1.19935944e+00 
 2.42000000e-01  1.19937134e+00 
 2.43000000e-01  1.19938300e+00 
 2.44000000e-01  1.19939443e+00 
 2.45000000e-01  1.19940562e+00 
 2.46000000e-01  1.19941659e+00 
 2.47000000e-01  1.19942735e+00 
 2.48000000e-01  1.19943788e+00 
 2.49000000e-01  1.19944821e+00 
 2.50000000e-01  1.19945833e+00 
 2.51000000e-01  1.19946825e+00 
 2.52000000e-01  1.19947798e+00 
 2.53000000e-01  1.19948751e+00 
 2.54000000e-01  1.19949685e+00 
 2.55000000e-01  1.19950601e+00 
 2.56000000e-01  1.19951499e+00 
 2.57000000e-01  1.19952380e+00 
 2.58000000e-01  1.19953243e+00 
 2.59000000e-01  1.19954089e+00 
 2.60000000e-01  1.19954919e+00 
 2.61000000e-01  1.19955732e+00 
 2.62000000e-01  1.19956530e+00 
 2.63000000e-01  1.19957312e+00 
 2.64000000e-01  1.19958079e+00 
 2.65000000e-01  1.19958832e+00 
 2.66000000e-01  1.19959569e+00 
 2.67000000e-01  1.19960293e+00 
 2.68000000e-01  1.19961003e+00 
 2.69000000e-01  1.19961699e+00 
 2.70000000e-01  1.19962381e+00 
 2.71000000e-01  1.19963051e+00 
 2.72000000e-01  1.19963708e+00 
 2.73000000e-01  1.19964352e+00 
 2.74000000e-01  1.19964984e+00 
 2.75000000e-01  1.19965604e+00 
 2.76000000e-01  1.19966212e+00 
 2.77000000e-01  1.19966809e+00 
 2.78000000e-01  1.19967395e+00 
 2.79000000e-01  1.19967969e+00 
 2.80000000e-01  1.19968532e+00 
 2.81000000e-01  1.19969085e+00 
 2.82000000e-01  1.19969628e+00 
 2.83000000e-01  1.19970160e+00 
 2.84000000e-01  1.19970683e+00 
 2.85000000e-01  1.19971195e+00 
 2.86000000e-01  1.19971698e+00 
 2.87000000e-01  1.19972192e+00 
 2.88000000e-01  1.19972677e+00 
 2.89000000e-01  1.19973152e+00 
 2.90000000e-01  1.19973619e+00 
 2.91000000e-01  1.19974077e+00 
 2.92000000e-01  1.19974526e+00 
 2.93000000e-01  1.19974968e+00 
 2.94000000e-01  1.19975401e+00 
 2.95000000e-01  1.19975826e+00 
 2.96000000e-01  1.19976243e+00 
 2.97000000e-01  1.19976653e+00 
 2.98000000e-01  1.19977055e+00 
 2.99000000e-01  1.19977449e+00 
 3.00000000e-01  1.19977837e+00 
 3.01000000e-01  1.19978217e+00 
 3.02000000e-01  1.19978591e+00 
 3.03000000e-01  1.19978957e+00 
 3.04000000e-01  1.19979317e+00 
 3.05000000e-01  1.19979671e+00 
 3.06000000e-01  1.19980018e+00 
 3.07000000e-01  1.19980359e+00 
 3.08000000e-01  1.19980693e+00 
 3.09000000e-01  1.19981022e+00 
 3.10000000e-01  1.19981344e+00 
 3.11000000e-01  1.19981661e+00 
 3.12000000e-01  1.19981972e+00 
 3.13000000e-01  1.19982278e+00 
 3.14000000e-01  1.19982577e+00 
 3.15000000e-01  1.19982872e+00 
 3.16000000e-01  1.19983161e+00 
 3.17000000e-01  1.19983445e+00 
 3.18000000e-01  1.19983724e+00 
 3.19000000e-01  1.19983999e+00 
 3.20000000e-01  1.19984268e+00 
 3.21000000e-01  1.19984532e+00 
 3.22000000e-01  1.19984792e+00 
 3.23000000e-01  1.19985047e+00 
 3.24000000e-01  1.19985297e+00 
 3.25000000e-01  1.19985543e+00 
 3.26000000e-01  1.19985785e+00 
 3.27000000e-01  1.19986022e+00 
 3.28000000e-01  1.19986255e+00 
 3.29000000e-01  1.19986485e+00 
 3.30000000e-01  1.19986710e+00 
 3.31000000e-01  1.19986931e+00 
 3.32000000e-01  1.19987148e+00 
 3.33000000e-01  1.19987361e+00 
 3.34000000e-01  1.19987571e+00 
 3.35000000e-01  1.19987777e+00 
 3.36000000e-01  1.19987979e+00 
 3.37000000e-01  1.19988178e+00 
 3.38000000e-01  1.19988373e+00 
 3.39000000e-01  1.19988565e+00 
 3.40000000e-01  1.19988753e+00 
 3.41000000e-01  1.19988938e+00 
 3.42000000e-01  1.19989120e+00 
 3.43000000e-01  1.19989299e+00 
 3.44000000e-01  1.19989475e+00 
 3.45000000e-01  1.19989647e+00 
 3.46000000e-01  1.19989817e+00 
 3.47000000e-01  1.19989984e+00 
 3.48000000e-01  1.19990148e+00 
 3.49000000e-01  1.19990309e+00 
 3.50000000e-01  1.19990467e+00 
 3.51000000e-01  1.19990622e+00 
 3.52000000e-01  1.19990775e+00 
 3.53000000e-01  1.19990925e+00 
 3.54000000e-01  1.19991072e+00 
 3.55000000e-01  1.19991217e+00 
 3.56000000e-01  1.19991360e+00 
 3.57000000e-01  1.19991500e+00 
 3.58000000e-01  1.19991637e+00 
 3.59000000e-01  1.19991773e+00 
 3.60000000e-01  1.19991905e+00 
 3.61000000e-01  1.19992036e+00 
 3.62000000e-01  1.19992164e+00 
 3.63000000e-01  1.19992291e+00 
 3.64000000e-01  1.19992415e+00 
 3.65000000e-01  1.19992536e+00 
 3.66000000e-01  1.19992656e+00 
 3.67000000e-01  1.19992774e+00 
 3.68000000e-01  1.19992890e+00 
 3.69000000e-01  1.19993004e+00 
 3.70000000e-01  1.19993115e+00 
 3.71000000e-01  1.19993225e+00 
 3.72000000e-01  1.19993333e+00 
 3.73000000e-01  1.19993439e+00 
 3.74000000e-01  1.19993544e+00 
 3.75000000e-01  1.19993646e+00 
 3.76000000e-01  1.19993747e+00 
 3.77000000e-01  1.19993847e+00 
 3.78000000e-01  1.19993944e+00 
 3.79000000e-01  1.19994040e+00 
 3.80000000e-01  1.19994134e+00 
 3.81000000e-01  1.19994227e+00 
 3.82000000e-01  1.19994318e+00 
 3.83000000e-01  1.19994407e+00 
 3.84000000e-01  1.19994495e+00 
 3.85000000e-01  1.19994582e+00 
 3.86000000e-01  1.19994667e+00 
 3.87000000e-01  1.19994750e+00 
 3.88000000e-01  1.19994832e+00 
 3.89000000e-01  1.19994913e+00 
 3.90000000e-01  1.19994993e+00 
 3.91000000e-01  1.19995071e+00 
 3.92000000e-01  1.19995148e+00 
 3.93000000e-01  1.19995223e+00 
 3.94000000e-01  1.19995297e+00 
 3.95000000e-01  1.19995370e+00 
 3.96000000e-01  1.19995442e+00 
 3.97000000e-01  1.19995513e+00 
 3.98000000e-01  1.19995582e+00 
 3.99000000e-01  1.19995650e+00 
 4.00000000e-01  1.19995717e+00 
 4.01000000e-01  1.19995783e+00 
 4.02000000e-01  1.19995848e+00 
 4.03000000e-01  1.19995912e+00 
 4.04000000e-01  1.19995974e+00 
 4.05000000e-01  1.19996036e+00 
 4.06000000e-01  1.19996097e+00 
 4.07000000e-01  1.19996156e+00 
 4.08000000e-01  1.19996215e+00 
 4.09000000e-01  1.19996272e+00 
 4.10000000e-01  1.19996329e+00 
 4.11000000e-01  1.19996385e+00 
 4.12000000e-01  1.19996440e+00 
 4.13000000e-01  1.19996493e+00 
 4.14000000e-01  1.19996546e+00 
 4.15000000e-01  1.19996599e+00 
 4.16000000e-01  1.19996650e+00 
 4.17000000e-01  1.19996700e+00 
 4.18000000e-01  1.19996750e+00 
 4.19000000e-01  1.19996798e+00 
 4.20000000e-01  1.19996846e+00 
 4.21000000e-01  1.19996893e+00 
 4.22000000e-01  1.19996940e+00 
 4.23000000e-01  1.19996985e+00 
 4.24000000e-01  1.19997030e+00 
 4.25000000e-01  1.19997074e+00 
 4.26000000e-01  1.19997118e+00 
 4.27000000e-01  1.19997160e+00 
 4.28000000e-01  1.19997202e+00 
 4.29000000e-01  1.19997243e+00 
 4.30000000e-01  1.19997284e+00 
 4.31000000e-01  1.19997324e+00 
 4.32000000e-01  1.19997363e+00 
 4.33000000e-01  1.19997401e+00 
 4.34000000e-01  1.19997439e+00 
 4.35000000e-01  1.19997477e+00 
 4.36000000e-01  1.19997513e+00 
 4.37000000e-01  1.19997549e+00 
 4.38000000e-01  1.19997585e+00 
 4.39000000e-01  1.19997620e+00 
 4.40000000e-01  1.19997654e+00 
 4.41000000e-01  1.19997688e+00 
 4.42000000e-01  1.19997721e+00 
 4.43000000e-01  1.19997754e+00 
 4.44000000e-01  1.19997786e+00 
 4.45000000e-01  1.19997817e+00 
 4.46000000e-01  1.19997848e+00 
 4.47000000e-01  1.19997879e+00 
 4.48000000e-01  1.19997909e+00 
 4.49000000e-01  1.19997938e+00 
 4.50000000e-01  1.19997968e+00 
 4.51000000e-01  1.19997996e+00 
 4.52000000e-01  1.19998024e+00 
 4.53000000e-01  1.19998052e+00 
 4.54000000e-01  1.19998079e+00 
 4.55000000e-01  1.19998106e+00 
 4.56000000e-01  1.19998132e+00 
 4.57000000e-01  1.19998158e+00 
 4.58000000e-01  1.19998183e+00 
 4.59000000e-01  1.19998209e+00 
 4.60000000e-01  1.19998233e+00 
 4.61000000e-01  1.19998257e+00 
 4.62000000e-01  1.19998281e+00 
 4.63000000e-01  1.19998305e+00 
 4.64000000e-01  1.19998328e+00 
 4.65000000e-01  1.19998350e+00 
 4.66000000e-01  1.19998373e+00 
 4.67000000e-01  1.19998395e+00 
 4.68000000e-01  1.19998416e+00 
 4.69000000e-01  1.19998437e+00 
 4.70000000e-01  1.19998458e+00 
 4.71000000e-01  1.19998479e+00 
 4.72000000e-01  1.19998499e+00 
 4.73000000e-01  1.19998519e+00 
 4.74000000e-01  1.19998538e+00 
 4.75000000e-01  1.19998558e+00 
 4.76000000e-01  1.19998577e+00 
 4.77000000e-01  1.19998595e+00 
 4.78000000e-01  1.19998613e+00 
 4.79000000e-01  1.19998631e+00 
 4.80000000e-01  1.19998649e+00 
 4.81000000e-01  1.19998667e+00 
 4.82000000e-01  1.19998684e+00 
 4.83000000e-01  1.19998700e+00 
 4.84000000e-01  1.19998717e+00 
 4.85000000e-01  1.19998733e+00 
 4.86000000e-01  1.19998749e+00 
 4.87000000e-01  1.19998765e+00 
 4.88000000e-01  1.19998781e+00 
 4.89000000e-01  1.19998796e+00 
 4.90000000e-01  1.19998811e+00 
 4.91000000e-01  1.19998826e+00 
 4.92000000e-01  1.19998840e+00 
 4.93000000e-01  1.19998855e+00 
 4.94000000e-01  1.19998869e+00 
 4.95000000e-01  1.19998882e+00 
 4.96000000e-01  1.19998896e+00 
 4.97000000e-01  1.19998909e+00 
 4.98000000e-01  1.19998923e+00 
 4.99000000e-01  1.19998935e+00 
 5.00000000e-01  1.19998948e+00 
 5.01000000e-01  1.19998961e+00 
 5.02000000e-01  1.19998973e+00 
 5.03000000e-01  1.19998985e+00 
 5.04000000e-01  1.19998997e+00 
 5.05000000e-01  1.19999009e+00 
 5.06000000e-01  1.19999020e+00 
 5.07000000e-01  1.19999032e+00 
 5.08000000e-01  1.19999043e+00 
 5.09000000e-01  1.19999054e+00 
 5.10000000e-01  1.19999065e+00 
 5.11000000e-01  1.19999075e+00 
 5.12000000e-01  1.19999086e+00 
 5.13000000e-01  1.19999096e+00 
 5.14000000e-01  1.19999106e+00 
 5.15000000e-01  1.19999116e+00 
 5.16000000e-01  1.19999126e+00 
 5.17000000e-01  1.19999135e+00 
 5.18000000e-01  1.19999145e+00 
 5.19000000e-01  1.19999154e+00 
 5.20000000e-01  1.19999163e+00 
 5.21000000e-01  1.19999172e+00 
 5.22000000e-01  1.19999181e+00 
 5.23000000e-01  1.19999190e+00 
 5.24000000e-01  1.19999198e+00 
 5.25000000e-01  1.19999207e+00 
 5.26000000e-01  1.19999215e+00 
 5.27000000e-01  1.19999223e+00 
 5.28000000e-01  1.19999231e+00 
 5.29000000e-01  1.19999239e+00 
 5.30000000e-01  1.19999247e+00 
 5.31000000e-01  1.19999255e+00 
 5.32000000e-01  1.19999262e+00 
 5.33000000e-01  1.19999269e+00 
 5.34000000e-01  1.19999277e+00 
 5.35000000e-01  1.19999284e+00 
 5.36000000e-01  1.19999291e+00 
 5.37000000e-01  1.19999298e+00 
 5.38000000e-01  1.19999305e+00 
 5.39000000e-01  1.19999311e+00 
 5.40000000e-01  1.19999318e+00 
 5.41000000e-01  1.19999324e+00 
 5.42000000e-01  1.19999331e+00 
 5.43000000e-01  1.19999337e+00 
 5.44000000e-01  1.19999343e+00 
 5.45000000e-01  1.19999349e+00 
 5.46000000e-01  1.19999355e+00 
 5.47000000e-01  1.19999361e+00 
 5.48000000e-01  1.19999367e+00 
 5.49000000e-01  1.19999372e+00 
 5.50000000e-01  1.19999378e+00 
 5.51000000e-01  1.19999383e+00 
 5.52000000e-01  1.19999389e+00 
 5.53000000e-01  1.19999394e+00 
 5.54000000e-01  1.19999399e+00 
 5.55000000e-01  1.19999404e+00 
 5.56000000e-01  1.19999409e+00 
 5.57000000e-01  1.19999414e+00 
 5.58000000e-01  1.19999419e+00 
 5.59000000e-01  1.19999424e+00 
 5.60000000e-01  1.19999429e+00 
 5.61000000e-01  1.19999433e+00 
 5.62000000e-01  1.19999438e+00 
 5.63000000e-01  1.19999442e+00 
 5.64000000e-01  1.19999447e+00 
 5.65000000e-01  1.19999451e+00 
 5.66000000e-01  1.19999455e+00 
 5.67000000e-01  1.19999460e+00 
 5.68000000e-01  1.19999464e+00 
 5.69000000e-01  1.19999468e+00 
 5.70000000e-01  1.19999472e+00 
 5.71000000e-01  1.19999476e+00 
 5.72000000e-01  1.19999479e+00 
 5.73000000e-01  1.19999483e+00 
 5.74000000e-01  1.19999487e+00 
 5.75000000e-01  1.19999491e+00 
 5.76000000e-01  1.19999494e+00 
 5.77000000e-01  1.19999498e+00 
 5.78000000e-01  1.19999501e+00 
 5.79000000e-01  1.19999505e+00 
 5.80000000e-01  1.19999508e+00 
 5.81000000e-01  1.19999511e+00 
 5.82000000e-01  1.19999515e+00 
 5.83000000e-01  1.19999518e+00 
 5.84000000e-01  1.19999521e+00 
 5.85000000e-01  1.19999524e+00 
 5.86000000e-01  1.19999527e+00 
 5.87000000e-01  1.19999530e+00 
 5.88000000e-01  1.19999533e+00 
 5.89000000e-01  1.19999536e+00 
 5.90000000e-01  1.19999539e+00 
 5.91000000e-01  1.19999541e+00 
 5.92000000e-01  1.19999544e+00 
 5.93000000e-01  1.19999547e+00 
 5.94000000e-01  1.19999549e+00 
 5.95000000e-01  1.19999552e+00 
 5.96000000e-01  1.19999555e+00 
 5.97000000e-01  1.19999557e+00 
 5.98000000e-01  1.19999560e+00 
 5.99000000e-01  1.19999562e+00 
 6.00000000e-01  1.19999564e+00 
