 v-sweep         VP              VD             
 0.00000000e+00 -3.58743447e-01  4.12565944e-02 
 1.20000000e-02 -3.48383627e-01  5.16164241e-02 
 2.40000000e-02 -3.38004256e-01  6.19958056e-02 
 3.60000000e-02 -3.27612285e-01  7.23877877e-02 
 4.80000000e-02 -3.17207988e-01  8.27920950e-02 
 6.00000000e-02 -3.06791627e-01  9.32084667e-02 
 7.20000000e-02 -2.96363453e-01  1.03636651e-01 
 8.40000000e-02 -2.85923710e-01  1.14076404e-01 
 9.60000000e-02 -2.75472635e-01  1.24527490e-01 
 1.08000000e-01 -2.65010454e-01  1.34989681e-01 
 1.20000000e-01 -2.54537390e-01  1.45462755e-01 
 1.32000000e-01 -2.44053656e-01  1.55946500e-01 
 1.44000000e-01 -2.33559458e-01  1.66440708e-01 
 1.56000000e-01 -2.23054999e-01  1.76945178e-01 
 1.68000000e-01 -2.12540473e-01  1.87459714e-01 
 1.80000000e-01 -2.02016069e-01  1.97984129e-01 
 1.92000000e-01 -1.91481969e-01  2.08518239e-01 
 2.04000000e-01 -1.80938353e-01  2.19061867e-01 
 2.16000000e-01 -1.70385391e-01  2.29614838e-01 
 2.28000000e-01 -1.59823253e-01  2.40176987e-01 
 2.40000000e-01 -1.49252100e-01  2.50748151e-01 
 2.52000000e-01 -1.38672091e-01  2.61328170e-01 
 2.64000000e-01 -1.28083380e-01  2.71916892e-01 
 2.76000000e-01 -1.17486116e-01  2.82514166e-01 
 2.88000000e-01 -1.06880444e-01  2.93119849e-01 
 3.00000000e-01 -9.62665066e-02  3.03733797e-01 
 3.12000000e-01 -8.56444401e-02  3.14355874e-01 
 3.24000000e-01 -7.50143788e-02  3.24985946e-01 
 3.36000000e-01 -6.43764530e-02  3.35623883e-01 
 3.48000000e-01 -5.37307896e-02  3.46269557e-01 
 3.60000000e-01 -4.30775123e-02  3.56922845e-01 
 3.72000000e-01 -3.24167414e-02  3.67583626e-01 
 3.84000000e-01 -2.17485944e-02  3.78251784e-01 
 3.96000000e-01 -1.10731857e-02  3.88927203e-01 
 4.08000000e-01 -3.87067225e-04  3.99613332e-01 
 4.20000000e-01  1.02989757e-02  4.10299386e-01 
 4.32000000e-01  2.09955095e-02  4.20995930e-01 
 4.44000000e-01  3.16988771e-02  4.31699309e-01 
 4.56000000e-01  4.24089754e-02  4.42409418e-01 
 4.68000000e-01  5.31257060e-02  4.53126159e-01 
 4.80000000e-01  6.38489724e-02  4.63849436e-01 
 4.92000000e-01  7.45786807e-02  4.74579155e-01 
 5.04000000e-01  8.53147390e-02  4.85315224e-01 
 5.16000000e-01  9.60570577e-02  4.96057554e-01 
 5.28000000e-01  1.06805549e-01  5.06806056e-01 
 5.40000000e-01  1.17560127e-01  5.17560645e-01 
 5.52000000e-01  1.28320709e-01  5.28321237e-01 
 5.64000000e-01  1.39087212e-01  5.39087751e-01 
 5.76000000e-01  1.49859556e-01  5.49860106e-01 
 5.88000000e-01  1.60637663e-01  5.60638224e-01 
 6.00000000e-01  1.71421457e-01  5.71422028e-01 
 6.12000000e-01  1.82210862e-01  5.82211444e-01 
 6.24000000e-01  1.93005804e-01  5.93006398e-01 
 6.36000000e-01  2.03806214e-01  6.03806817e-01 
 6.48000000e-01  2.14612019e-01  6.14612633e-01 
 6.60000000e-01  2.25423151e-01  6.25423776e-01 
 6.72000000e-01  2.36239542e-01  6.36240178e-01 
 6.84000000e-01  2.47061128e-01  6.47061775e-01 
 6.96000000e-01  2.57887842e-01  6.57888500e-01 
 7.08000000e-01  2.68719622e-01  6.68720290e-01 
 7.20000000e-01  2.79556405e-01  6.79557085e-01 
 7.32000000e-01  2.90398131e-01  6.90398821e-01 
 7.44000000e-01  3.01244740e-01  7.01245441e-01 
 7.56000000e-01  3.12096173e-01  7.12096885e-01 
 7.68000000e-01  3.22952374e-01  7.22953097e-01 
 7.80000000e-01  3.33813285e-01  7.33814019e-01 
 7.92000000e-01  3.44678852e-01  7.44679597e-01 
 8.04000000e-01  3.55549021e-01  7.55549777e-01 
 8.16000000e-01  3.66423738e-01  7.66424505e-01 
 8.28000000e-01  3.77302952e-01  7.77303729e-01 
 8.40000000e-01  3.88186611e-01  7.88187399e-01 
 8.52000000e-01  3.99074665e-01  7.99075464e-01 
 8.64000000e-01  4.09967065e-01  8.09967875e-01 
 8.76000000e-01  4.20863762e-01  8.20864583e-01 
 8.88000000e-01  4.31764710e-01  8.31765541e-01 
 9.00000000e-01  4.42669860e-01  8.42670703e-01 
 9.12000000e-01  4.53579169e-01  8.53580022e-01 
 9.24000000e-01  4.64492590e-01  8.64493454e-01 
 9.36000000e-01  4.75410079e-01  8.75410954e-01 
 9.48000000e-01  4.86331593e-01  8.86332480e-01 
 9.60000000e-01  4.97257090e-01  8.97257987e-01 
 9.72000000e-01  5.08186527e-01  9.08187435e-01 
 9.84000000e-01  5.19119863e-01  9.19120782e-01 
 9.96000000e-01  5.30057058e-01  9.30057988e-01 
 1.00800000e+00  5.40998071e-01  9.40999013e-01 
 1.02000000e+00  5.51942865e-01  9.51943817e-01 
 1.03200000e+00  5.62891399e-01  9.62892362e-01 
 1.04400000e+00  5.73843637e-01  9.73844611e-01 
 1.05600000e+00  5.84799541e-01  9.84800526e-01 
 1.06800000e+00  5.95759075e-01  9.95760070e-01 
 1.08000000e+00  6.06722201e-01  1.00672321e+00 
 1.09200000e+00  6.17688886e-01  1.01768990e+00 
 1.10400000e+00  6.28659094e-01  1.02866012e+00 
 1.11600000e+00  6.39632791e-01  1.03963383e+00 
 1.12800000e+00  6.50609943e-01  1.05061099e+00 
 1.14000000e+00  6.61590516e-01  1.06159158e+00 
 1.15200000e+00  6.72574479e-01  1.07257555e+00 
 1.16400000e+00  6.83561798e-01  1.08356288e+00 
 1.17600000e+00  6.94552443e-01  1.09455354e+00 
 1.18800000e+00  7.05546381e-01  1.10554749e+00 
 1.20000000e+00  7.16543583e-01  1.11654470e+00 
