 frequency       AmagdB          Aphdeg         
 1.00000000e+04  2.73214426e+01  1.79867517e+02 
 1.02305973e+04  2.73214416e+01  1.79864462e+02 
 1.04665121e+04  2.73214405e+01  1.79861337e+02 
 1.07078670e+04  2.73214393e+01  1.79858139e+02 
 1.09547876e+04  2.73214381e+01  1.79854868e+02 
 1.12074020e+04  2.73214368e+01  1.79851522e+02 
 1.14658417e+04  2.73214354e+01  1.79848098e+02 
 1.17302409e+04  2.73214340e+01  1.79844595e+02 
 1.20007371e+04  2.73214326e+01  1.79841011e+02 
 1.22774708e+04  2.73214310e+01  1.79837345e+02 
 1.25605860e+04  2.73214294e+01  1.79833594e+02 
 1.28502297e+04  2.73214277e+01  1.79829757e+02 
 1.31465525e+04  2.73214260e+01  1.79825831e+02 
 1.34497085e+04  2.73214241e+01  1.79821815e+02 
 1.37598551e+04  2.73214222e+01  1.79817706e+02 
 1.40771537e+04  2.73214202e+01  1.79813503e+02 
 1.44017690e+04  2.73214180e+01  1.79809202e+02 
 1.47338699e+04  2.73214158e+01  1.79804802e+02 
 1.50736290e+04  2.73214135e+01  1.79800301e+02 
 1.54212228e+04  2.73214111e+01  1.79795696e+02 
 1.57768320e+04  2.73214085e+01  1.79790985e+02 
 1.61406415e+04  2.73214059e+01  1.79786165e+02 
 1.65128404e+04  2.73214031e+01  1.79781234e+02 
 1.68936220e+04  2.73214002e+01  1.79776190e+02 
 1.72831844e+04  2.73213971e+01  1.79771029e+02 
 1.76817299e+04  2.73213939e+01  1.79765749e+02 
 1.80894658e+04  2.73213906e+01  1.79760347e+02 
 1.85066040e+04  2.73213871e+01  1.79754821e+02 
 1.89333613e+04  2.73213834e+01  1.79749167e+02 
 1.93699595e+04  2.73213796e+01  1.79743383e+02 
 1.98166255e+04  2.73213756e+01  1.79737466e+02 
 2.02735916e+04  2.73213714e+01  1.79731412e+02 
 2.07410951e+04  2.73213670e+01  1.79725218e+02 
 2.12193792e+04  2.73213624e+01  1.79718882e+02 
 2.17086923e+04  2.73213576e+01  1.79712400e+02 
 2.22092889e+04  2.73213526e+01  1.79705768e+02 
 2.27214291e+04  2.73213473e+01  1.79698983e+02 
 2.32453791e+04  2.73213418e+01  1.79692042e+02 
 2.37814113e+04  2.73213360e+01  1.79684940e+02 
 2.43298042e+04  2.73213300e+01  1.79677675e+02 
 2.48908429e+04  2.73213236e+01  1.79670243e+02 
 2.54648190e+04  2.73213170e+01  1.79662639e+02 
 2.60520309e+04  2.73213101e+01  1.79654860e+02 
 2.66527837e+04  2.73213028e+01  1.79646901e+02 
 2.72673897e+04  2.73212952e+01  1.79638759e+02 
 2.78961683e+04  2.73212873e+01  1.79630429e+02 
 2.85394464e+04  2.73212790e+01  1.79621907e+02 
 2.91975583e+04  2.73212703e+01  1.79613188e+02 
 2.98708461e+04  2.73212612e+01  1.79604269e+02 
 3.05596598e+04  2.73212516e+01  1.79595144e+02 
 3.12643573e+04  2.73212417e+01  1.79585808e+02 
 3.19853049e+04  2.73212312e+01  1.79576257e+02 
 3.27228774e+04  2.73212203e+01  1.79566486e+02 
 3.34774581e+04  2.73212088e+01  1.79556490e+02 
 3.42494392e+04  2.73211969e+01  1.79546263e+02 
 3.50392221e+04  2.73211843e+01  1.79535801e+02 
 3.58472171e+04  2.73211712e+01  1.79525097e+02 
 3.66738442e+04  2.73211575e+01  1.79514146e+02 
 3.75195331e+04  2.73211431e+01  1.79502943e+02 
 3.83847234e+04  2.73211281e+01  1.79491482e+02 
 3.92698648e+04  2.73211123e+01  1.79479756e+02 
 4.01754173e+04  2.73210959e+01  1.79467760e+02 
 4.11018515e+04  2.73210786e+01  1.79455487e+02 
 4.20496491e+04  2.73210606e+01  1.79442932e+02 
 4.30193027e+04  2.73210417e+01  1.79430087e+02 
 4.40113162e+04  2.73210219e+01  1.79416945e+02 
 4.50262052e+04  2.73210012e+01  1.79403501e+02 
 4.60644974e+04  2.73209795e+01  1.79389747e+02 
 4.71267322e+04  2.73209569e+01  1.79375676e+02 
 4.82134619e+04  2.73209331e+01  1.79361280e+02 
 4.93252513e+04  2.73209083e+01  1.79346553e+02 
 5.04626783e+04  2.73208823e+01  1.79331486e+02 
 5.16263340e+04  2.73208551e+01  1.79316072e+02 
 5.28168234e+04  2.73208266e+01  1.79300302e+02 
 5.40347650e+04  2.73207968e+01  1.79284169e+02 
 5.52807921e+04  2.73207656e+01  1.79267664e+02 
 5.65555523e+04  2.73207330e+01  1.79250778e+02 
 5.78597080e+04  2.73206988e+01  1.79233503e+02 
 5.91939372e+04  2.73206630e+01  1.79215830e+02 
 6.05589334e+04  2.73206256e+01  1.79197750e+02 
 6.19554061e+04  2.73205864e+01  1.79179252e+02 
 6.33840810e+04  2.73205454e+01  1.79160329e+02 
 6.48457008e+04  2.73205025e+01  1.79140969e+02 
 6.63410251e+04  2.73204576e+01  1.79121163e+02 
 6.78708313e+04  2.73204105e+01  1.79100901e+02 
 6.94359143e+04  2.73203613e+01  1.79080171e+02 
 7.10370877e+04  2.73203098e+01  1.79058964e+02 
 7.26751838e+04  2.73202559e+01  1.79037268e+02 
 7.43510539e+04  2.73201995e+01  1.79015072e+02 
 7.60655691e+04  2.73201404e+01  1.78992364e+02 
 7.78196206e+04  2.73200786e+01  1.78969133e+02 
 7.96141200e+04  2.73200139e+01  1.78945367e+02 
 8.14500001e+04  2.73199462e+01  1.78921053e+02 
 8.33282151e+04  2.73198754e+01  1.78896178e+02 
 8.52497412e+04  2.73198012e+01  1.78870731e+02 
 8.72155772e+04  2.73197236e+01  1.78844697e+02 
 8.92267449e+04  2.73196423e+01  1.78818063e+02 
 9.12842895e+04  2.73195573e+01  1.78790816e+02 
 9.33892805e+04  2.73194683e+01  1.78762941e+02 
 9.55428121e+04  2.73193751e+01  1.78734424e+02 
 9.77460036e+04  2.73192776e+01  1.78705250e+02 
 1.00000000e+05  2.73191756e+01  1.78675403e+02 
 1.02305973e+05  2.73190688e+01  1.78644870e+02 
 1.04665121e+05  2.73189570e+01  1.78613632e+02 
 1.07078670e+05  2.73188400e+01  1.78581676e+02 
 1.09547876e+05  2.73187176e+01  1.78548983e+02 
 1.12074020e+05  2.73185894e+01  1.78515538e+02 
 1.14658417e+05  2.73184553e+01  1.78481322e+02 
 1.17302409e+05  2.73183149e+01  1.78446318e+02 
 1.20007371e+05  2.73181680e+01  1.78410508e+02 
 1.22774708e+05  2.73180142e+01  1.78373874e+02 
 1.25605860e+05  2.73178533e+01  1.78336397e+02 
 1.28502297e+05  2.73176849e+01  1.78298056e+02 
 1.31465525e+05  2.73175086e+01  1.78258833e+02 
 1.34497085e+05  2.73173241e+01  1.78218708e+02 
 1.37598551e+05  2.73171309e+01  1.78177658e+02 
 1.40771537e+05  2.73169288e+01  1.78135664e+02 
 1.44017690e+05  2.73167173e+01  1.78092704e+02 
 1.47338699e+05  2.73164959e+01  1.78048755e+02 
 1.50736290e+05  2.73162642e+01  1.78003795e+02 
 1.54212228e+05  2.73160217e+01  1.77957801e+02 
 1.57768320e+05  2.73157679e+01  1.77910749e+02 
 1.61406415e+05  2.73155023e+01  1.77862615e+02 
 1.65128404e+05  2.73152243e+01  1.77813373e+02 
 1.68936220e+05  2.73149334e+01  1.77763000e+02 
 1.72831844e+05  2.73146289e+01  1.77711469e+02 
 1.76817299e+05  2.73143102e+01  1.77658753e+02 
 1.80894658e+05  2.73139767e+01  1.77604825e+02 
 1.85066040e+05  2.73136276e+01  1.77549658e+02 
 1.89333613e+05  2.73132623e+01  1.77493224e+02 
 1.93699595e+05  2.73128800e+01  1.77435493e+02 
 1.98166255e+05  2.73124799e+01  1.77376436e+02 
 2.02735916e+05  2.73120612e+01  1.77316023e+02 
 2.07410951e+05  2.73116230e+01  1.77254223e+02 
 2.12193792e+05  2.73111643e+01  1.77191005e+02 
 2.17086923e+05  2.73106844e+01  1.77126335e+02 
 2.22092889e+05  2.73101821e+01  1.77060182e+02 
 2.27214291e+05  2.73096564e+01  1.76992511e+02 
 2.32453791e+05  2.73091063e+01  1.76923288e+02 
 2.37814113e+05  2.73085305e+01  1.76852478e+02 
 2.43298042e+05  2.73079280e+01  1.76780045e+02 
 2.48908429e+05  2.73072975e+01  1.76705952e+02 
 2.54648190e+05  2.73066377e+01  1.76630162e+02 
 2.60520309e+05  2.73059472e+01  1.76552636e+02 
 2.66527837e+05  2.73052246e+01  1.76473335e+02 
 2.72673897e+05  2.73044684e+01  1.76392219e+02 
 2.78961683e+05  2.73036771e+01  1.76309248e+02 
 2.85394464e+05  2.73028490e+01  1.76224378e+02 
 2.91975583e+05  2.73019825e+01  1.76137569e+02 
 2.98708461e+05  2.73010757e+01  1.76048775e+02 
 3.05596598e+05  2.73001269e+01  1.75957954e+02 
 3.12643573e+05  2.72991339e+01  1.75865059e+02 
 3.19853049e+05  2.72980949e+01  1.75770043e+02 
 3.27228774e+05  2.72970077e+01  1.75672861e+02 
 3.34774581e+05  2.72958701e+01  1.75573462e+02 
 3.42494392e+05  2.72946797e+01  1.75471799e+02 
 3.50392221e+05  2.72934342e+01  1.75367820e+02 
 3.58472171e+05  2.72921309e+01  1.75261474e+02 
 3.66738442e+05  2.72907672e+01  1.75152709e+02 
 3.75195331e+05  2.72893404e+01  1.75041472e+02 
 3.83847234e+05  2.72878475e+01  1.74927708e+02 
 3.92698648e+05  2.72862855e+01  1.74811361e+02 
 4.01754173e+05  2.72846512e+01  1.74692374e+02 
 4.11018515e+05  2.72829414e+01  1.74570690e+02 
 4.20496491e+05  2.72811525e+01  1.74446250e+02 
 4.30193027e+05  2.72792810e+01  1.74318994e+02 
 4.40113162e+05  2.72773230e+01  1.74188860e+02 
 4.50262052e+05  2.72752746e+01  1.74055786e+02 
 4.60644974e+05  2.72731317e+01  1.73919709e+02 
 4.71267322e+05  2.72708899e+01  1.73780564e+02 
 4.82134619e+05  2.72685448e+01  1.73638285e+02 
 4.93252513e+05  2.72660917e+01  1.73492804e+02 
 5.04626783e+05  2.72635256e+01  1.73344054e+02 
 5.16263340e+05  2.72608414e+01  1.73191966e+02 
 5.28168234e+05  2.72580337e+01  1.73036468e+02 
 5.40347650e+05  2.72550971e+01  1.72877489e+02 
 5.52807921e+05  2.72520255e+01  1.72714955e+02 
 5.65555523e+05  2.72488130e+01  1.72548793e+02 
 5.78597080e+05  2.72454532e+01  1.72378927e+02 
 5.91939372e+05  2.72419394e+01  1.72205280e+02 
 6.05589334e+05  2.72382647e+01  1.72027775e+02 
 6.19554061e+05  2.72344220e+01  1.71846333e+02 
 6.33840810e+05  2.72304036e+01  1.71660874e+02 
 6.48457008e+05  2.72262017e+01  1.71471316e+02 
 6.63410251e+05  2.72218081e+01  1.71277577e+02 
 6.78708313e+05  2.72172143e+01  1.71079575e+02 
 6.94359143e+05  2.72124115e+01  1.70877224e+02 
 7.10370877e+05  2.72073902e+01  1.70670439e+02 
 7.26751838e+05  2.72021409e+01  1.70459135e+02 
 7.43510539e+05  2.71966535e+01  1.70243222e+02 
 7.60655691e+05  2.71909176e+01  1.70022615e+02 
 7.78196206e+05  2.71849221e+01  1.69797222e+02 
 7.96141200e+05  2.71786559e+01  1.69566955e+02 
 8.14500001e+05  2.71721069e+01  1.69331723e+02 
 8.33282151e+05  2.71652630e+01  1.69091435e+02 
 8.52497412e+05  2.71581114e+01  1.68845999e+02 
 8.72155772e+05  2.71506387e+01  1.68595322e+02 
 8.92267449e+05  2.71428311e+01  1.68339313e+02 
 9.12842895e+05  2.71346744e+01  1.68077877e+02 
 9.33892805e+05  2.71261534e+01  1.67810923e+02 
 9.55428121e+05  2.71172529e+01  1.67538356e+02 
 9.77460036e+05  2.71079566e+01  1.67260083e+02 
 1.00000000e+06  2.70982479e+01  1.66976010e+02 
 1.02305973e+06  2.70881095e+01  1.66686046e+02 
 1.04665121e+06  2.70775234e+01  1.66390097e+02 
 1.07078670e+06  2.70664710e+01  1.66088072e+02 
 1.09547876e+06  2.70549331e+01  1.65779879e+02 
 1.12074020e+06  2.70428897e+01  1.65465428e+02 
 1.14658417e+06  2.70303200e+01  1.65144629e+02 
 1.17302409e+06  2.70172029e+01  1.64817395e+02 
 1.20007371e+06  2.70035161e+01  1.64483638e+02 
 1.22774708e+06  2.69892369e+01  1.64143276e+02 
 1.25605860e+06  2.69743416e+01  1.63796223e+02 
 1.28502297e+06  2.69588060e+01  1.63442401e+02 
 1.31465525e+06  2.69426050e+01  1.63081729e+02 
 1.34497085e+06  2.69257126e+01  1.62714134e+02 
 1.37598551e+06  2.69081023e+01  1.62339542e+02 
 1.40771537e+06  2.68897466e+01  1.61957883e+02 
 1.44017690e+06  2.68706174e+01  1.61569093e+02 
 1.47338699e+06  2.68506856e+01  1.61173108e+02 
 1.50736290e+06  2.68299215e+01  1.60769872e+02 
 1.54212228e+06  2.68082945e+01  1.60359330e+02 
 1.57768320e+06  2.67857734e+01  1.59941435e+02 
 1.61406415e+06  2.67623261e+01  1.59516142e+02 
 1.65128404e+06  2.67379198e+01  1.59083414e+02 
 1.68936220e+06  2.67125209e+01  1.58643220e+02 
 1.72831844e+06  2.66860954e+01  1.58195533e+02 
 1.76817299e+06  2.66586082e+01  1.57740334e+02 
 1.80894658e+06  2.66300239e+01  1.57277612e+02 
 1.85066040e+06  2.66003062e+01  1.56807361e+02 
 1.89333613e+06  2.65694185e+01  1.56329585e+02 
 1.93699595e+06  2.65373234e+01  1.55844295e+02 
 1.98166255e+06  2.65039832e+01  1.55351510e+02 
 2.02735916e+06  2.64693597e+01  1.54851260e+02 
 2.07410951e+06  2.64334142e+01  1.54343581e+02 
 2.12193792e+06  2.63961078e+01  1.53828520e+02 
 2.17086923e+06  2.63574013e+01  1.53306136e+02 
 2.22092889e+06  2.63172552e+01  1.52776495e+02 
 2.27214291e+06  2.62756301e+01  1.52239675e+02 
 2.32453791e+06  2.62324863e+01  1.51695764e+02 
 2.37814113e+06  2.61877842e+01  1.51144862e+02 
 2.43298042e+06  2.61414844e+01  1.50587079e+02 
 2.48908429e+06  2.60935477e+01  1.50022538e+02 
 2.54648190e+06  2.60439351e+01  1.49451371e+02 
 2.60520309e+06  2.59926080e+01  1.48873724e+02 
 2.66527837e+06  2.59395285e+01  1.48289753e+02 
 2.72673897e+06  2.58846590e+01  1.47699628e+02 
 2.78961683e+06  2.58279629e+01  1.47103528e+02 
 2.85394464e+06  2.57694041e+01  1.46501644e+02 
 2.91975583e+06  2.57089478e+01  1.45894182e+02 
 2.98708461e+06  2.56465598e+01  1.45281354e+02 
 3.05596598e+06  2.55822074e+01  1.44663388e+02 
 3.12643573e+06  2.55158591e+01  1.44040520e+02 
 3.19853049e+06  2.54474844e+01  1.43412997e+02 
 3.27228774e+06  2.53770548e+01  1.42781077e+02 
 3.34774581e+06  2.53045429e+01  1.42145027e+02 
 3.42494392e+06  2.52299233e+01  1.41505125e+02 
 3.50392221e+06  2.51531721e+01  1.40861654e+02 
 3.58472171e+06  2.50742674e+01  1.40214910e+02 
 3.66738442e+06  2.49931892e+01  1.39565193e+02 
 3.75195331e+06  2.49099195e+01  1.38912811e+02 
 3.83847234e+06  2.48244424e+01  1.38258078e+02 
 3.92698648e+06  2.47367441e+01  1.37601315e+02 
 4.01754173e+06  2.46468130e+01  1.36942844e+02 
 4.11018515e+06  2.45546398e+01  1.36282994e+02 
 4.20496491e+06  2.44602174e+01  1.35622097e+02 
 4.30193027e+06  2.43635412e+01  1.34960485e+02 
 4.40113162e+06  2.42646086e+01  1.34298492e+02 
 4.50262052e+06  2.41634198e+01  1.33636454e+02 
 4.60644974e+06  2.40599769e+01  1.32974704e+02 
 4.71267322e+06  2.39542846e+01  1.32313575e+02 
 4.82134619e+06  2.38463498e+01  1.31653399e+02 
 4.93252513e+06  2.37361818e+01  1.30994501e+02 
 5.04626783e+06  2.36237920e+01  1.30337206e+02 
 5.16263340e+06  2.35091941e+01  1.29681833e+02 
 5.28168234e+06  2.33924041e+01  1.29028693e+02 
 5.40347650e+06  2.32734397e+01  1.28378095e+02 
 5.52807921e+06  2.31523209e+01  1.27730337e+02 
 5.65555523e+06  2.30290696e+01  1.27085712e+02 
 5.78597080e+06  2.29037095e+01  1.26444503e+02 
 5.91939372e+06  2.27762661e+01  1.25806985e+02 
 6.05589334e+06  2.26467665e+01  1.25173423e+02 
 6.19554061e+06  2.25152395e+01  1.24544072e+02 
 6.33840810e+06  2.23817153e+01  1.23919178e+02 
 6.48457008e+06  2.22462254e+01  1.23298973e+02 
 6.63410251e+06  2.21088026e+01  1.22683681e+02 
 6.78708313e+06  2.19694809e+01  1.22073514e+02 
 6.94359143e+06  2.18282954e+01  1.21468671e+02 
 7.10370877e+06  2.16852818e+01  1.20869341e+02 
 7.26751838e+06  2.15404770e+01  1.20275700e+02 
 7.43510539e+06  2.13939185e+01  1.19687912e+02 
 7.60655691e+06  2.12456443e+01  1.19106130e+02 
 7.78196206e+06  2.10956931e+01  1.18530495e+02 
 7.96141200e+06  2.09441037e+01  1.17961134e+02 
 8.14500001e+06  2.07909155e+01  1.17398165e+02 
 8.33282151e+06  2.06361680e+01  1.16841693e+02 
 8.52497412e+06  2.04799009e+01  1.16291812e+02 
 8.72155772e+06  2.03221538e+01  1.15748604e+02 
 8.92267449e+06  2.01629664e+01  1.15212141e+02 
 9.12842895e+06  2.00023781e+01  1.14682483e+02 
 9.33892805e+06  1.98404283e+01  1.14159681e+02 
 9.55428121e+06  1.96771560e+01  1.13643775e+02 
 9.77460036e+06  1.95126000e+01  1.13134796e+02 
 1.00000000e+07  1.93467986e+01  1.12632764e+02 
 1.02305973e+07  1.91797897e+01  1.12137691e+02 
 1.04665121e+07  1.90116107e+01  1.11649580e+02 
 1.07078670e+07  1.88422986e+01  1.11168426e+02 
 1.09547876e+07  1.86718896e+01  1.10694214e+02 
 1.12074020e+07  1.85004194e+01  1.10226925e+02 
 1.14658417e+07  1.83279232e+01  1.09766528e+02 
 1.17302409e+07  1.81544352e+01  1.09312989e+02 
 1.20007371e+07  1.79799892e+01  1.08866265e+02 
 1.22774708e+07  1.78046182e+01  1.08426309e+02 
 1.25605860e+07  1.76283544e+01  1.07993066e+02 
 1.28502297e+07  1.74512293e+01  1.07566475e+02 
 1.31465525e+07  1.72732736e+01  1.07146473e+02 
 1.34497085e+07  1.70945174e+01  1.06732990e+02 
 1.37598551e+07  1.69149899e+01  1.06325950e+02 
 1.40771537e+07  1.67347194e+01  1.05925276e+02 
 1.44017690e+07  1.65537337e+01  1.05530885e+02 
 1.47338699e+07  1.63720597e+01  1.05142692e+02 
 1.50736290e+07  1.61897234e+01  1.04760605e+02 
 1.54212228e+07  1.60067503e+01  1.04384534e+02 
 1.57768320e+07  1.58231649e+01  1.04014382e+02 
 1.61406415e+07  1.56389911e+01  1.03650052e+02 
 1.65128404e+07  1.54542521e+01  1.03291444e+02 
 1.68936220e+07  1.52689702e+01  1.02938454e+02 
 1.72831844e+07  1.50831671e+01  1.02590979e+02 
 1.76817299e+07  1.48968639e+01  1.02248913e+02 
 1.80894658e+07  1.47100808e+01  1.01912148e+02 
 1.85066040e+07  1.45228375e+01  1.01580575e+02 
 1.89333613e+07  1.43351529e+01  1.01254083e+02 
 1.93699595e+07  1.41470454e+01  1.00932563e+02 
 1.98166255e+07  1.39585328e+01  1.00615901e+02 
 2.02735916e+07  1.37696321e+01  1.00303985e+02 
 2.07410951e+07  1.35803598e+01  9.99967019e+01 
 2.12193792e+07  1.33907320e+01  9.96939369e+01 
 2.17086923e+07  1.32007639e+01  9.93955761e+01 
 2.22092889e+07  1.30104705e+01  9.91015047e+01 
 2.27214291e+07  1.28198662e+01  9.88116078e+01 
 2.32453791e+07  1.26289647e+01  9.85257706e+01 
 2.37814113e+07  1.24377793e+01  9.82438778e+01 
 2.43298042e+07  1.22463231e+01  9.79658144e+01 
 2.48908429e+07  1.20546083e+01  9.76914655e+01 
 2.54648190e+07  1.18626470e+01  9.74207162e+01 
 2.60520309e+07  1.16704508e+01  9.71534518e+01 
 2.66527837e+07  1.14780308e+01  9.68895579e+01 
 2.72673897e+07  1.12853978e+01  9.66289204e+01 
 2.78961683e+07  1.10925623e+01  9.63714254e+01 
 2.85394464e+07  1.08995342e+01  9.61169592e+01 
 2.91975583e+07  1.07063233e+01  9.58654089e+01 
 2.98708461e+07  1.05129390e+01  9.56166614e+01 
 3.05596598e+07  1.03193904e+01  9.53706044e+01 
 3.12643573e+07  1.01256862e+01  9.51271259e+01 
 3.19853049e+07  9.93183501e+00  9.48861143e+01 
 3.27228774e+07  9.73784499e+00  9.46474583e+01 
 3.34774581e+07  9.54372415e+00  9.44110471e+01 
 3.42494392e+07  9.34948024e+00  9.41767704e+01 
 3.50392221e+07  9.15512077e+00  9.39445183e+01 
 3.58472171e+07  8.96065306e+00  9.37141810e+01 
 3.66738442e+07  8.76608419e+00  9.34856496e+01 
 3.75195331e+07  8.57142109e+00  9.32588151e+01 
 3.83847234e+07  8.37667050e+00  9.30335692e+01 
 3.92698648e+07  8.18183898e+00  9.28098039e+01 
 4.01754173e+07  7.98693298e+00  9.25874113e+01 
 4.11018515e+07  7.79195876e+00  9.23662842e+01 
 4.20496491e+07  7.59692249e+00  9.21463154e+01 
 4.30193027e+07  7.40183020e+00  9.19273981e+01 
 4.40113162e+07  7.20668782e+00  9.17094258e+01 
 4.50262052e+07  7.01150119e+00  9.14922921e+01 
 4.60644974e+07  6.81627606e+00  9.12758909e+01 
 4.71267322e+07  6.62101811e+00  9.10601163e+01 
 4.82134619e+07  6.42573295e+00  9.08448626e+01 
 4.93252513e+07  6.23042616e+00  9.06300242e+01 
 5.04626783e+07  6.03510324e+00  9.04154955e+01 
 5.16263340e+07  5.83976971e+00  9.02011710e+01 
 5.28168234e+07  5.64443101e+00  8.99869455e+01 
 5.40347650e+07  5.44909263e+00  8.97727135e+01 
 5.52807921e+07  5.25376002e+00  8.95583697e+01 
 5.65555523e+07  5.05843866e+00  8.93438087e+01 
 5.78597080e+07  4.86313403e+00  8.91289251e+01 
 5.91939372e+07  4.66785167e+00  8.89136133e+01 
 6.05589334e+07  4.47259715e+00  8.86977678e+01 
 6.19554061e+07  4.27737609e+00  8.84812826e+01 
 6.33840810e+07  4.08219418e+00  8.82640520e+01 
 6.48457008e+07  3.88705717e+00  8.80459697e+01 
 6.63410251e+07  3.69197092e+00  8.78269294e+01 
 6.78708313e+07  3.49694136e+00  8.76068245e+01 
 6.94359143e+07  3.30197455e+00  8.73855482e+01 
 7.10370877e+07  3.10707666e+00  8.71629934e+01 
 7.26751838e+07  2.91225397e+00  8.69390525e+01 
 7.43510539e+07  2.71751295e+00  8.67136179e+01 
 7.60655691e+07  2.52286017e+00  8.64865814e+01 
 7.78196206e+07  2.32830239e+00  8.62578346e+01 
 7.96141200e+07  2.13384656e+00  8.60272687e+01 
 8.14500001e+07  1.93949980e+00  8.57947743e+01 
 8.33282151e+07  1.74526943e+00  8.55602420e+01 
 8.52497412e+07  1.55116300e+00  8.53235616e+01 
 8.72155772e+07  1.35718828e+00  8.50846228e+01 
 8.92267449e+07  1.16335328e+00  8.48433147e+01 
 9.12842895e+07  9.69666278e-01  8.45995261e+01 
 9.33892805e+07  7.76135797e-01  8.43531451e+01 
 9.55428121e+07  5.82770661e-01  8.41040599e+01 
 9.77460036e+07  3.89579984e-01  8.38521578e+01 
 1.00000000e+08  1.96573195e-01  8.35973260e+01 
 1.02305973e+08  3.76004721e-03  8.33394513e+01 
 1.04665121e+08 -1.88849364e-01  8.30784201e+01 
 1.07078670e+08 -3.81244585e-01  8.28141184e+01 
 1.09547876e+08 -5.73414792e-01  8.25464321e+01 
 1.12074020e+08 -7.65348770e-01  8.22752466e+01 
 1.14658417e+08 -9.57034902e-01  8.20004472e+01 
 1.17302409e+08 -1.14846115e+00  8.17219191e+01 
 1.20007371e+08 -1.33961503e+00  8.14395473e+01 
 1.22774708e+08 -1.53048361e+00  8.11532166e+01 
 1.25605860e+08 -1.72105350e+00  8.08628120e+01 
 1.28502297e+08 -1.91131079e+00  8.05682185e+01 
 1.31465525e+08 -2.10124110e+00  8.02693212e+01 
 1.34497085e+08 -2.29082950e+00  7.99660054e+01 
 1.37598551e+08 -2.48006054e+00  7.96581568e+01 
 1.40771537e+08 -2.66891819e+00  7.93456614e+01 
 1.44017690e+08 -2.85738587e+00  7.90284058e+01 
 1.47338699e+08 -3.04544640e+00  7.87062773e+01 
 1.50736290e+08 -3.23308197e+00  7.83791639e+01 
 1.54212228e+08 -3.42027419e+00  7.80469544e+01 
 1.57768320e+08 -3.60700400e+00  7.77095389e+01 
 1.61406415e+08 -3.79325167e+00  7.73668085e+01 
 1.65128404e+08 -3.97899683e+00  7.70186558e+01 
 1.68936220e+08 -4.16421841e+00  7.66649749e+01 
 1.72831844e+08 -4.34889463e+00  7.63056616e+01 
 1.76817299e+08 -4.53300302e+00  7.59406136e+01 
 1.80894658e+08 -4.71652035e+00  7.55697310e+01 
 1.85066040e+08 -4.89942269e+00  7.51929159e+01 
 1.89333613e+08 -5.08168533e+00  7.48100734e+01 
 1.93699595e+08 -5.26328283e+00  7.44211112e+01 
 1.98166255e+08 -5.44418897e+00  7.40259402e+01 
 2.02735916e+08 -5.62437678e+00  7.36244746e+01 
 2.07410951e+08 -5.80381850e+00  7.32166324e+01 
 2.12193792e+08 -5.98248560e+00  7.28023353e+01 
 2.17086923e+08 -6.16034880e+00  7.23815096e+01 
 2.22092889e+08 -6.33737801e+00  7.19540860e+01 
 2.27214291e+08 -6.51354242e+00  7.15200000e+01 
 2.32453791e+08 -6.68881042e+00  7.10791925e+01 
 2.37814113e+08 -6.86314970e+00  7.06316097e+01 
 2.43298042e+08 -7.03652718e+00  7.01772041e+01 
 2.48908429e+08 -7.20890909e+00  6.97159342e+01 
 2.54648190e+08 -7.38026097e+00  6.92477652e+01 
 2.60520309e+08 -7.55054767e+00  6.87726692e+01 
 2.66527837e+08 -7.71973343e+00  6.82906259e+01 
 2.72673897e+08 -7.88778187e+00  6.78016224e+01 
 2.78961683e+08 -8.05465604e+00  6.73056543e+01 
 2.85394464e+08 -8.22031845e+00  6.68027253e+01 
 2.91975583e+08 -8.38473116e+00  6.62928482e+01 
 2.98708461e+08 -8.54785577e+00  6.57760448e+01 
 3.05596598e+08 -8.70965351e+00  6.52523465e+01 
 3.12643573e+08 -8.87008529e+00  6.47217945e+01 
 3.19853049e+08 -9.02911177e+00  6.41844404e+01 
 3.27228774e+08 -9.18669343e+00  6.36403461e+01 
 3.34774581e+08 -9.34279062e+00  6.30895842e+01 
 3.42494392e+08 -9.49736367e+00  6.25322384e+01 
 3.50392221e+08 -9.65037295e+00  6.19684038e+01 
 3.58472171e+08 -9.80177896e+00  6.13981867e+01 
 3.66738442e+08 -9.95154246e+00  6.08217054e+01 
 3.75195331e+08 -1.00996245e+01  6.02390896e+01 
 3.83847234e+08 -1.02459865e+01  5.96504811e+01 
 3.92698648e+08 -1.03905905e+01  5.90560335e+01 
 4.01754173e+08 -1.05333990e+01  5.84559127e+01 
 4.11018515e+08 -1.06743755e+01  5.78502960e+01 
 4.20496491e+08 -1.08134841e+01  5.72393731e+01 
 4.30193027e+08 -1.09506899e+01  5.66233450e+01 
 4.40113162e+08 -1.10859590e+01  5.60024246e+01 
 4.50262052e+08 -1.12192589e+01  5.53768360e+01 
 4.60644974e+08 -1.13505580e+01  5.47468143e+01 
 4.71267322e+08 -1.14798263e+01  5.41126055e+01 
 4.82134619e+08 -1.16070354e+01  5.34744657e+01 
 4.93252513e+08 -1.17321582e+01  5.28326612e+01 
 5.04626783e+08 -1.18551694e+01  5.21874675e+01 
 5.16263340e+08 -1.19760455e+01  5.15391692e+01 
 5.28168234e+08 -1.20947648e+01  5.08880588e+01 
 5.40347650e+08 -1.22113078e+01  5.02344369e+01 
 5.52807921e+08 -1.23256566e+01  4.95786108e+01 
 5.65555523e+08 -1.24377956e+01  4.89208941e+01 
 5.78597080e+08 -1.25477115e+01  4.82616058e+01 
 5.91939372e+08 -1.26553930e+01  4.76010698e+01 
 6.05589334e+08 -1.27608312e+01  4.69396137e+01 
 6.19554061e+08 -1.28640193e+01  4.62775683e+01 
 6.33840810e+08 -1.29649529e+01  4.56152663e+01 
 6.48457008e+08 -1.30636302e+01  4.49530421e+01 
 6.63410251e+08 -1.31600513e+01  4.42912300e+01 
 6.78708313e+08 -1.32542189e+01  4.36301644e+01 
 6.94359143e+08 -1.33461381e+01  4.29701779e+01 
 7.10370877e+08 -1.34358160e+01  4.23116011e+01 
 7.26751838e+08 -1.35232625e+01  4.16547614e+01 
 7.43510539e+08 -1.36084891e+01  4.09999826e+01 
 7.60655691e+08 -1.36915100e+01  4.03475834e+01 
 7.78196206e+08 -1.37723414e+01  3.96978771e+01 
 7.96141200e+08 -1.38510014e+01  3.90511710e+01 
 8.14500001e+08 -1.39275103e+01  3.84077651e+01 
 8.33282151e+08 -1.40018903e+01  3.77679519e+01 
 8.52497412e+08 -1.40741653e+01  3.71320158e+01 
 8.72155772e+08 -1.41443610e+01  3.65002322e+01 
 8.92267449e+08 -1.42125050e+01  3.58728672e+01 
 9.12842895e+08 -1.42786260e+01  3.52501770e+01 
 9.33892805e+08 -1.43427545e+01  3.46324076e+01 
 9.55428121e+08 -1.44049223e+01  3.40197946e+01 
 9.77460036e+08 -1.44651623e+01  3.34125624e+01 
 1.00000000e+09 -1.45235086e+01  3.28109241e+01 
 1.02305973e+09 -1.45799962e+01  3.22150819e+01 
 1.04665121e+09 -1.46346614e+01  3.16252258e+01 
 1.07078670e+09 -1.46875408e+01  3.10415348e+01 
 1.09547876e+09 -1.47386719e+01  3.04641756e+01 
 1.12074020e+09 -1.47880930e+01  2.98933035e+01 
 1.14658417e+09 -1.48358426e+01  2.93290620e+01 
 1.17302409e+09 -1.48819597e+01  2.87715830e+01 
 1.20007371e+09 -1.49264835e+01  2.82209870e+01 
 1.22774708e+09 -1.49694536e+01  2.76773830e+01 
 1.25605860e+09 -1.50109094e+01  2.71408688e+01 
 1.28502297e+09 -1.50508907e+01  2.66115315e+01 
 1.31465525e+09 -1.50894368e+01  2.60894472e+01 
 1.34497085e+09 -1.51265873e+01  2.55746817e+01 
 1.37598551e+09 -1.51623814e+01  2.50672907e+01 
 1.40771537e+09 -1.51968578e+01  2.45673201e+01 
 1.44017690e+09 -1.52300553e+01  2.40748062e+01 
 1.47338699e+09 -1.52620119e+01  2.35897761e+01 
 1.50736290e+09 -1.52927654e+01  2.31122482e+01 
 1.54212228e+09 -1.53223531e+01  2.26422325e+01 
 1.57768320e+09 -1.53508115e+01  2.21797307e+01 
 1.61406415e+09 -1.53781769e+01  2.17247370e+01 
 1.65128404e+09 -1.54044846e+01  2.12772382e+01 
 1.68936220e+09 -1.54297695e+01  2.08372141e+01 
 1.72831844e+09 -1.54540657e+01  2.04046380e+01 
 1.76817299e+09 -1.54774066e+01  1.99794769e+01 
 1.80894658e+09 -1.54998250e+01  1.95616920e+01 
 1.85066040e+09 -1.55213529e+01  1.91512389e+01 
 1.89333613e+09 -1.55420214e+01  1.87480681e+01 
 1.93699595e+09 -1.55618610e+01  1.83521254e+01 
 1.98166255e+09 -1.55809014e+01  1.79633521e+01 
 2.02735916e+09 -1.55991714e+01  1.75816853e+01 
 2.07410951e+09 -1.56166992e+01  1.72070583e+01 
 2.12193792e+09 -1.56335121e+01  1.68394008e+01 
 2.17086923e+09 -1.56496366e+01  1.64786395e+01 
 2.22092889e+09 -1.56650986e+01  1.61246980e+01 
 2.27214291e+09 -1.56799231e+01  1.57774972e+01 
 2.32453791e+09 -1.56941342e+01  1.54369557e+01 
 2.37814113e+09 -1.57077555e+01  1.51029900e+01 
 2.43298042e+09 -1.57208097e+01  1.47755146e+01 
 2.48908429e+09 -1.57333189e+01  1.44544422e+01 
 2.54648190e+09 -1.57453042e+01  1.41396841e+01 
 2.60520309e+09 -1.57567864e+01  1.38311506e+01 
 2.66527837e+09 -1.57677852e+01  1.35287505e+01 
 2.72673897e+09 -1.57783199e+01  1.32323920e+01 
 2.78961683e+09 -1.57884089e+01  1.29419824e+01 
 2.85394464e+09 -1.57980702e+01  1.26574287e+01 
 2.91975583e+09 -1.58073211e+01  1.23786371e+01 
 2.98708461e+09 -1.58161780e+01  1.21055139e+01 
 3.05596598e+09 -1.58246572e+01  1.18379652e+01 
 3.12643573e+09 -1.58327739e+01  1.15758968e+01 
 3.19853049e+09 -1.58405430e+01  1.13192150e+01 
 3.27228774e+09 -1.58479789e+01  1.10678261e+01 
 3.34774581e+09 -1.58550953e+01  1.08216368e+01 
 3.42494392e+09 -1.58619054e+01  1.05805541e+01 
 3.50392221e+09 -1.58684220e+01  1.03444856e+01 
 3.58472171e+09 -1.58746573e+01  1.01133396e+01 
 3.66738442e+09 -1.58806231e+01  9.88702468e+00 
 3.75195331e+09 -1.58863306e+01  9.66545047e+00 
 3.83847234e+09 -1.58917908e+01  9.44852722e+00 
 3.92698648e+09 -1.58970141e+01  9.23616605e+00 
 4.01754173e+09 -1.59020105e+01  9.02827893e+00 
 4.11018515e+09 -1.59067895e+01  8.82477878e+00 
 4.20496491e+09 -1.59113605e+01  8.62557945e+00 
 4.30193027e+09 -1.59157323e+01  8.43059581e+00 
 4.40113162e+09 -1.59199134e+01  8.23974375e+00 
 4.50262052e+09 -1.59239119e+01  8.05294022e+00 
 4.60644974e+09 -1.59277357e+01  7.87010325e+00 
 4.71267322e+09 -1.59313923e+01  7.69115195e+00 
 4.82134619e+09 -1.59348887e+01  7.51600658e+00 
 4.93252513e+09 -1.59382320e+01  7.34458852e+00 
 5.04626783e+09 -1.59414287e+01  7.17682027e+00 
 5.16263340e+09 -1.59444852e+01  7.01262552e+00 
 5.28168234e+09 -1.59474075e+01  6.85192911e+00 
 5.40347650e+09 -1.59502014e+01  6.69465703e+00 
 5.52807921e+09 -1.59528726e+01  6.54073644e+00 
 5.65555523e+09 -1.59554262e+01  6.39009570e+00 
 5.78597080e+09 -1.59578675e+01  6.24266430e+00 
 5.91939372e+09 -1.59602014e+01  6.09837291e+00 
 6.05589334e+09 -1.59624324e+01  5.95715335e+00 
 6.19554061e+09 -1.59645651e+01  5.81893863e+00 
 6.33840810e+09 -1.59666038e+01  5.68366286e+00 
 6.48457008e+09 -1.59685526e+01  5.55126133e+00 
 6.63410251e+09 -1.59704154e+01  5.42167044e+00 
 6.78708313e+09 -1.59721961e+01  5.29482772e+00 
 6.94359143e+09 -1.59738981e+01  5.17067181e+00 
 7.10370877e+09 -1.59755249e+01  5.04914244e+00 
 7.26751838e+09 -1.59770799e+01  4.93018046e+00 
 7.43510539e+09 -1.59785662e+01  4.81372774e+00 
 7.60655691e+09 -1.59799868e+01  4.69972727e+00 
 7.78196206e+09 -1.59813447e+01  4.58812304e+00 
 7.96141200e+09 -1.59826425e+01  4.47886011e+00 
 8.14500001e+09 -1.59838829e+01  4.37188452e+00 
 8.33282151e+09 -1.59850685e+01  4.26714335e+00 
 8.52497412e+09 -1.59862017e+01  4.16458464e+00 
 8.72155772e+09 -1.59872847e+01  4.06415741e+00 
 8.92267449e+09 -1.59883199e+01  3.96581165e+00 
 9.12842895e+09 -1.59893093e+01  3.86949827e+00 
 9.33892805e+09 -1.59902549e+01  3.77516910e+00 
 9.55428121e+09 -1.59911587e+01  3.68277691e+00 
 9.77460036e+09 -1.59920226e+01  3.59227531e+00 
 1.00000000e+10 -1.59928483e+01  3.50361883e+00 
