 time            v(inp)          v(out)         
 0.00000000e+00  6.00000000e-01  5.99979976e-01 
 1.10000000e-11  6.00000000e-01  5.99979976e-01 
 2.20000000e-11  6.00000000e-01  5.99979976e-01 
 4.40000000e-11  6.00000000e-01  5.99979976e-01 
 8.80000000e-11  6.00000000e-01  5.99979976e-01 
 1.76000000e-10  6.00000000e-01  5.99979976e-01 
 3.52000000e-10  6.00000000e-01  5.99979976e-01 
 7.04000000e-10  6.00000000e-01  5.99979976e-01 
 1.40800000e-09  6.00000000e-01  5.99979976e-01 
 2.50800000e-09  6.00000000e-01  5.99979976e-01 
 3.60800000e-09  6.00000000e-01  5.99979976e-01 
 4.70800000e-09  6.00000000e-01  5.99979976e-01 
 5.80800000e-09  6.00000000e-01  5.99979976e-01 
 6.90800000e-09  6.00000000e-01  5.99979976e-01 
 8.00800000e-09  6.00000000e-01  5.99979976e-01 
 9.10800000e-09  6.00000000e-01  5.99979976e-01 
 1.02080000e-08  6.00000000e-01  5.99979976e-01 
 1.13080000e-08  6.00000000e-01  5.99979976e-01 
 1.24080000e-08  6.00000000e-01  5.99979976e-01 
 1.35080000e-08  6.00000000e-01  5.99979976e-01 
 1.46080000e-08  6.00000000e-01  5.99979976e-01 
 1.57080000e-08  6.00000000e-01  5.99979976e-01 
 1.68080000e-08  6.00000000e-01  5.99979976e-01 
 1.79080000e-08  6.00000000e-01  5.99979976e-01 
 1.90080000e-08  6.00000000e-01  5.99979976e-01 
 2.01080000e-08  6.00000000e-01  5.99979976e-01 
 2.12080000e-08  6.00000000e-01  5.99979976e-01 
 2.23080000e-08  6.00000000e-01  5.99979976e-01 
 2.34080000e-08  6.00000000e-01  5.99979976e-01 
 2.45080000e-08  6.00000000e-01  5.99979976e-01 
 2.56080000e-08  6.00000000e-01  5.99979976e-01 
 2.67080000e-08  6.00000000e-01  5.99979976e-01 
 2.78080000e-08  6.00000000e-01  5.99979976e-01 
 2.89080000e-08  6.00000000e-01  5.99979976e-01 
 3.00080000e-08  6.00000000e-01  5.99979976e-01 
 3.11080000e-08  6.00000000e-01  5.99979976e-01 
 3.22080000e-08  6.00000000e-01  5.99979976e-01 
 3.33080000e-08  6.00000000e-01  5.99979976e-01 
 3.44080000e-08  6.00000000e-01  5.99979976e-01 
 3.55080000e-08  6.00000000e-01  5.99979976e-01 
 3.66080000e-08  6.00000000e-01  5.99979976e-01 
 3.77080000e-08  6.00000000e-01  5.99979976e-01 
 3.88080000e-08  6.00000000e-01  5.99979976e-01 
 3.99080000e-08  6.00000000e-01  5.99979976e-01 
 4.10080000e-08  6.00000000e-01  5.99979976e-01 
 4.21080000e-08  6.00000000e-01  5.99979976e-01 
 4.32080000e-08  6.00000000e-01  5.99979976e-01 
 4.43080000e-08  6.00000000e-01  5.99979976e-01 
 4.54080000e-08  6.00000000e-01  5.99979976e-01 
 4.65080000e-08  6.00000000e-01  5.99979976e-01 
 4.76080000e-08  6.00000000e-01  5.99979976e-01 
 4.87080000e-08  6.00000000e-01  5.99979976e-01 
 4.98080000e-08  6.00000000e-01  5.99979976e-01 
 5.09080000e-08  6.00000000e-01  5.99979976e-01 
 5.20080000e-08  6.00000000e-01  5.99979976e-01 
 5.31080000e-08  6.00000000e-01  5.99979976e-01 
 5.42080000e-08  6.00000000e-01  5.99979976e-01 
 5.53080000e-08  6.00000000e-01  5.99979976e-01 
 5.64080000e-08  6.00000000e-01  5.99979976e-01 
 5.75080000e-08  6.00000000e-01  5.99979976e-01 
 5.86080000e-08  6.00000000e-01  5.99979976e-01 
 5.97080000e-08  6.00000000e-01  5.99979976e-01 
 6.08080000e-08  6.00000000e-01  5.99979976e-01 
 6.19080000e-08  6.00000000e-01  5.99979976e-01 
 6.30080000e-08  6.00000000e-01  5.99979976e-01 
 6.41080000e-08  6.00000000e-01  5.99979976e-01 
 6.52080000e-08  6.00000000e-01  5.99979976e-01 
 6.63080000e-08  6.00000000e-01  5.99979976e-01 
 6.74080000e-08  6.00000000e-01  5.99979976e-01 
 6.85080000e-08  6.00000000e-01  5.99979976e-01 
 6.96080000e-08  6.00000000e-01  5.99979976e-01 
 7.07080000e-08  6.00000000e-01  5.99979976e-01 
 7.18080000e-08  6.00000000e-01  5.99979976e-01 
 7.29080000e-08  6.00000000e-01  5.99979976e-01 
 7.40080000e-08  6.00000000e-01  5.99979976e-01 
 7.51080000e-08  6.00000000e-01  5.99979976e-01 
 7.62080000e-08  6.00000000e-01  5.99979976e-01 
 7.73080000e-08  6.00000000e-01  5.99979976e-01 
 7.84080000e-08  6.00000000e-01  5.99979976e-01 
 7.95080000e-08  6.00000000e-01  5.99979976e-01 
 8.06080000e-08  6.00000000e-01  5.99979976e-01 
 8.17080000e-08  6.00000000e-01  5.99979976e-01 
 8.28080000e-08  6.00000000e-01  5.99979976e-01 
 8.39080000e-08  6.00000000e-01  5.99979976e-01 
 8.50080000e-08  6.00000000e-01  5.99979976e-01 
 8.61080000e-08  6.00000000e-01  5.99979976e-01 
 8.72080000e-08  6.00000000e-01  5.99979976e-01 
 8.83080000e-08  6.00000000e-01  5.99979976e-01 
 8.94080000e-08  6.00000000e-01  5.99979976e-01 
 9.05080000e-08  6.00000000e-01  5.99979976e-01 
 9.16080000e-08  6.00000000e-01  5.99979976e-01 
 9.27080000e-08  6.00000000e-01  5.99979976e-01 
 9.38080000e-08  6.00000000e-01  5.99979976e-01 
 9.49080000e-08  6.00000000e-01  5.99979976e-01 
 9.60080000e-08  6.00000000e-01  5.99979976e-01 
 9.71080000e-08  6.00000000e-01  5.99979976e-01 
 9.82080000e-08  6.00000000e-01  5.99979976e-01 
 9.93080000e-08  6.00000000e-01  5.99979976e-01 
 1.00000000e-07  6.00000000e-01  5.99979976e-01 
 1.00001000e-07  6.01000000e-01  5.99990465e-01 
 1.00003000e-07  6.03000000e-01  6.00012330e-01 
 1.00007000e-07  6.07000000e-01  6.00056066e-01 
 1.00010000e-07  6.10000000e-01  6.00088691e-01 
 1.00010800e-07  6.10000000e-01  6.00089152e-01 
 1.00012400e-07  6.10000000e-01  6.00089174e-01 
 1.00015600e-07  6.10000000e-01  6.00089107e-01 
 1.00022000e-07  6.10000000e-01  6.00089078e-01 
 1.00034800e-07  6.10000000e-01  6.00088918e-01 
 1.00060400e-07  6.10000000e-01  6.00088708e-01 
 1.00111600e-07  6.10000000e-01  6.00088211e-01 
 1.00214000e-07  6.10000000e-01  6.00087419e-01 
 1.00418800e-07  6.10000000e-01  6.00086108e-01 
 1.00828400e-07  6.10000000e-01  6.00084913e-01 
 1.01647600e-07  6.10000000e-01  6.00086662e-01 
 1.02747600e-07  6.10000000e-01  6.00095712e-01 
 1.03847600e-07  6.10000000e-01  6.00110093e-01 
 1.04947600e-07  6.10000000e-01  6.00128511e-01 
 1.06047600e-07  6.10000000e-01  6.00150086e-01 
 1.07147600e-07  6.10000000e-01  6.00174548e-01 
 1.08247600e-07  6.10000000e-01  6.00201530e-01 
 1.09347600e-07  6.10000000e-01  6.00231008e-01 
 1.10447600e-07  6.10000000e-01  6.00262720e-01 
 1.11547600e-07  6.10000000e-01  6.00296689e-01 
 1.12647600e-07  6.10000000e-01  6.00332669e-01 
 1.13747600e-07  6.10000000e-01  6.00370684e-01 
 1.14847600e-07  6.10000000e-01  6.00410491e-01 
 1.15947600e-07  6.10000000e-01  6.00452117e-01 
 1.17047600e-07  6.10000000e-01  6.00495321e-01 
 1.18147600e-07  6.10000000e-01  6.00540134e-01 
 1.19247600e-07  6.10000000e-01  6.00586321e-01 
 1.20347600e-07  6.10000000e-01  6.00633921e-01 
 1.21447600e-07  6.10000000e-01  6.00682706e-01 
 1.22547600e-07  6.10000000e-01  6.00732721e-01 
 1.23647600e-07  6.10000000e-01  6.00783748e-01 
 1.24747600e-07  6.10000000e-01  6.00835840e-01 
 1.25847600e-07  6.10000000e-01  6.00888784e-01 
 1.26947600e-07  6.10000000e-01  6.00942643e-01 
 1.28047600e-07  6.10000000e-01  6.00997211e-01 
 1.29147600e-07  6.10000000e-01  6.01052558e-01 
 1.30247600e-07  6.10000000e-01  6.01108485e-01 
 1.31347600e-07  6.10000000e-01  6.01165067e-01 
 1.32447600e-07  6.10000000e-01  6.01222114e-01 
 1.33547600e-07  6.10000000e-01  6.01279706e-01 
 1.34647600e-07  6.10000000e-01  6.01337657e-01 
 1.35747600e-07  6.10000000e-01  6.01396054e-01 
 1.36847600e-07  6.10000000e-01  6.01454717e-01 
 1.37947600e-07  6.10000000e-01  6.01513736e-01 
 1.39047600e-07  6.10000000e-01  6.01572938e-01 
 1.40147600e-07  6.10000000e-01  6.01632416e-01 
 1.41247600e-07  6.10000000e-01  6.01692001e-01 
 1.42347600e-07  6.10000000e-01  6.01751792e-01 
 1.43447600e-07  6.10000000e-01  6.01811622e-01 
 1.44547600e-07  6.10000000e-01  6.01871595e-01 
 1.45647600e-07  6.10000000e-01  6.01931546e-01 
 1.46747600e-07  6.10000000e-01  6.01991582e-01 
 1.47847600e-07  6.10000000e-01  6.02051544e-01 
 1.48947600e-07  6.10000000e-01  6.02111541e-01 
 1.50047600e-07  6.10000000e-01  6.02171414e-01 
 1.51147600e-07  6.10000000e-01  6.02231278e-01 
 1.52247600e-07  6.10000000e-01  6.02290977e-01 
 1.53347600e-07  6.10000000e-01  6.02350625e-01 
 1.54447600e-07  6.10000000e-01  6.02410070e-01 
 1.55547600e-07  6.10000000e-01  6.02469430e-01 
 1.56647600e-07  6.10000000e-01  6.02528553e-01 
 1.57747600e-07  6.10000000e-01  6.02587559e-01 
 1.58847600e-07  6.10000000e-01  6.02646299e-01 
 1.59947600e-07  6.10000000e-01  6.02704895e-01 
 1.61047600e-07  6.10000000e-01  6.02763198e-01 
 1.62147600e-07  6.10000000e-01  6.02821333e-01 
 1.63247600e-07  6.10000000e-01  6.02879152e-01 
 1.64347600e-07  6.10000000e-01  6.02936781e-01 
 1.65447600e-07  6.10000000e-01  6.02994076e-01 
 1.66547600e-07  6.10000000e-01  6.03051161e-01 
 1.67647600e-07  6.10000000e-01  6.03107894e-01 
 1.68747600e-07  6.10000000e-01  6.03164402e-01 
 1.69847600e-07  6.10000000e-01  6.03220543e-01 
 1.70947600e-07  6.10000000e-01  6.03276445e-01 
 1.72047600e-07  6.10000000e-01  6.03331966e-01 
 1.73147600e-07  6.10000000e-01  6.03387236e-01 
 1.74247600e-07  6.10000000e-01  6.03442115e-01 
 1.75347600e-07  6.10000000e-01  6.03496733e-01 
 1.76447600e-07  6.10000000e-01  6.03550950e-01 
 1.77547600e-07  6.10000000e-01  6.03604898e-01 
 1.78647600e-07  6.10000000e-01  6.03658436e-01 
 1.79747600e-07  6.10000000e-01  6.03711698e-01 
 1.80847600e-07  6.10000000e-01  6.03764546e-01 
 1.81947600e-07  6.10000000e-01  6.03817110e-01 
 1.83047600e-07  6.10000000e-01  6.03869254e-01 
 1.84147600e-07  6.10000000e-01  6.03921112e-01 
 1.85247600e-07  6.10000000e-01  6.03972545e-01 
 1.86347600e-07  6.10000000e-01  6.04023687e-01 
 1.87447600e-07  6.10000000e-01  6.04074403e-01 
 1.88547600e-07  6.10000000e-01  6.04124825e-01 
 1.89647600e-07  6.10000000e-01  6.04174817e-01 
 1.90747600e-07  6.10000000e-01  6.04224515e-01 
 1.91847600e-07  6.10000000e-01  6.04273782e-01 
 1.92947600e-07  6.10000000e-01  6.04322753e-01 
 1.94047600e-07  6.10000000e-01  6.04371293e-01 
 1.95147600e-07  6.10000000e-01  6.04419537e-01 
 1.96247600e-07  6.10000000e-01  6.04467350e-01 
 1.97347600e-07  6.10000000e-01  6.04514867e-01 
 1.98447600e-07  6.10000000e-01  6.04561953e-01 
 1.99547600e-07  6.10000000e-01  6.04608745e-01 
 2.00647600e-07  6.10000000e-01  6.04655107e-01 
 2.01747600e-07  6.10000000e-01  6.04701175e-01 
 2.02847600e-07  6.10000000e-01  6.04746816e-01 
 2.03947600e-07  6.10000000e-01  6.04792165e-01 
 2.05047600e-07  6.10000000e-01  6.04837089e-01 
 2.06147600e-07  6.10000000e-01  6.04881723e-01 
 2.07247600e-07  6.10000000e-01  6.04925933e-01 
 2.08347600e-07  6.10000000e-01  6.04969857e-01 
 2.09447600e-07  6.10000000e-01  6.05013360e-01 
 2.10547600e-07  6.10000000e-01  6.05056579e-01 
 2.11647600e-07  6.10000000e-01  6.05099381e-01 
 2.12747600e-07  6.10000000e-01  6.05141901e-01 
 2.13847600e-07  6.10000000e-01  6.05184007e-01 
 2.14947600e-07  6.10000000e-01  6.05225835e-01 
 2.16047600e-07  6.10000000e-01  6.05267253e-01 
 2.17147600e-07  6.10000000e-01  6.05308396e-01 
 2.18247600e-07  6.10000000e-01  6.05349132e-01 
 2.19347600e-07  6.10000000e-01  6.05389598e-01 
 2.20447600e-07  6.10000000e-01  6.05429660e-01 
 2.21547600e-07  6.10000000e-01  6.05469455e-01 
 2.22647600e-07  6.10000000e-01  6.05508851e-01 
 2.23747600e-07  6.10000000e-01  6.05547985e-01 
 2.24847600e-07  6.10000000e-01  6.05586722e-01 
 2.25947600e-07  6.10000000e-01  6.05625202e-01 
 2.27047600e-07  6.10000000e-01  6.05663290e-01 
 2.28147600e-07  6.10000000e-01  6.05701123e-01 
 2.29247600e-07  6.10000000e-01  6.05738570e-01 
 2.30347600e-07  6.10000000e-01  6.05775766e-01 
 2.31447600e-07  6.10000000e-01  6.05812580e-01 
 2.32547600e-07  6.10000000e-01  6.05849147e-01 
 2.33647600e-07  6.10000000e-01  6.05885336e-01 
 2.34747600e-07  6.10000000e-01  6.05921284e-01 
 2.35847600e-07  6.10000000e-01  6.05956857e-01 
 2.36947600e-07  6.10000000e-01  6.05992194e-01 
 2.38047600e-07  6.10000000e-01  6.06027161e-01 
 2.39147600e-07  6.10000000e-01  6.06061894e-01 
 2.40247600e-07  6.10000000e-01  6.06096263e-01 
 2.41347600e-07  6.10000000e-01  6.06130403e-01 
 2.42447600e-07  6.10000000e-01  6.06164183e-01 
 2.43547600e-07  6.10000000e-01  6.06197738e-01 
 2.44647600e-07  6.10000000e-01  6.06230938e-01 
 2.45747600e-07  6.10000000e-01  6.06263917e-01 
 2.46847600e-07  6.10000000e-01  6.06296545e-01 
 2.47947600e-07  6.10000000e-01  6.06328957e-01 
 2.49047600e-07  6.10000000e-01  6.06361022e-01 
 2.50147600e-07  6.10000000e-01  6.06392876e-01 
 2.51247600e-07  6.10000000e-01  6.06424387e-01 
 2.52347600e-07  6.10000000e-01  6.06455691e-01 
 2.53447600e-07  6.10000000e-01  6.06486657e-01 
 2.54547600e-07  6.10000000e-01  6.06517421e-01 
 2.55647600e-07  6.10000000e-01  6.06547850e-01 
 2.56747600e-07  6.10000000e-01  6.06578081e-01 
 2.57847600e-07  6.10000000e-01  6.06607982e-01 
 2.58947600e-07  6.10000000e-01  6.06637689e-01 
 2.60047600e-07  6.10000000e-01  6.06667071e-01 
 2.61147600e-07  6.10000000e-01  6.06696263e-01 
 2.62247600e-07  6.10000000e-01  6.06725134e-01 
 2.63347600e-07  6.10000000e-01  6.06753819e-01 
 2.64447600e-07  6.10000000e-01  6.06782187e-01 
 2.65547600e-07  6.10000000e-01  6.06810374e-01 
 2.66647600e-07  6.10000000e-01  6.06838247e-01 
 2.67747600e-07  6.10000000e-01  6.06865944e-01 
 2.68847600e-07  6.10000000e-01  6.06893331e-01 
 2.69947600e-07  6.10000000e-01  6.06920545e-01 
 2.71047600e-07  6.10000000e-01  6.06947455e-01 
 2.72147600e-07  6.10000000e-01  6.06974195e-01 
 2.73247600e-07  6.10000000e-01  6.07000634e-01 
 2.74347600e-07  6.10000000e-01  6.07026908e-01 
 2.75447600e-07  6.10000000e-01  6.07052885e-01 
 2.76547600e-07  6.10000000e-01  6.07078701e-01 
 2.77647600e-07  6.10000000e-01  6.07104223e-01 
 2.78747600e-07  6.10000000e-01  6.07129588e-01 
 2.79847600e-07  6.10000000e-01  6.07154664e-01 
 2.80947600e-07  6.10000000e-01  6.07179586e-01 
 2.82047600e-07  6.10000000e-01  6.07204223e-01 
 2.83147600e-07  6.10000000e-01  6.07228710e-01 
 2.84247600e-07  6.10000000e-01  6.07252915e-01 
 2.85347600e-07  6.10000000e-01  6.07276974e-01 
 2.86447600e-07  6.10000000e-01  6.07300754e-01 
 2.87547600e-07  6.10000000e-01  6.07324392e-01 
 2.88647600e-07  6.10000000e-01  6.07347756e-01 
 2.89747600e-07  6.10000000e-01  6.07370981e-01 
 2.90847600e-07  6.10000000e-01  6.07393934e-01 
 2.91947600e-07  6.10000000e-01  6.07416753e-01 
 2.93047600e-07  6.10000000e-01  6.07439304e-01 
 2.94147600e-07  6.10000000e-01  6.07461723e-01 
 2.95247600e-07  6.10000000e-01  6.07483878e-01 
 2.96347600e-07  6.10000000e-01  6.07505904e-01 
 2.97447600e-07  6.10000000e-01  6.07527670e-01 
 2.98547600e-07  6.10000000e-01  6.07549311e-01 
 2.99647600e-07  6.10000000e-01  6.07570694e-01 
 3.00747600e-07  6.10000000e-01  6.07591956e-01 
 3.01847600e-07  6.10000000e-01  6.07612964e-01 
 3.02947600e-07  6.10000000e-01  6.07633853e-01 
 3.04047600e-07  6.10000000e-01  6.07654492e-01 
 3.05147600e-07  6.10000000e-01  6.07675015e-01 
 3.06247600e-07  6.10000000e-01  6.07695291e-01 
 3.07347600e-07  6.10000000e-01  6.07715454e-01 
 3.08447600e-07  6.10000000e-01  6.07735374e-01 
 3.09547600e-07  6.10000000e-01  6.07755184e-01 
 3.10647600e-07  6.10000000e-01  6.07774753e-01 
 3.11747600e-07  6.10000000e-01  6.07794216e-01 
 3.12847600e-07  6.10000000e-01  6.07813440e-01 
 3.13947600e-07  6.10000000e-01  6.07832562e-01 
 3.15047600e-07  6.10000000e-01  6.07851449e-01 
 3.16147600e-07  6.10000000e-01  6.07870235e-01 
 3.17247600e-07  6.10000000e-01  6.07888790e-01 
 3.18347600e-07  6.10000000e-01  6.07907247e-01 
 3.19447600e-07  6.10000000e-01  6.07925475e-01 
 3.20547600e-07  6.10000000e-01  6.07943608e-01 
 3.21647600e-07  6.10000000e-01  6.07961515e-01 
 3.22747600e-07  6.10000000e-01  6.07979331e-01 
 3.23847600e-07  6.10000000e-01  6.07996922e-01 
 3.24947600e-07  6.10000000e-01  6.08014426e-01 
 3.26047600e-07  6.10000000e-01  6.08031708e-01 
 3.27147600e-07  6.10000000e-01  6.08048904e-01 
 3.28247600e-07  6.10000000e-01  6.08065882e-01 
 3.29347600e-07  6.10000000e-01  6.08082776e-01 
 3.30447600e-07  6.10000000e-01  6.08099455e-01 
 3.31547600e-07  6.10000000e-01  6.08116053e-01 
 3.32647600e-07  6.10000000e-01  6.08132439e-01 
 3.33747600e-07  6.10000000e-01  6.08148746e-01 
 3.34847600e-07  6.10000000e-01  6.08164843e-01 
 3.35947600e-07  6.10000000e-01  6.08180864e-01 
 3.37047600e-07  6.10000000e-01  6.08196677e-01 
 3.38147600e-07  6.10000000e-01  6.08212417e-01 
 3.39247600e-07  6.10000000e-01  6.08227952e-01 
 3.40347600e-07  6.10000000e-01  6.08243416e-01 
 3.41447600e-07  6.10000000e-01  6.08258677e-01 
 3.42547600e-07  6.10000000e-01  6.08273870e-01 
 3.43647600e-07  6.10000000e-01  6.08288862e-01 
 3.44747600e-07  6.10000000e-01  6.08303789e-01 
 3.45847600e-07  6.10000000e-01  6.08318517e-01 
 3.46947600e-07  6.10000000e-01  6.08333182e-01 
 3.48047600e-07  6.10000000e-01  6.08347650e-01 
 3.49147600e-07  6.10000000e-01  6.08362058e-01 
 3.50247600e-07  6.10000000e-01  6.08376272e-01 
 3.51347600e-07  6.10000000e-01  6.08390427e-01 
 3.52447600e-07  6.10000000e-01  6.08404390e-01 
 3.53547600e-07  6.10000000e-01  6.08418297e-01 
 3.54647600e-07  6.10000000e-01  6.08432014e-01 
 3.55747600e-07  6.10000000e-01  6.08445677e-01 
 3.56847600e-07  6.10000000e-01  6.08459153e-01 
 3.57947600e-07  6.10000000e-01  6.08472576e-01 
 3.59047600e-07  6.10000000e-01  6.08485814e-01 
 3.60147600e-07  6.10000000e-01  6.08499002e-01 
 3.61247600e-07  6.10000000e-01  6.08512007e-01 
 3.62347600e-07  6.10000000e-01  6.08524963e-01 
 3.63447600e-07  6.10000000e-01  6.08537739e-01 
 3.64547600e-07  6.10000000e-01  6.08550468e-01 
 3.65647600e-07  6.10000000e-01  6.08563019e-01 
 3.66747600e-07  6.10000000e-01  6.08575525e-01 
 3.67847600e-07  6.10000000e-01  6.08587855e-01 
 3.68947600e-07  6.10000000e-01  6.08600142e-01 
 3.70047600e-07  6.10000000e-01  6.08612254e-01 
 3.71147600e-07  6.10000000e-01  6.08624325e-01 
 3.72247600e-07  6.10000000e-01  6.08636224e-01 
 3.73347600e-07  6.10000000e-01  6.08648084e-01 
 3.74447600e-07  6.10000000e-01  6.08659773e-01 
 3.75547600e-07  6.10000000e-01  6.08671425e-01 
 3.76647600e-07  6.10000000e-01  6.08682908e-01 
 3.77747600e-07  6.10000000e-01  6.08694356e-01 
 3.78847600e-07  6.10000000e-01  6.08705637e-01 
 3.79947600e-07  6.10000000e-01  6.08716884e-01 
 3.81047600e-07  6.10000000e-01  6.08727966e-01 
 3.82147600e-07  6.10000000e-01  6.08739016e-01 
 3.83247600e-07  6.10000000e-01  6.08749902e-01 
 3.84347600e-07  6.10000000e-01  6.08760758e-01 
 3.85447600e-07  6.10000000e-01  6.08771453e-01 
 3.86547600e-07  6.10000000e-01  6.08782119e-01 
 3.87647600e-07  6.10000000e-01  6.08792625e-01 
 3.88747600e-07  6.10000000e-01  6.08803104e-01 
 3.89847600e-07  6.10000000e-01  6.08813425e-01 
 3.90947600e-07  6.10000000e-01  6.08823721e-01 
 3.92047600e-07  6.10000000e-01  6.08833860e-01 
 3.93147600e-07  6.10000000e-01  6.08843975e-01 
 3.94247600e-07  6.10000000e-01  6.08853935e-01 
 3.95347600e-07  6.10000000e-01  6.08863873e-01 
 3.96447600e-07  6.10000000e-01  6.08873657e-01 
 3.97547600e-07  6.10000000e-01  6.08883422e-01 
 3.98647600e-07  6.10000000e-01  6.08893033e-01 
 3.99747600e-07  6.10000000e-01  6.08902627e-01 
 4.00847600e-07  6.10000000e-01  6.08912069e-01 
 4.01947600e-07  6.10000000e-01  6.08921494e-01 
 4.03047600e-07  6.10000000e-01  6.08930770e-01 
 4.04147600e-07  6.10000000e-01  6.08940030e-01 
 4.05247600e-07  6.10000000e-01  6.08949142e-01 
 4.06347600e-07  6.10000000e-01  6.08958240e-01 
 4.07447600e-07  6.10000000e-01  6.08967191e-01 
 4.08547600e-07  6.10000000e-01  6.08976130e-01 
 4.09647600e-07  6.10000000e-01  6.08984924e-01 
 4.10747600e-07  6.10000000e-01  6.08993706e-01 
 4.11847600e-07  6.10000000e-01  6.09002344e-01 
 4.12947600e-07  6.10000000e-01  6.09010973e-01 
 4.14047600e-07  6.10000000e-01  6.09019459e-01 
 4.15147600e-07  6.10000000e-01  6.09027936e-01 
 4.16247600e-07  6.10000000e-01  6.09036273e-01 
 4.17347600e-07  6.10000000e-01  6.09044602e-01 
 4.18447600e-07  6.10000000e-01  6.09052791e-01 
 4.19547600e-07  6.10000000e-01  6.09060974e-01 
 4.20647600e-07  6.10000000e-01  6.09069019e-01 
 4.21747600e-07  6.10000000e-01  6.09077059e-01 
 4.22847600e-07  6.10000000e-01  6.09084962e-01 
 4.23947600e-07  6.10000000e-01  6.09092862e-01 
 4.25047600e-07  6.10000000e-01  6.09100625e-01 
 4.26147600e-07  6.10000000e-01  6.09108386e-01 
 4.27247600e-07  6.10000000e-01  6.09116013e-01 
 4.28347600e-07  6.10000000e-01  6.09123638e-01 
 4.29447600e-07  6.10000000e-01  6.09131130e-01 
 4.30547600e-07  6.10000000e-01  6.09138622e-01 
 4.31647600e-07  6.10000000e-01  6.09145982e-01 
 4.32747600e-07  6.10000000e-01  6.09153343e-01 
 4.33847600e-07  6.10000000e-01  6.09160573e-01 
 4.34947600e-07  6.10000000e-01  6.09167805e-01 
 4.36047600e-07  6.10000000e-01  6.09174907e-01 
 4.37147600e-07  6.10000000e-01  6.09182013e-01 
 4.38247600e-07  6.10000000e-01  6.09188990e-01 
 4.39347600e-07  6.10000000e-01  6.09195972e-01 
 4.40447600e-07  6.10000000e-01  6.09202825e-01 
 4.41547600e-07  6.10000000e-01  6.09209685e-01 
 4.42647600e-07  6.10000000e-01  6.09216418e-01 
 4.43747600e-07  6.10000000e-01  6.09223157e-01 
 4.44847600e-07  6.10000000e-01  6.09229771e-01 
 4.45947600e-07  6.10000000e-01  6.09236393e-01 
 4.47047600e-07  6.10000000e-01  6.09242890e-01 
 4.48147600e-07  6.10000000e-01  6.09249396e-01 
 4.49247600e-07  6.10000000e-01  6.09255779e-01 
 4.50347600e-07  6.10000000e-01  6.09262171e-01 
 4.51447600e-07  6.10000000e-01  6.09268441e-01 
 4.52547600e-07  6.10000000e-01  6.09274721e-01 
 4.53647600e-07  6.10000000e-01  6.09280880e-01 
 4.54747600e-07  6.10000000e-01  6.09287051e-01 
 4.55847600e-07  6.10000000e-01  6.09293101e-01 
 4.56947600e-07  6.10000000e-01  6.09299164e-01 
 4.58047600e-07  6.10000000e-01  6.09305108e-01 
 4.59147600e-07  6.10000000e-01  6.09311065e-01 
 4.60247600e-07  6.10000000e-01  6.09316903e-01 
 4.61347600e-07  6.10000000e-01  6.09322756e-01 
 4.62447600e-07  6.10000000e-01  6.09328492e-01 
 4.63547600e-07  6.10000000e-01  6.09334242e-01 
 4.64647600e-07  6.10000000e-01  6.09339877e-01 
 4.65747600e-07  6.10000000e-01  6.09345527e-01 
 4.66847600e-07  6.10000000e-01  6.09351062e-01 
 4.67947600e-07  6.10000000e-01  6.09356613e-01 
 4.69047600e-07  6.10000000e-01  6.09362050e-01 
 4.70147600e-07  6.10000000e-01  6.09367505e-01 
 4.71247600e-07  6.10000000e-01  6.09372845e-01 
 4.72347600e-07  6.10000000e-01  6.09378205e-01 
 4.73447600e-07  6.10000000e-01  6.09383451e-01 
 4.74547600e-07  6.10000000e-01  6.09388717e-01 
 4.75647600e-07  6.10000000e-01  6.09393871e-01 
 4.76747600e-07  6.10000000e-01  6.09399045e-01 
 4.77847600e-07  6.10000000e-01  6.09404108e-01 
 4.78947600e-07  6.10000000e-01  6.09409191e-01 
 4.80047600e-07  6.10000000e-01  6.09414164e-01 
 4.81147600e-07  6.10000000e-01  6.09419159e-01 
 4.82247600e-07  6.10000000e-01  6.09424045e-01 
 4.83347600e-07  6.10000000e-01  6.09428952e-01 
 4.84447600e-07  6.10000000e-01  6.09433751e-01 
 4.85547600e-07  6.10000000e-01  6.09438573e-01 
 4.86647600e-07  6.10000000e-01  6.09443288e-01 
 4.87747600e-07  6.10000000e-01  6.09448026e-01 
 4.88847600e-07  6.10000000e-01  6.09452656e-01 
 4.89947600e-07  6.10000000e-01  6.09457312e-01 
 4.91047600e-07  6.10000000e-01  6.09461861e-01 
 4.92147600e-07  6.10000000e-01  6.09466435e-01 
 4.93247600e-07  6.10000000e-01  6.09470903e-01 
 4.94347600e-07  6.10000000e-01  6.09475398e-01 
 4.95447600e-07  6.10000000e-01  6.09479787e-01 
 4.96547600e-07  6.10000000e-01  6.09484203e-01 
 4.97647600e-07  6.10000000e-01  6.09488515e-01 
 4.98747600e-07  6.10000000e-01  6.09492854e-01 
 4.99847600e-07  6.10000000e-01  6.09497089e-01 
 5.00947600e-07  6.10000000e-01  6.09501353e-01 
 5.02047600e-07  6.10000000e-01  6.09505514e-01 
 5.03147600e-07  6.10000000e-01  6.09509703e-01 
 5.04247600e-07  6.10000000e-01  6.09513790e-01 
 5.05347600e-07  6.10000000e-01  6.09517906e-01 
 5.06447600e-07  6.10000000e-01  6.09521920e-01 
 5.07547600e-07  6.10000000e-01  6.09525965e-01 
 5.08647600e-07  6.10000000e-01  6.09529908e-01 
 5.09747600e-07  6.10000000e-01  6.09533883e-01 
 5.10847600e-07  6.10000000e-01  6.09537756e-01 
 5.11947600e-07  6.10000000e-01  6.09541661e-01 
 5.13047600e-07  6.10000000e-01  6.09545466e-01 
 5.14147600e-07  6.10000000e-01  6.09549303e-01 
 5.15247600e-07  6.10000000e-01  6.09553041e-01 
 5.16347600e-07  6.10000000e-01  6.09556811e-01 
 5.17447600e-07  6.10000000e-01  6.09560482e-01 
 5.18547600e-07  6.10000000e-01  6.09564187e-01 
 5.19647600e-07  6.10000000e-01  6.09567793e-01 
 5.20747600e-07  6.10000000e-01  6.09571433e-01 
 5.21847600e-07  6.10000000e-01  6.09574976e-01 
 5.22947600e-07  6.10000000e-01  6.09578553e-01 
 5.24047600e-07  6.10000000e-01  6.09582032e-01 
 5.25147600e-07  6.10000000e-01  6.09585547e-01 
 5.26247600e-07  6.10000000e-01  6.09588965e-01 
 5.27347600e-07  6.10000000e-01  6.09592418e-01 
 5.28447600e-07  6.10000000e-01  6.09595776e-01 
 5.29547600e-07  6.10000000e-01  6.09599169e-01 
 5.30647600e-07  6.10000000e-01  6.09602467e-01 
 5.31747600e-07  6.10000000e-01  6.09605802e-01 
 5.32847600e-07  6.10000000e-01  6.09609041e-01 
 5.33947600e-07  6.10000000e-01  6.09612317e-01 
 5.35047600e-07  6.10000000e-01  6.09615500e-01 
 5.36147600e-07  6.10000000e-01  6.09618719e-01 
 5.37247600e-07  6.10000000e-01  6.09621845e-01 
 5.38347600e-07  6.10000000e-01  6.09625008e-01 
 5.39447600e-07  6.10000000e-01  6.09628078e-01 
 5.40547600e-07  6.10000000e-01  6.09631187e-01 
 5.41647600e-07  6.10000000e-01  6.09634202e-01 
 5.42747600e-07  6.10000000e-01  6.09637257e-01 
 5.43847600e-07  6.10000000e-01  6.09640219e-01 
 5.44947600e-07  6.10000000e-01  6.09643221e-01 
 5.46047600e-07  6.10000000e-01  6.09646130e-01 
 5.47147600e-07  6.10000000e-01  6.09649079e-01 
 5.48247600e-07  6.10000000e-01  6.09651938e-01 
 5.49347600e-07  6.10000000e-01  6.09654836e-01 
 5.50447600e-07  6.10000000e-01  6.09657643e-01 
 5.51547600e-07  6.10000000e-01  6.09660491e-01 
 5.52647600e-07  6.10000000e-01  6.09663248e-01 
 5.53747600e-07  6.10000000e-01  6.09666046e-01 
 5.54847600e-07  6.10000000e-01  6.09668755e-01 
 5.55947600e-07  6.10000000e-01  6.09671505e-01 
 5.57047600e-07  6.10000000e-01  6.09674165e-01 
 5.58147600e-07  6.10000000e-01  6.09676867e-01 
 5.59247600e-07  6.10000000e-01  6.09679480e-01 
 5.60347600e-07  6.10000000e-01  6.09682136e-01 
 5.61447600e-07  6.10000000e-01  6.09684702e-01 
 5.62547600e-07  6.10000000e-01  6.09687311e-01 
 5.63647600e-07  6.10000000e-01  6.09689832e-01 
 5.64747600e-07  6.10000000e-01  6.09692396e-01 
 5.65847600e-07  6.10000000e-01  6.09694873e-01 
 5.66947600e-07  6.10000000e-01  6.09697392e-01 
 5.68047600e-07  6.10000000e-01  6.09699824e-01 
 5.69147600e-07  6.10000000e-01  6.09702300e-01 
 5.70247600e-07  6.10000000e-01  6.09704689e-01 
 5.71347600e-07  6.10000000e-01  6.09707122e-01 
 5.72447600e-07  6.10000000e-01  6.09709468e-01 
 5.73547600e-07  6.10000000e-01  6.09711859e-01 
 5.74647600e-07  6.10000000e-01  6.09714164e-01 
 5.75747600e-07  6.10000000e-01  6.09716513e-01 
 5.76847600e-07  6.10000000e-01  6.09718777e-01 
 5.77947600e-07  6.10000000e-01  6.09721086e-01 
 5.79047600e-07  6.10000000e-01  6.09723309e-01 
 5.80147600e-07  6.10000000e-01  6.09725578e-01 
 5.81247600e-07  6.10000000e-01  6.09727762e-01 
 5.82347600e-07  6.10000000e-01  6.09729991e-01 
 5.83447600e-07  6.10000000e-01  6.09732136e-01 
 5.84547600e-07  6.10000000e-01  6.09734327e-01 
 5.85647600e-07  6.10000000e-01  6.09736434e-01 
 5.86747600e-07  6.10000000e-01  6.09738587e-01 
 5.87847600e-07  6.10000000e-01  6.09740656e-01 
 5.88947600e-07  6.10000000e-01  6.09742772e-01 
 5.90047600e-07  6.10000000e-01  6.09744804e-01 
 5.91147600e-07  6.10000000e-01  6.09746883e-01 
 5.92247600e-07  6.10000000e-01  6.09748879e-01 
 5.93347600e-07  6.10000000e-01  6.09750923e-01 
 5.94447600e-07  6.10000000e-01  6.09752883e-01 
 5.95547600e-07  6.10000000e-01  6.09754891e-01 
 5.96647600e-07  6.10000000e-01  6.09756817e-01 
 5.97747600e-07  6.10000000e-01  6.09758790e-01 
 5.98847600e-07  6.10000000e-01  6.09760681e-01 
 5.99947600e-07  6.10000000e-01  6.09762620e-01 
 6.01047600e-07  6.10000000e-01  6.09764478e-01 
 6.02147600e-07  6.10000000e-01  6.09766383e-01 
 6.03247600e-07  6.10000000e-01  6.09768208e-01 
 6.04347600e-07  6.10000000e-01  6.09770080e-01 
 6.05447600e-07  6.10000000e-01  6.09771872e-01 
 6.06547600e-07  6.10000000e-01  6.09773713e-01 
 6.07647600e-07  6.10000000e-01  6.09775472e-01 
 6.08747600e-07  6.10000000e-01  6.09777281e-01 
 6.09847600e-07  6.10000000e-01  6.09779009e-01 
 6.10947600e-07  6.10000000e-01  6.09780787e-01 
 6.12047600e-07  6.10000000e-01  6.09782484e-01 
 6.13147600e-07  6.10000000e-01  6.09784231e-01 
 6.14247600e-07  6.10000000e-01  6.09785898e-01 
 6.15347600e-07  6.10000000e-01  6.09787615e-01 
 6.16447600e-07  6.10000000e-01  6.09789252e-01 
 6.17547600e-07  6.10000000e-01  6.09790940e-01 
 6.18647600e-07  6.10000000e-01  6.09792547e-01 
 6.19747600e-07  6.10000000e-01  6.09794206e-01 
 6.20847600e-07  6.10000000e-01  6.09795785e-01 
 6.21947600e-07  6.10000000e-01  6.09797414e-01 
 6.23047600e-07  6.10000000e-01  6.09798965e-01 
 6.24147600e-07  6.10000000e-01  6.09800567e-01 
 6.25247600e-07  6.10000000e-01  6.09802090e-01 
 6.26347600e-07  6.10000000e-01  6.09803664e-01 
 6.27447600e-07  6.10000000e-01  6.09805160e-01 
 6.28547600e-07  6.10000000e-01  6.09806707e-01 
 6.29647600e-07  6.10000000e-01  6.09808176e-01 
 6.30747600e-07  6.10000000e-01  6.09809696e-01 
 6.31847600e-07  6.10000000e-01  6.09811139e-01 
 6.32947600e-07  6.10000000e-01  6.09812633e-01 
 6.34047600e-07  6.10000000e-01  6.09814050e-01 
 6.35147600e-07  6.10000000e-01  6.09815519e-01 
 6.36247600e-07  6.10000000e-01  6.09816910e-01 
 6.37347600e-07  6.10000000e-01  6.09818353e-01 
 6.38447600e-07  6.10000000e-01  6.09819720e-01 
 6.39547600e-07  6.10000000e-01  6.09821138e-01 
 6.40647600e-07  6.10000000e-01  6.09822480e-01 
 6.41747600e-07  6.10000000e-01  6.09823875e-01 
 6.42847600e-07  6.10000000e-01  6.09825192e-01 
 6.43947600e-07  6.10000000e-01  6.09826563e-01 
 6.45047600e-07  6.10000000e-01  6.09827857e-01 
 6.46147600e-07  6.10000000e-01  6.09829204e-01 
 6.47247600e-07  6.10000000e-01  6.09830474e-01 
 6.48347600e-07  6.10000000e-01  6.09831798e-01 
 6.49447600e-07  6.10000000e-01  6.09833046e-01 
 6.50547600e-07  6.10000000e-01  6.09834347e-01 
 6.51647600e-07  6.10000000e-01  6.09835573e-01 
 6.52747600e-07  6.10000000e-01  6.09836852e-01 
 6.53847600e-07  6.10000000e-01  6.09838055e-01 
 6.54947600e-07  6.10000000e-01  6.09839312e-01 
 6.56047600e-07  6.10000000e-01  6.09840494e-01 
 6.57147600e-07  6.10000000e-01  6.09841729e-01 
 6.58247600e-07  6.10000000e-01  6.09842890e-01 
 6.59347600e-07  6.10000000e-01  6.09844104e-01 
 6.60447600e-07  6.10000000e-01  6.09845243e-01 
 6.61547600e-07  6.10000000e-01  6.09846437e-01 
 6.62647600e-07  6.10000000e-01  6.09847556e-01 
 6.63747600e-07  6.10000000e-01  6.09848729e-01 
 6.64847600e-07  6.10000000e-01  6.09849828e-01 
 6.65947600e-07  6.10000000e-01  6.09850981e-01 
 6.67047600e-07  6.10000000e-01  6.09852060e-01 
 6.68147600e-07  6.10000000e-01  6.09853194e-01 
 6.69247600e-07  6.10000000e-01  6.09854253e-01 
 6.70347600e-07  6.10000000e-01  6.09855367e-01 
 6.71447600e-07  6.10000000e-01  6.09856407e-01 
 6.72547600e-07  6.10000000e-01  6.09857503e-01 
 6.73647600e-07  6.10000000e-01  6.09858524e-01 
 6.74747600e-07  6.10000000e-01  6.09859601e-01 
 6.75847600e-07  6.10000000e-01  6.09860604e-01 
 6.76947600e-07  6.10000000e-01  6.09861662e-01 
 6.78047600e-07  6.10000000e-01  6.09862647e-01 
 6.79147600e-07  6.10000000e-01  6.09863687e-01 
 6.80247600e-07  6.10000000e-01  6.09864654e-01 
 6.81347600e-07  6.10000000e-01  6.09865676e-01 
 6.82447600e-07  6.10000000e-01  6.09866626e-01 
 6.83547600e-07  6.10000000e-01  6.09867631e-01 
 6.84647600e-07  6.10000000e-01  6.09868563e-01 
 6.85747600e-07  6.10000000e-01  6.09869551e-01 
 6.86847600e-07  6.10000000e-01  6.09870466e-01 
 6.87947600e-07  6.10000000e-01  6.09871438e-01 
 6.89047600e-07  6.10000000e-01  6.09872336e-01 
 6.90147600e-07  6.10000000e-01  6.09873291e-01 
 6.91247600e-07  6.10000000e-01  6.09874173e-01 
 6.92347600e-07  6.10000000e-01  6.09875112e-01 
 6.93447600e-07  6.10000000e-01  6.09875978e-01 
 6.94547600e-07  6.10000000e-01  6.09876901e-01 
 6.95647600e-07  6.10000000e-01  6.09877752e-01 
 6.96747600e-07  6.10000000e-01  6.09878659e-01 
 6.97847600e-07  6.10000000e-01  6.09879494e-01 
 6.98947600e-07  6.10000000e-01  6.09880386e-01 
 7.00047600e-07  6.10000000e-01  6.09881205e-01 
 7.01147600e-07  6.10000000e-01  6.09882082e-01 
 7.02247600e-07  6.10000000e-01  6.09882887e-01 
 7.03347600e-07  6.10000000e-01  6.09883749e-01 
 7.04447600e-07  6.10000000e-01  6.09884539e-01 
 7.05547600e-07  6.10000000e-01  6.09885386e-01 
 7.06647600e-07  6.10000000e-01  6.09886162e-01 
 7.07747600e-07  6.10000000e-01  6.09886995e-01 
 7.08847600e-07  6.10000000e-01  6.09887756e-01 
 7.09947600e-07  6.10000000e-01  6.09888575e-01 
 7.11047600e-07  6.10000000e-01  6.09889323e-01 
 7.12147600e-07  6.10000000e-01  6.09890128e-01 
 7.13247600e-07  6.10000000e-01  6.09890862e-01 
 7.14347600e-07  6.10000000e-01  6.09891654e-01 
 7.15447600e-07  6.10000000e-01  6.09892374e-01 
 7.16547600e-07  6.10000000e-01  6.09893152e-01 
 7.17647600e-07  6.10000000e-01  6.09893860e-01 
 7.18747600e-07  6.10000000e-01  6.09894625e-01 
 7.19847600e-07  6.10000000e-01  6.09895319e-01 
 7.20947600e-07  6.10000000e-01  6.09896071e-01 
 7.22047600e-07  6.10000000e-01  6.09896753e-01 
 7.23147600e-07  6.10000000e-01  6.09897492e-01 
 7.24247600e-07  6.10000000e-01  6.09898162e-01 
 7.25347600e-07  6.10000000e-01  6.09898889e-01 
 7.26447600e-07  6.10000000e-01  6.09899546e-01 
 7.27547600e-07  6.10000000e-01  6.09900261e-01 
 7.28647600e-07  6.10000000e-01  6.09900905e-01 
 7.29747600e-07  6.10000000e-01  6.09901608e-01 
 7.30847600e-07  6.10000000e-01  6.09902241e-01 
 7.31947600e-07  6.10000000e-01  6.09902932e-01 
 7.33047600e-07  6.10000000e-01  6.09903553e-01 
 7.34147600e-07  6.10000000e-01  6.09904233e-01 
 7.35247600e-07  6.10000000e-01  6.09904843e-01 
 7.36347600e-07  6.10000000e-01  6.09905511e-01 
 7.37447600e-07  6.10000000e-01  6.09906110e-01 
 7.38547600e-07  6.10000000e-01  6.09906767e-01 
 7.39647600e-07  6.10000000e-01  6.09907354e-01 
 7.40747600e-07  6.10000000e-01  6.09908000e-01 
 7.41847600e-07  6.10000000e-01  6.09908577e-01 
 7.42947600e-07  6.10000000e-01  6.09909212e-01 
 7.44047600e-07  6.10000000e-01  6.09909778e-01 
 7.45147600e-07  6.10000000e-01  6.09910403e-01 
 7.46247600e-07  6.10000000e-01  6.09910958e-01 
 7.47347600e-07  6.10000000e-01  6.09911573e-01 
 7.48447600e-07  6.10000000e-01  6.09912118e-01 
 7.49547600e-07  6.10000000e-01  6.09912722e-01 
 7.50647600e-07  6.10000000e-01  6.09913257e-01 
 7.51747600e-07  6.10000000e-01  6.09913851e-01 
 7.52847600e-07  6.10000000e-01  6.09914376e-01 
 7.53947600e-07  6.10000000e-01  6.09914960e-01 
 7.55047600e-07  6.10000000e-01  6.09915475e-01 
 7.56147600e-07  6.10000000e-01  6.09916050e-01 
 7.57247600e-07  6.10000000e-01  6.09916555e-01 
 7.58347600e-07  6.10000000e-01  6.09917120e-01 
 7.59447600e-07  6.10000000e-01  6.09917617e-01 
 7.60547600e-07  6.10000000e-01  6.09918172e-01 
 7.61647600e-07  6.10000000e-01  6.09918659e-01 
 7.62747600e-07  6.10000000e-01  6.09919206e-01 
 7.63847600e-07  6.10000000e-01  6.09919684e-01 
 7.64947600e-07  6.10000000e-01  6.09920221e-01 
 7.66047600e-07  6.10000000e-01  6.09920690e-01 
 7.67147600e-07  6.10000000e-01  6.09921219e-01 
 7.68247600e-07  6.10000000e-01  6.09921679e-01 
 7.69347600e-07  6.10000000e-01  6.09922198e-01 
 7.70447600e-07  6.10000000e-01  6.09922650e-01 
 7.71547600e-07  6.10000000e-01  6.09923161e-01 
 7.72647600e-07  6.10000000e-01  6.09923604e-01 
 7.73747600e-07  6.10000000e-01  6.09924107e-01 
 7.74847600e-07  6.10000000e-01  6.09924542e-01 
 7.75947600e-07  6.10000000e-01  6.09925036e-01 
 7.77047600e-07  6.10000000e-01  6.09925463e-01 
 7.78147600e-07  6.10000000e-01  6.09925949e-01 
 7.79247600e-07  6.10000000e-01  6.09926368e-01 
 7.80347600e-07  6.10000000e-01  6.09926846e-01 
 7.81447600e-07  6.10000000e-01  6.09927257e-01 
 7.82547600e-07  6.10000000e-01  6.09927728e-01 
 7.83647600e-07  6.10000000e-01  6.09928130e-01 
 7.84747600e-07  6.10000000e-01  6.09928593e-01 
 7.85847600e-07  6.10000000e-01  6.09928989e-01 
 7.86947600e-07  6.10000000e-01  6.09929444e-01 
 7.88047600e-07  6.10000000e-01  6.09929832e-01 
 7.89147600e-07  6.10000000e-01  6.09930280e-01 
 7.90247600e-07  6.10000000e-01  6.09930660e-01 
 7.91347600e-07  6.10000000e-01  6.09931101e-01 
 7.92447600e-07  6.10000000e-01  6.09931474e-01 
 7.93547600e-07  6.10000000e-01  6.09931907e-01 
 7.94647600e-07  6.10000000e-01  6.09932273e-01 
 7.95747600e-07  6.10000000e-01  6.09932700e-01 
 7.96847600e-07  6.10000000e-01  6.09933059e-01 
 7.97947600e-07  6.10000000e-01  6.09933478e-01 
 7.99047600e-07  6.10000000e-01  6.09933830e-01 
 8.00147600e-07  6.10000000e-01  6.09934243e-01 
 8.01247600e-07  6.10000000e-01  6.09934588e-01 
 8.02347600e-07  6.10000000e-01  6.09934994e-01 
 8.03447600e-07  6.10000000e-01  6.09935333e-01 
 8.04547600e-07  6.10000000e-01  6.09935733e-01 
 8.05647600e-07  6.10000000e-01  6.09936065e-01 
 8.06747600e-07  6.10000000e-01  6.09936458e-01 
 8.07847600e-07  6.10000000e-01  6.09936784e-01 
 8.08947600e-07  6.10000000e-01  6.09937171e-01 
 8.10047600e-07  6.10000000e-01  6.09937490e-01 
 8.11147600e-07  6.10000000e-01  6.09937871e-01 
 8.12247600e-07  6.10000000e-01  6.09938184e-01 
 8.13347600e-07  6.10000000e-01  6.09938558e-01 
 8.14447600e-07  6.10000000e-01  6.09938866e-01 
 8.15547600e-07  6.10000000e-01  6.09939234e-01 
 8.16647600e-07  6.10000000e-01  6.09939536e-01 
 8.17747600e-07  6.10000000e-01  6.09939898e-01 
 8.18847600e-07  6.10000000e-01  6.09940194e-01 
 8.19947600e-07  6.10000000e-01  6.09940550e-01 
 8.21047600e-07  6.10000000e-01  6.09940840e-01 
 8.22147600e-07  6.10000000e-01  6.09941191e-01 
 8.23247600e-07  6.10000000e-01  6.09941475e-01 
 8.24347600e-07  6.10000000e-01  6.09941821e-01 
 8.25447600e-07  6.10000000e-01  6.09942099e-01 
 8.26547600e-07  6.10000000e-01  6.09942439e-01 
 8.27647600e-07  6.10000000e-01  6.09942712e-01 
 8.28747600e-07  6.10000000e-01  6.09943047e-01 
 8.29847600e-07  6.10000000e-01  6.09943315e-01 
 8.30947600e-07  6.10000000e-01  6.09943644e-01 
 8.32047600e-07  6.10000000e-01  6.09943906e-01 
 8.33147600e-07  6.10000000e-01  6.09944230e-01 
 8.34247600e-07  6.10000000e-01  6.09944488e-01 
 8.35347600e-07  6.10000000e-01  6.09944806e-01 
 8.36447600e-07  6.10000000e-01  6.09945059e-01 
 8.37547600e-07  6.10000000e-01  6.09945372e-01 
 8.38647600e-07  6.10000000e-01  6.09945620e-01 
 8.39747600e-07  6.10000000e-01  6.09945929e-01 
 8.40847600e-07  6.10000000e-01  6.09946171e-01 
 8.41947600e-07  6.10000000e-01  6.09946475e-01 
 8.43047600e-07  6.10000000e-01  6.09946713e-01 
 8.44147600e-07  6.10000000e-01  6.09947012e-01 
 8.45247600e-07  6.10000000e-01  6.09947245e-01 
 8.46347600e-07  6.10000000e-01  6.09947539e-01 
 8.47447600e-07  6.10000000e-01  6.09947768e-01 
 8.48547600e-07  6.10000000e-01  6.09948057e-01 
 8.49647600e-07  6.10000000e-01  6.09948281e-01 
 8.50747600e-07  6.10000000e-01  6.09948567e-01 
 8.51847600e-07  6.10000000e-01  6.09948786e-01 
 8.52947600e-07  6.10000000e-01  6.09949067e-01 
 8.54047600e-07  6.10000000e-01  6.09949282e-01 
 8.55147600e-07  6.10000000e-01  6.09949558e-01 
 8.56247600e-07  6.10000000e-01  6.09949769e-01 
 8.57347600e-07  6.10000000e-01  6.09950041e-01 
 8.58447600e-07  6.10000000e-01  6.09950247e-01 
 8.59547600e-07  6.10000000e-01  6.09950515e-01 
 8.60647600e-07  6.10000000e-01  6.09950717e-01 
 8.61747600e-07  6.10000000e-01  6.09950981e-01 
 8.62847600e-07  6.10000000e-01  6.09951179e-01 
 8.63947600e-07  6.10000000e-01  6.09951439e-01 
 8.65047600e-07  6.10000000e-01  6.09951633e-01 
 8.66147600e-07  6.10000000e-01  6.09951888e-01 
 8.67247600e-07  6.10000000e-01  6.09952079e-01 
 8.68347600e-07  6.10000000e-01  6.09952330e-01 
 8.69447600e-07  6.10000000e-01  6.09952517e-01 
 8.70547600e-07  6.10000000e-01  6.09952764e-01 
 8.71647600e-07  6.10000000e-01  6.09952947e-01 
 8.72747600e-07  6.10000000e-01  6.09953191e-01 
 8.73847600e-07  6.10000000e-01  6.09953370e-01 
 8.74947600e-07  6.10000000e-01  6.09953610e-01 
 8.76047600e-07  6.10000000e-01  6.09953785e-01 
 8.77147600e-07  6.10000000e-01  6.09954022e-01 
 8.78247600e-07  6.10000000e-01  6.09954193e-01 
 8.79347600e-07  6.10000000e-01  6.09954426e-01 
 8.80447600e-07  6.10000000e-01  6.09954594e-01 
 8.81547600e-07  6.10000000e-01  6.09954823e-01 
 8.82647600e-07  6.10000000e-01  6.09954988e-01 
 8.83747600e-07  6.10000000e-01  6.09955214e-01 
 8.84847600e-07  6.10000000e-01  6.09955375e-01 
 8.85947600e-07  6.10000000e-01  6.09955597e-01 
 8.87047600e-07  6.10000000e-01  6.09955755e-01 
 8.88147600e-07  6.10000000e-01  6.09955974e-01 
 8.89247600e-07  6.10000000e-01  6.09956128e-01 
 8.90347600e-07  6.10000000e-01  6.09956344e-01 
 8.91447600e-07  6.10000000e-01  6.09956495e-01 
 8.92547600e-07  6.10000000e-01  6.09956708e-01 
 8.93647600e-07  6.10000000e-01  6.09956856e-01 
 8.94747600e-07  6.10000000e-01  6.09957065e-01 
 8.95847600e-07  6.10000000e-01  6.09957210e-01 
 8.96947600e-07  6.10000000e-01  6.09957416e-01 
 8.98047600e-07  6.10000000e-01  6.09957558e-01 
 8.99147600e-07  6.10000000e-01  6.09957761e-01 
 9.00247600e-07  6.10000000e-01  6.09957900e-01 
 9.01347600e-07  6.10000000e-01  6.09958100e-01 
 9.02447600e-07  6.10000000e-01  6.09958235e-01 
 9.03547600e-07  6.10000000e-01  6.09958433e-01 
 9.04647600e-07  6.10000000e-01  6.09958565e-01 
 9.05747600e-07  6.10000000e-01  6.09958760e-01 
 9.06847600e-07  6.10000000e-01  6.09958890e-01 
 9.07947600e-07  6.10000000e-01  6.09959081e-01 
 9.09047600e-07  6.10000000e-01  6.09959208e-01 
 9.10147600e-07  6.10000000e-01  6.09959397e-01 
 9.11247600e-07  6.10000000e-01  6.09959521e-01 
 9.12347600e-07  6.10000000e-01  6.09959707e-01 
 9.13447600e-07  6.10000000e-01  6.09959828e-01 
 9.14547600e-07  6.10000000e-01  6.09960011e-01 
 9.15647600e-07  6.10000000e-01  6.09960130e-01 
 9.16747600e-07  6.10000000e-01  6.09960311e-01 
 9.17847600e-07  6.10000000e-01  6.09960427e-01 
 9.18947600e-07  6.10000000e-01  6.09960605e-01 
 9.20047600e-07  6.10000000e-01  6.09960718e-01 
 9.21147600e-07  6.10000000e-01  6.09960894e-01 
 9.22247600e-07  6.10000000e-01  6.09961005e-01 
 9.23347600e-07  6.10000000e-01  6.09961178e-01 
 9.24447600e-07  6.10000000e-01  6.09961286e-01 
 9.25547600e-07  6.10000000e-01  6.09961457e-01 
 9.26647600e-07  6.10000000e-01  6.09961563e-01 
 9.27747600e-07  6.10000000e-01  6.09961730e-01 
 9.28847600e-07  6.10000000e-01  6.09961834e-01 
 9.29947600e-07  6.10000000e-01  6.09962000e-01 
 9.31047600e-07  6.10000000e-01  6.09962101e-01 
 9.32147600e-07  6.10000000e-01  6.09962264e-01 
 9.33247600e-07  6.10000000e-01  6.09962363e-01 
 9.34347600e-07  6.10000000e-01  6.09962524e-01 
 9.35447600e-07  6.10000000e-01  6.09962621e-01 
 9.36547600e-07  6.10000000e-01  6.09962779e-01 
 9.37647600e-07  6.10000000e-01  6.09962874e-01 
 9.38747600e-07  6.10000000e-01  6.09963030e-01 
 9.39847600e-07  6.10000000e-01  6.09963122e-01 
 9.40947600e-07  6.10000000e-01  6.09963276e-01 
 9.42047600e-07  6.10000000e-01  6.09963366e-01 
 9.43147600e-07  6.10000000e-01  6.09963518e-01 
 9.44247600e-07  6.10000000e-01  6.09963606e-01 
 9.45347600e-07  6.10000000e-01  6.09963756e-01 
 9.46447600e-07  6.10000000e-01  6.09963842e-01 
 9.47547600e-07  6.10000000e-01  6.09963990e-01 
 9.48647600e-07  6.10000000e-01  6.09964074e-01 
 9.49747600e-07  6.10000000e-01  6.09964219e-01 
 9.50847600e-07  6.10000000e-01  6.09964301e-01 
 9.51947600e-07  6.10000000e-01  6.09964445e-01 
 9.53047600e-07  6.10000000e-01  6.09964525e-01 
 9.54147600e-07  6.10000000e-01  6.09964666e-01 
 9.55247600e-07  6.10000000e-01  6.09964744e-01 
 9.56347600e-07  6.10000000e-01  6.09964884e-01 
 9.57447600e-07  6.10000000e-01  6.09964960e-01 
 9.58547600e-07  6.10000000e-01  6.09965098e-01 
 9.59647600e-07  6.10000000e-01  6.09965172e-01 
 9.60747600e-07  6.10000000e-01  6.09965308e-01 
 9.61847600e-07  6.10000000e-01  6.09965380e-01 
 9.62947600e-07  6.10000000e-01  6.09965514e-01 
 9.64047600e-07  6.10000000e-01  6.09965585e-01 
 9.65147600e-07  6.10000000e-01  6.09965717e-01 
 9.66247600e-07  6.10000000e-01  6.09965786e-01 
 9.67347600e-07  6.10000000e-01  6.09965916e-01 
 9.68447600e-07  6.10000000e-01  6.09965983e-01 
 9.69547600e-07  6.10000000e-01  6.09966112e-01 
 9.70647600e-07  6.10000000e-01  6.09966177e-01 
 9.71747600e-07  6.10000000e-01  6.09966304e-01 
 9.72847600e-07  6.10000000e-01  6.09966368e-01 
 9.73947600e-07  6.10000000e-01  6.09966493e-01 
 9.75047600e-07  6.10000000e-01  6.09966555e-01 
 9.76147600e-07  6.10000000e-01  6.09966679e-01 
 9.77247600e-07  6.10000000e-01  6.09966739e-01 
 9.78347600e-07  6.10000000e-01  6.09966861e-01 
 9.79447600e-07  6.10000000e-01  6.09966920e-01 
 9.80547600e-07  6.10000000e-01  6.09967041e-01 
 9.81647600e-07  6.10000000e-01  6.09967098e-01 
 9.82747600e-07  6.10000000e-01  6.09967217e-01 
 9.83847600e-07  6.10000000e-01  6.09967272e-01 
 9.84947600e-07  6.10000000e-01  6.09967389e-01 
 9.86047600e-07  6.10000000e-01  6.09967443e-01 
 9.87147600e-07  6.10000000e-01  6.09967559e-01 
 9.88247600e-07  6.10000000e-01  6.09967612e-01 
 9.89347600e-07  6.10000000e-01  6.09967726e-01 
 9.90447600e-07  6.10000000e-01  6.09967777e-01 
 9.91547600e-07  6.10000000e-01  6.09967890e-01 
 9.92647600e-07  6.10000000e-01  6.09967940e-01 
 9.93747600e-07  6.10000000e-01  6.09968051e-01 
 9.94847600e-07  6.10000000e-01  6.09968100e-01 
 9.95947600e-07  6.10000000e-01  6.09968210e-01 
 9.97047600e-07  6.10000000e-01  6.09968256e-01 
 9.98147600e-07  6.10000000e-01  6.09968365e-01 
 9.99247600e-07  6.10000000e-01  6.09968411e-01 
 1.00034760e-06  6.10000000e-01  6.09968518e-01 
 1.00144760e-06  6.10000000e-01  6.09968562e-01 
 1.00254760e-06  6.10000000e-01  6.09968668e-01 
 1.00364760e-06  6.10000000e-01  6.09968711e-01 
 1.00474760e-06  6.10000000e-01  6.09968815e-01 
 1.00584760e-06  6.10000000e-01  6.09968857e-01 
 1.00694760e-06  6.10000000e-01  6.09968960e-01 
 1.00804760e-06  6.10000000e-01  6.09969001e-01 
 1.00914760e-06  6.10000000e-01  6.09969103e-01 
 1.01024760e-06  6.10000000e-01  6.09969142e-01 
 1.01134760e-06  6.10000000e-01  6.09969242e-01 
 1.01244760e-06  6.10000000e-01  6.09969280e-01 
 1.01354760e-06  6.10000000e-01  6.09969380e-01 
 1.01464760e-06  6.10000000e-01  6.09969416e-01 
 1.01574760e-06  6.10000000e-01  6.09969515e-01 
 1.01684760e-06  6.10000000e-01  6.09969550e-01 
 1.01794760e-06  6.10000000e-01  6.09969647e-01 
 1.01904760e-06  6.10000000e-01  6.09969682e-01 
 1.02014760e-06  6.10000000e-01  6.09969778e-01 
 1.02124760e-06  6.10000000e-01  6.09969811e-01 
 1.02234760e-06  6.10000000e-01  6.09969906e-01 
 1.02344760e-06  6.10000000e-01  6.09969938e-01 
 1.02454760e-06  6.10000000e-01  6.09970031e-01 
 1.02564760e-06  6.10000000e-01  6.09970062e-01 
 1.02674760e-06  6.10000000e-01  6.09970155e-01 
 1.02784760e-06  6.10000000e-01  6.09970185e-01 
 1.02894760e-06  6.10000000e-01  6.09970276e-01 
 1.03004760e-06  6.10000000e-01  6.09970305e-01 
 1.03114760e-06  6.10000000e-01  6.09970396e-01 
 1.03224760e-06  6.10000000e-01  6.09970423e-01 
 1.03334760e-06  6.10000000e-01  6.09970513e-01 
 1.03444760e-06  6.10000000e-01  6.09970539e-01 
 1.03554760e-06  6.10000000e-01  6.09970628e-01 
 1.03664760e-06  6.10000000e-01  6.09970653e-01 
 1.03774760e-06  6.10000000e-01  6.09970741e-01 
 1.03884760e-06  6.10000000e-01  6.09970766e-01 
 1.03994760e-06  6.10000000e-01  6.09970852e-01 
 1.04104760e-06  6.10000000e-01  6.09970876e-01 
 1.04214760e-06  6.10000000e-01  6.09970961e-01 
 1.04324760e-06  6.10000000e-01  6.09970984e-01 
 1.04434760e-06  6.10000000e-01  6.09971068e-01 
 1.04544760e-06  6.10000000e-01  6.09971090e-01 
 1.04654760e-06  6.10000000e-01  6.09971174e-01 
 1.04764760e-06  6.10000000e-01  6.09971195e-01 
 1.04874760e-06  6.10000000e-01  6.09971277e-01 
 1.04984760e-06  6.10000000e-01  6.09971297e-01 
 1.05094760e-06  6.10000000e-01  6.09971379e-01 
 1.05204760e-06  6.10000000e-01  6.09971398e-01 
 1.05314760e-06  6.10000000e-01  6.09971479e-01 
 1.05424760e-06  6.10000000e-01  6.09971497e-01 
 1.05534760e-06  6.10000000e-01  6.09971577e-01 
 1.05644760e-06  6.10000000e-01  6.09971594e-01 
 1.05754760e-06  6.10000000e-01  6.09971673e-01 
 1.05864760e-06  6.10000000e-01  6.09971690e-01 
 1.05974760e-06  6.10000000e-01  6.09971768e-01 
 1.06084760e-06  6.10000000e-01  6.09971784e-01 
 1.06194760e-06  6.10000000e-01  6.09971861e-01 
 1.06304760e-06  6.10000000e-01  6.09971876e-01 
 1.06414760e-06  6.10000000e-01  6.09971953e-01 
 1.06524760e-06  6.10000000e-01  6.09971967e-01 
 1.06634760e-06  6.10000000e-01  6.09972042e-01 
 1.06744760e-06  6.10000000e-01  6.09972056e-01 
 1.06854760e-06  6.10000000e-01  6.09972131e-01 
 1.06964760e-06  6.10000000e-01  6.09972143e-01 
 1.07074760e-06  6.10000000e-01  6.09972217e-01 
 1.07184760e-06  6.10000000e-01  6.09972229e-01 
 1.07294760e-06  6.10000000e-01  6.09972302e-01 
 1.07404760e-06  6.10000000e-01  6.09972314e-01 
 1.07514760e-06  6.10000000e-01  6.09972386e-01 
 1.07624760e-06  6.10000000e-01  6.09972396e-01 
 1.07734760e-06  6.10000000e-01  6.09972468e-01 
 1.07844760e-06  6.10000000e-01  6.09972478e-01 
 1.07954760e-06  6.10000000e-01  6.09972549e-01 
 1.08064760e-06  6.10000000e-01  6.09972558e-01 
 1.08174760e-06  6.10000000e-01  6.09972629e-01 
 1.08284760e-06  6.10000000e-01  6.09972637e-01 
 1.08394760e-06  6.10000000e-01  6.09972707e-01 
 1.08504760e-06  6.10000000e-01  6.09972714e-01 
 1.08614760e-06  6.10000000e-01  6.09972783e-01 
 1.08724760e-06  6.10000000e-01  6.09972790e-01 
 1.08834760e-06  6.10000000e-01  6.09972858e-01 
 1.08944760e-06  6.10000000e-01  6.09972865e-01 
 1.09054760e-06  6.10000000e-01  6.09972932e-01 
 1.09164760e-06  6.10000000e-01  6.09972938e-01 
 1.09274760e-06  6.10000000e-01  6.09973005e-01 
 1.09384760e-06  6.10000000e-01  6.09973010e-01 
 1.09494760e-06  6.10000000e-01  6.09973076e-01 
 1.09604760e-06  6.10000000e-01  6.09973081e-01 
 1.09714760e-06  6.10000000e-01  6.09973146e-01 
 1.09824760e-06  6.10000000e-01  6.09973150e-01 
 1.09934760e-06  6.10000000e-01  6.09973215e-01 
 1.10000000e-06  6.10000000e-01  6.09973205e-01 
