DCXY        Vout        V(OUT)     

-4.0000E-04  6.5076E-01  6.5076E-01
-3.9900E-04  6.5087E-01  6.5087E-01
-3.9800E-04  6.5098E-01  6.5098E-01
-3.9700E-04  6.5108E-01  6.5108E-01
-3.9600E-04  6.5119E-01  6.5119E-01
-3.9500E-04  6.5131E-01  6.5131E-01
-3.9400E-04  6.5142E-01  6.5142E-01
-3.9300E-04  6.5153E-01  6.5153E-01
-3.9200E-04  6.5164E-01  6.5164E-01
-3.9100E-04  6.5175E-01  6.5175E-01
-3.9000E-04  6.5186E-01  6.5186E-01
-3.8900E-04  6.5198E-01  6.5198E-01
-3.8800E-04  6.5209E-01  6.5209E-01
-3.8700E-04  6.5220E-01  6.5220E-01
-3.8600E-04  6.5232E-01  6.5232E-01
-3.8500E-04  6.5243E-01  6.5243E-01
-3.8400E-04  6.5255E-01  6.5255E-01
-3.8300E-04  6.5266E-01  6.5266E-01
-3.8200E-04  6.5278E-01  6.5278E-01
-3.8100E-04  6.5290E-01  6.5290E-01
-3.8000E-04  6.5301E-01  6.5301E-01
-3.7900E-04  6.5313E-01  6.5313E-01
-3.7800E-04  6.5325E-01  6.5325E-01
-3.7700E-04  6.5337E-01  6.5337E-01
-3.7600E-04  6.5348E-01  6.5348E-01
-3.7500E-04  6.5360E-01  6.5360E-01
-3.7400E-04  6.5372E-01  6.5372E-01
-3.7300E-04  6.5384E-01  6.5384E-01
-3.7200E-04  6.5397E-01  6.5397E-01
-3.7100E-04  6.5409E-01  6.5409E-01
-3.7000E-04  6.5421E-01  6.5421E-01
-3.6900E-04  6.5433E-01  6.5433E-01
-3.6800E-04  6.5445E-01  6.5445E-01
-3.6700E-04  6.5458E-01  6.5458E-01
-3.6600E-04  6.5470E-01  6.5470E-01
-3.6500E-04  6.5483E-01  6.5483E-01
-3.6400E-04  6.5495E-01  6.5495E-01
-3.6300E-04  6.5508E-01  6.5508E-01
-3.6200E-04  6.5520E-01  6.5520E-01
-3.6100E-04  6.5533E-01  6.5533E-01
-3.6000E-04  6.5546E-01  6.5546E-01
-3.5900E-04  6.5558E-01  6.5558E-01
-3.5800E-04  6.5571E-01  6.5571E-01
-3.5700E-04  6.5584E-01  6.5584E-01
-3.5600E-04  6.5597E-01  6.5597E-01
-3.5500E-04  6.5610E-01  6.5610E-01
-3.5400E-04  6.5623E-01  6.5623E-01
-3.5300E-04  6.5636E-01  6.5636E-01
-3.5200E-04  6.5649E-01  6.5649E-01
-3.5100E-04  6.5663E-01  6.5663E-01
-3.5000E-04  6.5676E-01  6.5676E-01
-3.4900E-04  6.5689E-01  6.5689E-01
-3.4800E-04  6.5703E-01  6.5703E-01
-3.4700E-04  6.5716E-01  6.5716E-01
-3.4600E-04  6.5730E-01  6.5730E-01
-3.4500E-04  6.5743E-01  6.5743E-01
-3.4400E-04  6.5757E-01  6.5757E-01
-3.4300E-04  6.5771E-01  6.5771E-01
-3.4200E-04  6.5784E-01  6.5784E-01
-3.4100E-04  6.5798E-01  6.5798E-01
-3.4000E-04  6.5812E-01  6.5812E-01
-3.3900E-04  6.5826E-01  6.5826E-01
-3.3800E-04  6.5840E-01  6.5840E-01
-3.3700E-04  6.5854E-01  6.5854E-01
-3.3600E-04  6.5868E-01  6.5868E-01
-3.3500E-04  6.5883E-01  6.5883E-01
-3.3400E-04  6.5897E-01  6.5897E-01
-3.3300E-04  6.5911E-01  6.5911E-01
-3.3200E-04  6.5926E-01  6.5926E-01
-3.3100E-04  6.5940E-01  6.5940E-01
-3.3000E-04  6.5955E-01  6.5955E-01
-3.2900E-04  6.5969E-01  6.5969E-01
-3.2800E-04  6.5984E-01  6.5984E-01
-3.2700E-04  6.5999E-01  6.5999E-01
-3.2600E-04  6.6014E-01  6.6014E-01
-3.2500E-04  6.6029E-01  6.6029E-01
-3.2400E-04  6.6044E-01  6.6044E-01
-3.2300E-04  6.6059E-01  6.6059E-01
-3.2200E-04  6.6074E-01  6.6074E-01
-3.2100E-04  6.6089E-01  6.6089E-01
-3.2000E-04  6.6105E-01  6.6105E-01
-3.1900E-04  6.6120E-01  6.6120E-01
-3.1800E-04  6.6136E-01  6.6136E-01
-3.1700E-04  6.6151E-01  6.6151E-01
-3.1600E-04  6.6167E-01  6.6167E-01
-3.1500E-04  6.6182E-01  6.6182E-01
-3.1400E-04  6.6198E-01  6.6198E-01
-3.1300E-04  6.6214E-01  6.6214E-01
-3.1200E-04  6.6230E-01  6.6230E-01
-3.1100E-04  6.6246E-01  6.6246E-01
-3.1000E-04  6.6262E-01  6.6262E-01
-3.0900E-04  6.6279E-01  6.6279E-01
-3.0800E-04  6.6295E-01  6.6295E-01
-3.0700E-04  6.6311E-01  6.6311E-01
-3.0600E-04  6.6328E-01  6.6328E-01
-3.0500E-04  6.6344E-01  6.6344E-01
-3.0400E-04  6.6361E-01  6.6361E-01
-3.0300E-04  6.6378E-01  6.6378E-01
-3.0200E-04  6.6395E-01  6.6395E-01
-3.0100E-04  6.6412E-01  6.6412E-01
-3.0000E-04  6.6429E-01  6.6429E-01
-2.9900E-04  6.6446E-01  6.6446E-01
-2.9800E-04  6.6463E-01  6.6463E-01
-2.9700E-04  6.6480E-01  6.6480E-01
-2.9600E-04  6.6498E-01  6.6498E-01
-2.9500E-04  6.6515E-01  6.6515E-01
-2.9400E-04  6.6533E-01  6.6533E-01
-2.9300E-04  6.6551E-01  6.6551E-01
-2.9200E-04  6.6568E-01  6.6568E-01
-2.9100E-04  6.6586E-01  6.6586E-01
-2.9000E-04  6.6604E-01  6.6604E-01
-2.8900E-04  6.6623E-01  6.6623E-01
-2.8800E-04  6.6641E-01  6.6641E-01
-2.8700E-04  6.6659E-01  6.6659E-01
-2.8600E-04  6.6678E-01  6.6678E-01
-2.8500E-04  6.6696E-01  6.6696E-01
-2.8400E-04  6.6715E-01  6.6715E-01
-2.8300E-04  6.6734E-01  6.6734E-01
-2.8200E-04  6.6753E-01  6.6753E-01
-2.8100E-04  6.6772E-01  6.6772E-01
-2.8000E-04  6.6791E-01  6.6791E-01
-2.7900E-04  6.6810E-01  6.6810E-01
-2.7800E-04  6.6829E-01  6.6829E-01
-2.7700E-04  6.6849E-01  6.6849E-01
-2.7600E-04  6.6869E-01  6.6869E-01
-2.7500E-04  6.6888E-01  6.6888E-01
-2.7400E-04  6.6908E-01  6.6908E-01
-2.7300E-04  6.6928E-01  6.6928E-01
-2.7200E-04  6.6948E-01  6.6948E-01
-2.7100E-04  6.6968E-01  6.6968E-01
-2.7000E-04  6.6989E-01  6.6989E-01
-2.6900E-04  6.7009E-01  6.7009E-01
-2.6800E-04  6.7030E-01  6.7030E-01
-2.6700E-04  6.7051E-01  6.7051E-01
-2.6600E-04  6.7072E-01  6.7072E-01
-2.6500E-04  6.7093E-01  6.7093E-01
-2.6400E-04  6.7114E-01  6.7114E-01
-2.6300E-04  6.7135E-01  6.7135E-01
-2.6200E-04  6.7157E-01  6.7157E-01
-2.6100E-04  6.7178E-01  6.7178E-01
-2.6000E-04  6.7200E-01  6.7200E-01
-2.5900E-04  6.7222E-01  6.7222E-01
-2.5800E-04  6.7244E-01  6.7244E-01
-2.5700E-04  6.7266E-01  6.7266E-01
-2.5600E-04  6.7289E-01  6.7289E-01
-2.5500E-04  6.7311E-01  6.7311E-01
-2.5400E-04  6.7334E-01  6.7334E-01
-2.5300E-04  6.7356E-01  6.7356E-01
-2.5200E-04  6.7379E-01  6.7379E-01
-2.5100E-04  6.7403E-01  6.7403E-01
-2.5000E-04  6.7426E-01  6.7426E-01
-2.4900E-04  6.7449E-01  6.7449E-01
-2.4800E-04  6.7473E-01  6.7473E-01
-2.4700E-04  6.7497E-01  6.7497E-01
-2.4600E-04  6.7521E-01  6.7521E-01
-2.4500E-04  6.7545E-01  6.7545E-01
-2.4400E-04  6.7569E-01  6.7569E-01
-2.4300E-04  6.7594E-01  6.7594E-01
-2.4200E-04  6.7619E-01  6.7619E-01
-2.4100E-04  6.7643E-01  6.7643E-01
-2.4000E-04  6.7669E-01  6.7669E-01
-2.3900E-04  6.7694E-01  6.7694E-01
-2.3800E-04  6.7719E-01  6.7719E-01
-2.3700E-04  6.7745E-01  6.7745E-01
-2.3600E-04  6.7771E-01  6.7771E-01
-2.3500E-04  6.7797E-01  6.7797E-01
-2.3400E-04  6.7823E-01  6.7823E-01
-2.3300E-04  6.7849E-01  6.7849E-01
-2.3200E-04  6.7876E-01  6.7876E-01
-2.3100E-04  6.7903E-01  6.7903E-01
-2.3000E-04  6.7930E-01  6.7930E-01
-2.2900E-04  6.7957E-01  6.7957E-01
-2.2800E-04  6.7985E-01  6.7985E-01
-2.2700E-04  6.8013E-01  6.8013E-01
-2.2600E-04  6.8040E-01  6.8040E-01
-2.2500E-04  6.8069E-01  6.8069E-01
-2.2400E-04  6.8097E-01  6.8097E-01
-2.2300E-04  6.8126E-01  6.8126E-01
-2.2200E-04  6.8155E-01  6.8155E-01
-2.2100E-04  6.8184E-01  6.8184E-01
-2.2000E-04  6.8213E-01  6.8213E-01
-2.1900E-04  6.8243E-01  6.8243E-01
-2.1800E-04  6.8273E-01  6.8273E-01
-2.1700E-04  6.8303E-01  6.8303E-01
-2.1600E-04  6.8333E-01  6.8333E-01
-2.1500E-04  6.8364E-01  6.8364E-01
-2.1400E-04  6.8395E-01  6.8395E-01
-2.1300E-04  6.8426E-01  6.8426E-01
-2.1200E-04  6.8457E-01  6.8457E-01
-2.1100E-04  6.8489E-01  6.8489E-01
-2.1000E-04  6.8521E-01  6.8521E-01
-2.0900E-04  6.8553E-01  6.8553E-01
-2.0800E-04  6.8586E-01  6.8586E-01
-2.0700E-04  6.8619E-01  6.8619E-01
-2.0600E-04  6.8652E-01  6.8652E-01
-2.0500E-04  6.8685E-01  6.8685E-01
-2.0400E-04  6.8719E-01  6.8719E-01
-2.0300E-04  6.8753E-01  6.8753E-01
-2.0200E-04  6.8788E-01  6.8788E-01
-2.0100E-04  6.8822E-01  6.8822E-01
-2.0000E-04  6.8857E-01  6.8857E-01
-1.9900E-04  6.8893E-01  6.8893E-01
-1.9800E-04  6.8928E-01  6.8928E-01
-1.9700E-04  6.8964E-01  6.8964E-01
-1.9600E-04  6.9001E-01  6.9001E-01
-1.9500E-04  6.9037E-01  6.9037E-01
-1.9400E-04  6.9075E-01  6.9075E-01
-1.9300E-04  6.9112E-01  6.9112E-01
-1.9200E-04  6.9150E-01  6.9150E-01
-1.9100E-04  6.9188E-01  6.9188E-01
-1.9000E-04  6.9227E-01  6.9227E-01
-1.8900E-04  6.9266E-01  6.9266E-01
-1.8800E-04  6.9305E-01  6.9305E-01
-1.8700E-04  6.9345E-01  6.9345E-01
-1.8600E-04  6.9385E-01  6.9385E-01
-1.8500E-04  6.9425E-01  6.9425E-01
-1.8400E-04  6.9466E-01  6.9466E-01
-1.8300E-04  6.9507E-01  6.9507E-01
-1.8200E-04  6.9549E-01  6.9549E-01
-1.8100E-04  6.9591E-01  6.9591E-01
-1.8000E-04  6.9634E-01  6.9634E-01
-1.7900E-04  6.9677E-01  6.9677E-01
-1.7800E-04  6.9721E-01  6.9721E-01
-1.7700E-04  6.9765E-01  6.9765E-01
-1.7600E-04  6.9809E-01  6.9809E-01
-1.7500E-04  6.9854E-01  6.9854E-01
-1.7400E-04  6.9900E-01  6.9900E-01
-1.7300E-04  6.9945E-01  6.9945E-01
-1.7200E-04  6.9992E-01  6.9992E-01
-1.7100E-04  7.0039E-01  7.0039E-01
-1.7000E-04  7.0086E-01  7.0086E-01
-1.6900E-04  7.0134E-01  7.0134E-01
-1.6800E-04  7.0182E-01  7.0182E-01
-1.6700E-04  7.0231E-01  7.0231E-01
-1.6600E-04  7.0281E-01  7.0281E-01
-1.6500E-04  7.0331E-01  7.0331E-01
-1.6400E-04  7.0381E-01  7.0381E-01
-1.6300E-04  7.0432E-01  7.0432E-01
-1.6200E-04  7.0484E-01  7.0484E-01
-1.6100E-04  7.0536E-01  7.0536E-01
-1.6000E-04  7.0589E-01  7.0589E-01
-1.5900E-04  7.0643E-01  7.0643E-01
-1.5800E-04  7.0697E-01  7.0697E-01
-1.5700E-04  7.0751E-01  7.0751E-01
-1.5600E-04  7.0807E-01  7.0807E-01
-1.5500E-04  7.0863E-01  7.0863E-01
-1.5400E-04  7.0919E-01  7.0919E-01
-1.5300E-04  7.0976E-01  7.0976E-01
-1.5200E-04  7.1034E-01  7.1034E-01
-1.5100E-04  7.1092E-01  7.1092E-01
-1.5000E-04  7.1152E-01  7.1152E-01
-1.4900E-04  7.1211E-01  7.1211E-01
-1.4800E-04  7.1272E-01  7.1272E-01
-1.4700E-04  7.1333E-01  7.1333E-01
-1.4600E-04  7.1395E-01  7.1395E-01
-1.4500E-04  7.1457E-01  7.1457E-01
-1.4400E-04  7.1520E-01  7.1520E-01
-1.4300E-04  7.1584E-01  7.1584E-01
-1.4200E-04  7.1649E-01  7.1649E-01
-1.4100E-04  7.1715E-01  7.1715E-01
-1.4000E-04  7.1781E-01  7.1781E-01
-1.3900E-04  7.1848E-01  7.1848E-01
-1.3800E-04  7.1915E-01  7.1915E-01
-1.3700E-04  7.1984E-01  7.1984E-01
-1.3600E-04  7.2053E-01  7.2053E-01
-1.3500E-04  7.2123E-01  7.2123E-01
-1.3400E-04  7.2193E-01  7.2193E-01
-1.3300E-04  7.2265E-01  7.2265E-01
-1.3200E-04  7.2337E-01  7.2337E-01
-1.3100E-04  7.2410E-01  7.2410E-01
-1.3000E-04  7.2484E-01  7.2484E-01
-1.2900E-04  7.2559E-01  7.2559E-01
-1.2800E-04  7.2634E-01  7.2634E-01
-1.2700E-04  7.2710E-01  7.2710E-01
-1.2600E-04  7.2787E-01  7.2787E-01
-1.2500E-04  7.2865E-01  7.2865E-01
-1.2400E-04  7.2944E-01  7.2944E-01
-1.2300E-04  7.3023E-01  7.3023E-01
-1.2200E-04  7.3104E-01  7.3104E-01
-1.2100E-04  7.3185E-01  7.3185E-01
-1.2000E-04  7.3267E-01  7.3267E-01
-1.1900E-04  7.3349E-01  7.3349E-01
-1.1800E-04  7.3433E-01  7.3433E-01
-1.1700E-04  7.3517E-01  7.3517E-01
-1.1600E-04  7.3603E-01  7.3603E-01
-1.1500E-04  7.3689E-01  7.3689E-01
-1.1400E-04  7.3776E-01  7.3776E-01
-1.1300E-04  7.3863E-01  7.3863E-01
-1.1200E-04  7.3952E-01  7.3952E-01
-1.1100E-04  7.4041E-01  7.4041E-01
-1.1000E-04  7.4131E-01  7.4131E-01
-1.0900E-04  7.4222E-01  7.4222E-01
-1.0800E-04  7.4314E-01  7.4314E-01
-1.0700E-04  7.4406E-01  7.4406E-01
-1.0600E-04  7.4500E-01  7.4500E-01
-1.0500E-04  7.4594E-01  7.4594E-01
-1.0400E-04  7.4689E-01  7.4689E-01
-1.0300E-04  7.4784E-01  7.4784E-01
-1.0200E-04  7.4881E-01  7.4881E-01
-1.0100E-04  7.4978E-01  7.4978E-01
-1.0000E-04  7.5076E-01  7.5076E-01
-9.9000E-05  7.5174E-01  7.5174E-01
-9.8000E-05  7.5274E-01  7.5274E-01
-9.7000E-05  7.5374E-01  7.5374E-01
-9.6000E-05  7.5475E-01  7.5475E-01
-9.5000E-05  7.5576E-01  7.5576E-01
-9.4000E-05  7.5679E-01  7.5679E-01
-9.3000E-05  7.5782E-01  7.5782E-01
-9.2000E-05  7.5885E-01  7.5885E-01
-9.1000E-05  7.5989E-01  7.5989E-01
-9.0000E-05  7.6094E-01  7.6094E-01
-8.9000E-05  7.6200E-01  7.6200E-01
-8.8000E-05  7.6306E-01  7.6306E-01
-8.7000E-05  7.6413E-01  7.6413E-01
-8.6000E-05  7.6521E-01  7.6521E-01
-8.5000E-05  7.6629E-01  7.6629E-01
-8.4000E-05  7.6737E-01  7.6737E-01
-8.3000E-05  7.6847E-01  7.6847E-01
-8.2000E-05  7.6957E-01  7.6957E-01
-8.1000E-05  7.7067E-01  7.7067E-01
-8.0000E-05  7.7178E-01  7.7178E-01
-7.9000E-05  7.7290E-01  7.7290E-01
-7.8000E-05  7.7402E-01  7.7402E-01
-7.7000E-05  7.7514E-01  7.7514E-01
-7.6000E-05  7.7627E-01  7.7627E-01
-7.5000E-05  7.7741E-01  7.7741E-01
-7.4000E-05  7.7855E-01  7.7855E-01
-7.3000E-05  7.7970E-01  7.7970E-01
-7.2000E-05  7.8085E-01  7.8085E-01
-7.1000E-05  7.8201E-01  7.8201E-01
-7.0000E-05  7.8317E-01  7.8317E-01
-6.9000E-05  7.8433E-01  7.8433E-01
-6.8000E-05  7.8550E-01  7.8550E-01
-6.7000E-05  7.8667E-01  7.8667E-01
-6.6000E-05  7.8785E-01  7.8785E-01
-6.5000E-05  7.8903E-01  7.8903E-01
-6.4000E-05  7.9022E-01  7.9022E-01
-6.3000E-05  7.9141E-01  7.9141E-01
-6.2000E-05  7.9261E-01  7.9261E-01
-6.1000E-05  7.9380E-01  7.9380E-01
-6.0000E-05  7.9500E-01  7.9500E-01
-5.9000E-05  7.9621E-01  7.9621E-01
-5.8000E-05  7.9742E-01  7.9742E-01
-5.7000E-05  7.9863E-01  7.9863E-01
-5.6000E-05  7.9985E-01  7.9985E-01
-5.5000E-05  8.0107E-01  8.0107E-01
-5.4000E-05  8.0229E-01  8.0229E-01
-5.3000E-05  8.0352E-01  8.0352E-01
-5.2000E-05  8.0475E-01  8.0475E-01
-5.1000E-05  8.0598E-01  8.0598E-01
-5.0000E-05  8.0722E-01  8.0722E-01
-4.9000E-05  8.0845E-01  8.0845E-01
-4.8000E-05  8.0970E-01  8.0970E-01
-4.7000E-05  8.1094E-01  8.1094E-01
-4.6000E-05  8.1219E-01  8.1219E-01
-4.5000E-05  8.1344E-01  8.1344E-01
-4.4000E-05  8.1469E-01  8.1469E-01
-4.3000E-05  8.1595E-01  8.1595E-01
-4.2000E-05  8.1721E-01  8.1721E-01
-4.1000E-05  8.1847E-01  8.1847E-01
-4.0000E-05  8.1973E-01  8.1973E-01
-3.9000E-05  8.2100E-01  8.2100E-01
-3.8000E-05  8.2227E-01  8.2227E-01
-3.7000E-05  8.2354E-01  8.2354E-01
-3.6000E-05  8.2482E-01  8.2482E-01
-3.5000E-05  8.2609E-01  8.2609E-01
-3.4000E-05  8.2737E-01  8.2737E-01
-3.3000E-05  8.2865E-01  8.2865E-01
-3.2000E-05  8.2994E-01  8.2994E-01
-3.1000E-05  8.3122E-01  8.3122E-01
-3.0000E-05  8.3251E-01  8.3251E-01
-2.9000E-05  8.3380E-01  8.3380E-01
-2.8000E-05  8.3510E-01  8.3510E-01
-2.7000E-05  8.3639E-01  8.3639E-01
-2.6000E-05  8.3769E-01  8.3769E-01
-2.5000E-05  8.3899E-01  8.3899E-01
-2.4000E-05  8.4029E-01  8.4029E-01
-2.3000E-05  8.4160E-01  8.4160E-01
-2.2000E-05  8.4290E-01  8.4290E-01
-2.1000E-05  8.4421E-01  8.4421E-01
-2.0000E-05  8.4552E-01  8.4552E-01
-1.9000E-05  8.4683E-01  8.4683E-01
-1.8000E-05  8.4815E-01  8.4815E-01
-1.7000E-05  8.4946E-01  8.4946E-01
-1.6000E-05  8.5078E-01  8.5078E-01
-1.5000E-05  8.5210E-01  8.5210E-01
-1.4000E-05  8.5342E-01  8.5342E-01
-1.3000E-05  8.5475E-01  8.5475E-01
-1.2000E-05  8.5608E-01  8.5608E-01
-1.1000E-05  8.5740E-01  8.5740E-01
-1.0000E-05  8.5873E-01  8.5873E-01
-9.0000E-06  8.6007E-01  8.6007E-01
-8.0000E-06  8.6140E-01  8.6140E-01
-7.0000E-06  8.6274E-01  8.6274E-01
-6.0000E-06  8.6407E-01  8.6407E-01
-5.0000E-06  8.6541E-01  8.6541E-01
-4.0000E-06  8.6675E-01  8.6675E-01
-3.0000E-06  8.6810E-01  8.6810E-01
-2.0000E-06  8.6944E-01  8.6944E-01
-1.0000E-06  8.7079E-01  8.7079E-01
-5.4210E-20  8.7214E-01  8.7214E-01
 1.0000E-06  8.7349E-01  8.7349E-01
 2.0000E-06  8.7484E-01  8.7484E-01
 3.0000E-06  8.7619E-01  8.7619E-01
 4.0000E-06  8.7755E-01  8.7755E-01
 5.0000E-06  8.7891E-01  8.7891E-01
 6.0000E-06  8.8027E-01  8.8027E-01
 7.0000E-06  8.8163E-01  8.8163E-01
 8.0000E-06  8.8299E-01  8.8299E-01
 9.0000E-06  8.8436E-01  8.8436E-01
 1.0000E-05  8.8572E-01  8.8572E-01
 1.1000E-05  8.8709E-01  8.8709E-01
 1.2000E-05  8.8846E-01  8.8846E-01
 1.3000E-05  8.8983E-01  8.8983E-01
 1.4000E-05  8.9120E-01  8.9120E-01
 1.5000E-05  8.9258E-01  8.9258E-01
 1.6000E-05  8.9396E-01  8.9396E-01
 1.7000E-05  8.9533E-01  8.9533E-01
 1.8000E-05  8.9671E-01  8.9671E-01
 1.9000E-05  8.9809E-01  8.9809E-01
 2.0000E-05  8.9948E-01  8.9948E-01
 2.1000E-05  9.0086E-01  9.0086E-01
 2.2000E-05  9.0225E-01  9.0225E-01
 2.3000E-05  9.0364E-01  9.0364E-01
 2.4000E-05  9.0503E-01  9.0503E-01
 2.5000E-05  9.0642E-01  9.0642E-01
 2.6000E-05  9.0781E-01  9.0781E-01
 2.7000E-05  9.0920E-01  9.0920E-01
 2.8000E-05  9.1060E-01  9.1060E-01
 2.9000E-05  9.1200E-01  9.1200E-01
 3.0000E-05  9.1340E-01  9.1340E-01
 3.1000E-05  9.1480E-01  9.1480E-01
 3.2000E-05  9.1620E-01  9.1620E-01
 3.3000E-05  9.1760E-01  9.1760E-01
 3.4000E-05  9.1901E-01  9.1901E-01
 3.5000E-05  9.2041E-01  9.2041E-01
 3.6000E-05  9.2182E-01  9.2182E-01
 3.7000E-05  9.2323E-01  9.2323E-01
 3.8000E-05  9.2464E-01  9.2464E-01
 3.9000E-05  9.2606E-01  9.2606E-01
 4.0000E-05  9.2747E-01  9.2747E-01
 4.1000E-05  9.2889E-01  9.2889E-01
 4.2000E-05  9.3030E-01  9.3030E-01
 4.3000E-05  9.3172E-01  9.3172E-01
 4.4000E-05  9.3314E-01  9.3314E-01
 4.5000E-05  9.3457E-01  9.3457E-01
 4.6000E-05  9.3599E-01  9.3599E-01
 4.7000E-05  9.3742E-01  9.3742E-01
 4.8000E-05  9.3884E-01  9.3884E-01
 4.9000E-05  9.4027E-01  9.4027E-01
 5.0000E-05  9.4170E-01  9.4170E-01
 5.1000E-05  9.4313E-01  9.4313E-01
 5.2000E-05  9.4456E-01  9.4456E-01
 5.3000E-05  9.4600E-01  9.4600E-01
 5.4000E-05  9.4743E-01  9.4743E-01
 5.5000E-05  9.4887E-01  9.4887E-01
 5.6000E-05  9.5031E-01  9.5031E-01
 5.7000E-05  9.5175E-01  9.5175E-01
 5.8000E-05  9.5319E-01  9.5319E-01
 5.9000E-05  9.5464E-01  9.5464E-01
 6.0000E-05  9.5608E-01  9.5608E-01
 6.1000E-05  9.5753E-01  9.5753E-01
 6.2000E-05  9.5898E-01  9.5898E-01
 6.3000E-05  9.6043E-01  9.6043E-01
 6.4000E-05  9.6188E-01  9.6188E-01
 6.5000E-05  9.6333E-01  9.6333E-01
 6.6000E-05  9.6478E-01  9.6478E-01
 6.7000E-05  9.6624E-01  9.6624E-01
 6.8000E-05  9.6769E-01  9.6769E-01
 6.9000E-05  9.6915E-01  9.6915E-01
 7.0000E-05  9.7061E-01  9.7061E-01
 7.1000E-05  9.7207E-01  9.7207E-01
 7.2000E-05  9.7354E-01  9.7354E-01
 7.3000E-05  9.7500E-01  9.7500E-01
 7.4000E-05  9.7647E-01  9.7647E-01
 7.5000E-05  9.7793E-01  9.7793E-01
 7.6000E-05  9.7940E-01  9.7940E-01
 7.7000E-05  9.8087E-01  9.8087E-01
 7.8000E-05  9.8234E-01  9.8234E-01
 7.9000E-05  9.8382E-01  9.8382E-01
 8.0000E-05  9.8529E-01  9.8529E-01
 8.1000E-05  9.8677E-01  9.8677E-01
 8.2000E-05  9.8824E-01  9.8824E-01
 8.3000E-05  9.8972E-01  9.8972E-01
 8.4000E-05  9.9120E-01  9.9120E-01
 8.5000E-05  9.9268E-01  9.9268E-01
 8.6000E-05  9.9417E-01  9.9417E-01
 8.7000E-05  9.9565E-01  9.9565E-01
 8.8000E-05  9.9714E-01  9.9714E-01
 8.9000E-05  9.9862E-01  9.9862E-01
 9.0000E-05  1.0001E+00  1.0001E+00
 9.1000E-05  1.0016E+00  1.0016E+00
 9.2000E-05  1.0031E+00  1.0031E+00
 9.3000E-05  1.0046E+00  1.0046E+00
 9.4000E-05  1.0061E+00  1.0061E+00
 9.5000E-05  1.0076E+00  1.0076E+00
 9.6000E-05  1.0091E+00  1.0091E+00
 9.7000E-05  1.0106E+00  1.0106E+00
 9.8000E-05  1.0121E+00  1.0121E+00
 9.9000E-05  1.0136E+00  1.0136E+00
 1.0000E-04  1.0151E+00  1.0151E+00
 1.0100E-04  1.0166E+00  1.0166E+00
 1.0200E-04  1.0181E+00  1.0181E+00
 1.0300E-04  1.0196E+00  1.0196E+00
 1.0400E-04  1.0211E+00  1.0211E+00
 1.0500E-04  1.0226E+00  1.0226E+00
 1.0600E-04  1.0241E+00  1.0241E+00
 1.0700E-04  1.0256E+00  1.0256E+00
 1.0800E-04  1.0271E+00  1.0271E+00
 1.0900E-04  1.0287E+00  1.0287E+00
 1.1000E-04  1.0302E+00  1.0302E+00
 1.1100E-04  1.0317E+00  1.0317E+00
 1.1200E-04  1.0332E+00  1.0332E+00
 1.1300E-04  1.0347E+00  1.0347E+00
 1.1400E-04  1.0363E+00  1.0363E+00
 1.1500E-04  1.0378E+00  1.0378E+00
 1.1600E-04  1.0393E+00  1.0393E+00
 1.1700E-04  1.0408E+00  1.0408E+00
 1.1800E-04  1.0424E+00  1.0424E+00
 1.1900E-04  1.0439E+00  1.0439E+00
 1.2000E-04  1.0454E+00  1.0454E+00
 1.2100E-04  1.0469E+00  1.0469E+00
 1.2200E-04  1.0485E+00  1.0485E+00
 1.2300E-04  1.0500E+00  1.0500E+00
 1.2400E-04  1.0515E+00  1.0515E+00
 1.2500E-04  1.0531E+00  1.0531E+00
 1.2600E-04  1.0546E+00  1.0546E+00
 1.2700E-04  1.0562E+00  1.0562E+00
 1.2800E-04  1.0577E+00  1.0577E+00
 1.2900E-04  1.0592E+00  1.0592E+00
 1.3000E-04  1.0608E+00  1.0608E+00
 1.3100E-04  1.0623E+00  1.0623E+00
 1.3200E-04  1.0639E+00  1.0639E+00
 1.3300E-04  1.0654E+00  1.0654E+00
 1.3400E-04  1.0670E+00  1.0670E+00
 1.3500E-04  1.0685E+00  1.0685E+00
 1.3600E-04  1.0701E+00  1.0701E+00
 1.3700E-04  1.0716E+00  1.0716E+00
 1.3800E-04  1.0732E+00  1.0732E+00
 1.3900E-04  1.0747E+00  1.0747E+00
 1.4000E-04  1.0763E+00  1.0763E+00
 1.4100E-04  1.0778E+00  1.0778E+00
 1.4200E-04  1.0794E+00  1.0794E+00
 1.4300E-04  1.0810E+00  1.0810E+00
 1.4400E-04  1.0825E+00  1.0825E+00
 1.4500E-04  1.0841E+00  1.0841E+00
 1.4600E-04  1.0856E+00  1.0856E+00
 1.4700E-04  1.0872E+00  1.0872E+00
 1.4800E-04  1.0888E+00  1.0888E+00
 1.4900E-04  1.0903E+00  1.0903E+00
 1.5000E-04  1.0919E+00  1.0919E+00
 1.5100E-04  1.0935E+00  1.0935E+00
 1.5200E-04  1.0951E+00  1.0951E+00
 1.5300E-04  1.0966E+00  1.0966E+00
 1.5400E-04  1.0982E+00  1.0982E+00
 1.5500E-04  1.0998E+00  1.0998E+00
 1.5600E-04  1.1014E+00  1.1014E+00
 1.5700E-04  1.1029E+00  1.1029E+00
 1.5800E-04  1.1045E+00  1.1045E+00
 1.5900E-04  1.1061E+00  1.1061E+00
 1.6000E-04  1.1077E+00  1.1077E+00
 1.6100E-04  1.1092E+00  1.1092E+00
 1.6200E-04  1.1108E+00  1.1108E+00
 1.6300E-04  1.1124E+00  1.1124E+00
 1.6400E-04  1.1140E+00  1.1140E+00
 1.6500E-04  1.1156E+00  1.1156E+00
 1.6600E-04  1.1172E+00  1.1172E+00
 1.6700E-04  1.1188E+00  1.1188E+00
 1.6800E-04  1.1204E+00  1.1204E+00
 1.6900E-04  1.1219E+00  1.1219E+00
 1.7000E-04  1.1235E+00  1.1235E+00
 1.7100E-04  1.1251E+00  1.1251E+00
 1.7200E-04  1.1267E+00  1.1267E+00
 1.7300E-04  1.1283E+00  1.1283E+00
 1.7400E-04  1.1299E+00  1.1299E+00
 1.7500E-04  1.1315E+00  1.1315E+00
 1.7600E-04  1.1331E+00  1.1331E+00
 1.7700E-04  1.1347E+00  1.1347E+00
 1.7800E-04  1.1363E+00  1.1363E+00
 1.7900E-04  1.1379E+00  1.1379E+00
 1.8000E-04  1.1395E+00  1.1395E+00
 1.8100E-04  1.1411E+00  1.1411E+00
 1.8200E-04  1.1427E+00  1.1427E+00
 1.8300E-04  1.1444E+00  1.1444E+00
 1.8400E-04  1.1460E+00  1.1460E+00
 1.8500E-04  1.1476E+00  1.1476E+00
 1.8600E-04  1.1492E+00  1.1492E+00
 1.8700E-04  1.1508E+00  1.1508E+00
 1.8800E-04  1.1524E+00  1.1524E+00
 1.8900E-04  1.1540E+00  1.1540E+00
 1.9000E-04  1.1556E+00  1.1556E+00
 1.9100E-04  1.1573E+00  1.1573E+00
 1.9200E-04  1.1589E+00  1.1589E+00
 1.9300E-04  1.1605E+00  1.1605E+00
 1.9400E-04  1.1621E+00  1.1621E+00
 1.9500E-04  1.1637E+00  1.1637E+00
 1.9600E-04  1.1654E+00  1.1654E+00
 1.9700E-04  1.1670E+00  1.1670E+00
 1.9800E-04  1.1686E+00  1.1686E+00
 1.9900E-04  1.1702E+00  1.1702E+00
 2.0000E-04  1.1719E+00  1.1719E+00
 2.0100E-04  1.1735E+00  1.1735E+00
 2.0200E-04  1.1751E+00  1.1751E+00
 2.0300E-04  1.1767E+00  1.1767E+00
 2.0400E-04  1.1784E+00  1.1784E+00
 2.0500E-04  1.1800E+00  1.1800E+00
 2.0600E-04  1.1816E+00  1.1816E+00
 2.0700E-04  1.1833E+00  1.1833E+00
 2.0800E-04  1.1849E+00  1.1849E+00
 2.0900E-04  1.1865E+00  1.1865E+00
 2.1000E-04  1.1882E+00  1.1882E+00
 2.1100E-04  1.1898E+00  1.1898E+00
 2.1200E-04  1.1914E+00  1.1914E+00
 2.1300E-04  1.1931E+00  1.1931E+00
 2.1400E-04  1.1947E+00  1.1947E+00
 2.1500E-04  1.1964E+00  1.1964E+00
 2.1600E-04  1.1980E+00  1.1980E+00
 2.1700E-04  1.1996E+00  1.1996E+00
 2.1800E-04  1.2013E+00  1.2013E+00
 2.1900E-04  1.2029E+00  1.2029E+00
 2.2000E-04  1.2046E+00  1.2046E+00
 2.2100E-04  1.2062E+00  1.2062E+00
 2.2200E-04  1.2078E+00  1.2078E+00
 2.2300E-04  1.2095E+00  1.2095E+00
 2.2400E-04  1.2111E+00  1.2111E+00
 2.2500E-04  1.2128E+00  1.2128E+00
 2.2600E-04  1.2144E+00  1.2144E+00
 2.2700E-04  1.2160E+00  1.2160E+00
 2.2800E-04  1.2177E+00  1.2177E+00
 2.2900E-04  1.2193E+00  1.2193E+00
 2.3000E-04  1.2209E+00  1.2209E+00
 2.3100E-04  1.2226E+00  1.2226E+00
 2.3200E-04  1.2242E+00  1.2242E+00
 2.3300E-04  1.2258E+00  1.2258E+00
 2.3400E-04  1.2275E+00  1.2275E+00
 2.3500E-04  1.2291E+00  1.2291E+00
 2.3600E-04  1.2307E+00  1.2307E+00
 2.3700E-04  1.2324E+00  1.2324E+00
 2.3800E-04  1.2340E+00  1.2340E+00
 2.3900E-04  1.2356E+00  1.2356E+00
 2.4000E-04  1.2372E+00  1.2372E+00
 2.4100E-04  1.2389E+00  1.2389E+00
 2.4200E-04  1.2405E+00  1.2405E+00
 2.4300E-04  1.2421E+00  1.2421E+00
 2.4400E-04  1.2437E+00  1.2437E+00
 2.4500E-04  1.2453E+00  1.2453E+00
 2.4600E-04  1.2469E+00  1.2469E+00
 2.4700E-04  1.2485E+00  1.2485E+00
 2.4800E-04  1.2501E+00  1.2501E+00
 2.4900E-04  1.2517E+00  1.2517E+00
 2.5000E-04  1.2533E+00  1.2533E+00
 2.5100E-04  1.2549E+00  1.2549E+00
 2.5200E-04  1.2565E+00  1.2565E+00
 2.5300E-04  1.2581E+00  1.2581E+00
 2.5400E-04  1.2596E+00  1.2596E+00
 2.5500E-04  1.2612E+00  1.2612E+00
 2.5600E-04  1.2628E+00  1.2628E+00
 2.5700E-04  1.2643E+00  1.2643E+00
 2.5800E-04  1.2659E+00  1.2659E+00
 2.5900E-04  1.2674E+00  1.2674E+00
 2.6000E-04  1.2689E+00  1.2689E+00
 2.6100E-04  1.2705E+00  1.2705E+00
 2.6200E-04  1.2720E+00  1.2720E+00
 2.6300E-04  1.2735E+00  1.2735E+00
 2.6400E-04  1.2750E+00  1.2750E+00
 2.6500E-04  1.2765E+00  1.2765E+00
 2.6600E-04  1.2780E+00  1.2780E+00
 2.6700E-04  1.2794E+00  1.2794E+00
 2.6800E-04  1.2809E+00  1.2809E+00
 2.6900E-04  1.2823E+00  1.2823E+00
 2.7000E-04  1.2838E+00  1.2838E+00
 2.7100E-04  1.2852E+00  1.2852E+00
 2.7200E-04  1.2866E+00  1.2866E+00
 2.7300E-04  1.2880E+00  1.2880E+00
 2.7400E-04  1.2894E+00  1.2894E+00
 2.7500E-04  1.2908E+00  1.2908E+00
 2.7600E-04  1.2921E+00  1.2921E+00
 2.7700E-04  1.2935E+00  1.2935E+00
 2.7800E-04  1.2948E+00  1.2948E+00
 2.7900E-04  1.2961E+00  1.2961E+00
 2.8000E-04  1.2974E+00  1.2974E+00
 2.8100E-04  1.2987E+00  1.2987E+00
 2.8200E-04  1.3000E+00  1.3000E+00
 2.8300E-04  1.3013E+00  1.3013E+00
 2.8400E-04  1.3025E+00  1.3025E+00
 2.8500E-04  1.3037E+00  1.3037E+00
 2.8600E-04  1.3050E+00  1.3050E+00
 2.8700E-04  1.3062E+00  1.3062E+00
 2.8800E-04  1.3073E+00  1.3073E+00
 2.8900E-04  1.3085E+00  1.3085E+00
 2.9000E-04  1.3097E+00  1.3097E+00
 2.9100E-04  1.3108E+00  1.3108E+00
 2.9200E-04  1.3119E+00  1.3119E+00
 2.9300E-04  1.3130E+00  1.3130E+00
 2.9400E-04  1.3141E+00  1.3141E+00
 2.9500E-04  1.3152E+00  1.3152E+00
 2.9600E-04  1.3162E+00  1.3162E+00
 2.9700E-04  1.3173E+00  1.3173E+00
 2.9800E-04  1.3183E+00  1.3183E+00
 2.9900E-04  1.3193E+00  1.3193E+00
 3.0000E-04  1.3203E+00  1.3203E+00
 3.0100E-04  1.3212E+00  1.3212E+00
 3.0200E-04  1.3222E+00  1.3222E+00
 3.0300E-04  1.3232E+00  1.3232E+00
 3.0400E-04  1.3241E+00  1.3241E+00
 3.0500E-04  1.3250E+00  1.3250E+00
 3.0600E-04  1.3259E+00  1.3259E+00
 3.0700E-04  1.3268E+00  1.3268E+00
 3.0800E-04  1.3277E+00  1.3277E+00
 3.0900E-04  1.3285E+00  1.3285E+00
 3.1000E-04  1.3294E+00  1.3294E+00
 3.1100E-04  1.3302E+00  1.3302E+00
 3.1200E-04  1.3310E+00  1.3310E+00
 3.1300E-04  1.3318E+00  1.3318E+00
 3.1400E-04  1.3326E+00  1.3326E+00
 3.1500E-04  1.3334E+00  1.3334E+00
 3.1600E-04  1.3342E+00  1.3342E+00
 3.1700E-04  1.3349E+00  1.3349E+00
 3.1800E-04  1.3357E+00  1.3357E+00
 3.1900E-04  1.3364E+00  1.3364E+00
 3.2000E-04  1.3371E+00  1.3371E+00
 3.2100E-04  1.3378E+00  1.3378E+00
 3.2200E-04  1.3385E+00  1.3385E+00
 3.2300E-04  1.3392E+00  1.3392E+00
 3.2400E-04  1.3399E+00  1.3399E+00
 3.2500E-04  1.3406E+00  1.3406E+00
 3.2600E-04  1.3412E+00  1.3412E+00
 3.2700E-04  1.3419E+00  1.3419E+00
 3.2800E-04  1.3425E+00  1.3425E+00
 3.2900E-04  1.3432E+00  1.3432E+00
 3.3000E-04  1.3438E+00  1.3438E+00
 3.3100E-04  1.3444E+00  1.3444E+00
 3.3200E-04  1.3450E+00  1.3450E+00
 3.3300E-04  1.3456E+00  1.3456E+00
 3.3400E-04  1.3462E+00  1.3462E+00
 3.3500E-04  1.3468E+00  1.3468E+00
 3.3600E-04  1.3473E+00  1.3473E+00
 3.3700E-04  1.3479E+00  1.3479E+00
 3.3800E-04  1.3485E+00  1.3485E+00
 3.3900E-04  1.3490E+00  1.3490E+00
 3.4000E-04  1.3496E+00  1.3496E+00
 3.4100E-04  1.3501E+00  1.3501E+00
 3.4200E-04  1.3506E+00  1.3506E+00
 3.4300E-04  1.3511E+00  1.3511E+00
 3.4400E-04  1.3517E+00  1.3517E+00
 3.4500E-04  1.3522E+00  1.3522E+00
 3.4600E-04  1.3527E+00  1.3527E+00
 3.4700E-04  1.3532E+00  1.3532E+00
 3.4800E-04  1.3536E+00  1.3536E+00
 3.4900E-04  1.3541E+00  1.3541E+00
 3.5000E-04  1.3546E+00  1.3546E+00
 3.5100E-04  1.3551E+00  1.3551E+00
 3.5200E-04  1.3555E+00  1.3555E+00
 3.5300E-04  1.3560E+00  1.3560E+00
 3.5400E-04  1.3565E+00  1.3565E+00
 3.5500E-04  1.3569E+00  1.3569E+00
 3.5600E-04  1.3574E+00  1.3574E+00
 3.5700E-04  1.3578E+00  1.3578E+00
 3.5800E-04  1.3582E+00  1.3582E+00
 3.5900E-04  1.3587E+00  1.3587E+00
 3.6000E-04  1.3591E+00  1.3591E+00
 3.6100E-04  1.3595E+00  1.3595E+00
 3.6200E-04  1.3599E+00  1.3599E+00
 3.6300E-04  1.3603E+00  1.3603E+00
 3.6400E-04  1.3607E+00  1.3607E+00
 3.6500E-04  1.3611E+00  1.3611E+00
 3.6600E-04  1.3615E+00  1.3615E+00
 3.6700E-04  1.3619E+00  1.3619E+00
 3.6800E-04  1.3623E+00  1.3623E+00
 3.6900E-04  1.3627E+00  1.3627E+00
 3.7000E-04  1.3631E+00  1.3631E+00
 3.7100E-04  1.3635E+00  1.3635E+00
 3.7200E-04  1.3638E+00  1.3638E+00
 3.7300E-04  1.3642E+00  1.3642E+00
 3.7400E-04  1.3646E+00  1.3646E+00
 3.7500E-04  1.3649E+00  1.3649E+00
 3.7600E-04  1.3653E+00  1.3653E+00
 3.7700E-04  1.3656E+00  1.3656E+00
 3.7800E-04  1.3660E+00  1.3660E+00
 3.7900E-04  1.3663E+00  1.3663E+00
 3.8000E-04  1.3667E+00  1.3667E+00
 3.8100E-04  1.3670E+00  1.3670E+00
 3.8200E-04  1.3674E+00  1.3674E+00
 3.8300E-04  1.3677E+00  1.3677E+00
 3.8400E-04  1.3680E+00  1.3680E+00
 3.8500E-04  1.3684E+00  1.3684E+00
 3.8600E-04  1.3687E+00  1.3687E+00
 3.8700E-04  1.3690E+00  1.3690E+00
 3.8800E-04  1.3693E+00  1.3693E+00
 3.8900E-04  1.3697E+00  1.3697E+00
 3.9000E-04  1.3700E+00  1.3700E+00
 3.9100E-04  1.3703E+00  1.3703E+00
 3.9200E-04  1.3706E+00  1.3706E+00
 3.9300E-04  1.3709E+00  1.3709E+00
 3.9400E-04  1.3712E+00  1.3712E+00
 3.9500E-04  1.3715E+00  1.3715E+00
 3.9600E-04  1.3718E+00  1.3718E+00
 3.9700E-04  1.3721E+00  1.3721E+00
 3.9800E-04  1.3724E+00  1.3724E+00
 3.9900E-04  1.3727E+00  1.3727E+00
 4.0000E-04  1.3730E+00  1.3730E+00
 4.0100E-04  1.3733E+00  1.3733E+00
