 time            v(inp)          v(out)         
 0.00000000e+00  3.00000000e-01  3.00126519e-01 
 1.10000000e-11  3.00000000e-01  3.00126519e-01 
 2.20000000e-11  3.00000000e-01  3.00126519e-01 
 4.40000000e-11  3.00000000e-01  3.00126519e-01 
 8.80000000e-11  3.00000000e-01  3.00126519e-01 
 1.76000000e-10  3.00000000e-01  3.00126519e-01 
 3.52000000e-10  3.00000000e-01  3.00126519e-01 
 7.04000000e-10  3.00000000e-01  3.00126519e-01 
 1.40800000e-09  3.00000000e-01  3.00126519e-01 
 2.50800000e-09  3.00000000e-01  3.00126519e-01 
 3.60800000e-09  3.00000000e-01  3.00126519e-01 
 4.70800000e-09  3.00000000e-01  3.00126519e-01 
 5.80800000e-09  3.00000000e-01  3.00126519e-01 
 6.90800000e-09  3.00000000e-01  3.00126519e-01 
 8.00800000e-09  3.00000000e-01  3.00126519e-01 
 9.10800000e-09  3.00000000e-01  3.00126519e-01 
 1.02080000e-08  3.00000000e-01  3.00126519e-01 
 1.13080000e-08  3.00000000e-01  3.00126519e-01 
 1.24080000e-08  3.00000000e-01  3.00126519e-01 
 1.35080000e-08  3.00000000e-01  3.00126519e-01 
 1.46080000e-08  3.00000000e-01  3.00126519e-01 
 1.57080000e-08  3.00000000e-01  3.00126519e-01 
 1.68080000e-08  3.00000000e-01  3.00126519e-01 
 1.79080000e-08  3.00000000e-01  3.00126519e-01 
 1.90080000e-08  3.00000000e-01  3.00126519e-01 
 2.01080000e-08  3.00000000e-01  3.00126519e-01 
 2.12080000e-08  3.00000000e-01  3.00126519e-01 
 2.23080000e-08  3.00000000e-01  3.00126519e-01 
 2.34080000e-08  3.00000000e-01  3.00126519e-01 
 2.45080000e-08  3.00000000e-01  3.00126519e-01 
 2.56080000e-08  3.00000000e-01  3.00126519e-01 
 2.67080000e-08  3.00000000e-01  3.00126519e-01 
 2.78080000e-08  3.00000000e-01  3.00126519e-01 
 2.89080000e-08  3.00000000e-01  3.00126519e-01 
 3.00080000e-08  3.00000000e-01  3.00126519e-01 
 3.11080000e-08  3.00000000e-01  3.00126519e-01 
 3.22080000e-08  3.00000000e-01  3.00126519e-01 
 3.33080000e-08  3.00000000e-01  3.00126519e-01 
 3.44080000e-08  3.00000000e-01  3.00126519e-01 
 3.55080000e-08  3.00000000e-01  3.00126519e-01 
 3.66080000e-08  3.00000000e-01  3.00126519e-01 
 3.77080000e-08  3.00000000e-01  3.00126519e-01 
 3.88080000e-08  3.00000000e-01  3.00126519e-01 
 3.99080000e-08  3.00000000e-01  3.00126519e-01 
 4.10080000e-08  3.00000000e-01  3.00126519e-01 
 4.21080000e-08  3.00000000e-01  3.00126519e-01 
 4.32080000e-08  3.00000000e-01  3.00126519e-01 
 4.43080000e-08  3.00000000e-01  3.00126519e-01 
 4.54080000e-08  3.00000000e-01  3.00126519e-01 
 4.65080000e-08  3.00000000e-01  3.00126519e-01 
 4.76080000e-08  3.00000000e-01  3.00126519e-01 
 4.87080000e-08  3.00000000e-01  3.00126519e-01 
 4.98080000e-08  3.00000000e-01  3.00126519e-01 
 5.09080000e-08  3.00000000e-01  3.00126519e-01 
 5.20080000e-08  3.00000000e-01  3.00126519e-01 
 5.31080000e-08  3.00000000e-01  3.00126519e-01 
 5.42080000e-08  3.00000000e-01  3.00126519e-01 
 5.53080000e-08  3.00000000e-01  3.00126519e-01 
 5.64080000e-08  3.00000000e-01  3.00126519e-01 
 5.75080000e-08  3.00000000e-01  3.00126519e-01 
 5.86080000e-08  3.00000000e-01  3.00126519e-01 
 5.97080000e-08  3.00000000e-01  3.00126519e-01 
 6.08080000e-08  3.00000000e-01  3.00126519e-01 
 6.19080000e-08  3.00000000e-01  3.00126519e-01 
 6.30080000e-08  3.00000000e-01  3.00126519e-01 
 6.41080000e-08  3.00000000e-01  3.00126519e-01 
 6.52080000e-08  3.00000000e-01  3.00126519e-01 
 6.63080000e-08  3.00000000e-01  3.00126519e-01 
 6.74080000e-08  3.00000000e-01  3.00126519e-01 
 6.85080000e-08  3.00000000e-01  3.00126519e-01 
 6.96080000e-08  3.00000000e-01  3.00126519e-01 
 7.07080000e-08  3.00000000e-01  3.00126519e-01 
 7.18080000e-08  3.00000000e-01  3.00126519e-01 
 7.29080000e-08  3.00000000e-01  3.00126519e-01 
 7.40080000e-08  3.00000000e-01  3.00126519e-01 
 7.51080000e-08  3.00000000e-01  3.00126519e-01 
 7.62080000e-08  3.00000000e-01  3.00126519e-01 
 7.73080000e-08  3.00000000e-01  3.00126519e-01 
 7.84080000e-08  3.00000000e-01  3.00126519e-01 
 7.95080000e-08  3.00000000e-01  3.00126519e-01 
 8.06080000e-08  3.00000000e-01  3.00126519e-01 
 8.17080000e-08  3.00000000e-01  3.00126519e-01 
 8.28080000e-08  3.00000000e-01  3.00126519e-01 
 8.39080000e-08  3.00000000e-01  3.00126519e-01 
 8.50080000e-08  3.00000000e-01  3.00126519e-01 
 8.61080000e-08  3.00000000e-01  3.00126519e-01 
 8.72080000e-08  3.00000000e-01  3.00126519e-01 
 8.83080000e-08  3.00000000e-01  3.00126519e-01 
 8.94080000e-08  3.00000000e-01  3.00126519e-01 
 9.05080000e-08  3.00000000e-01  3.00126519e-01 
 9.16080000e-08  3.00000000e-01  3.00126519e-01 
 9.27080000e-08  3.00000000e-01  3.00126519e-01 
 9.38080000e-08  3.00000000e-01  3.00126519e-01 
 9.49080000e-08  3.00000000e-01  3.00126519e-01 
 9.60080000e-08  3.00000000e-01  3.00126519e-01 
 9.71080000e-08  3.00000000e-01  3.00126519e-01 
 9.82080000e-08  3.00000000e-01  3.00126519e-01 
 9.93080000e-08  3.00000000e-01  3.00126519e-01 
 1.00000000e-07  3.00000000e-01  3.00126519e-01 
 1.00001000e-07  3.30000000e-01  3.00171330e-01 
 1.00003000e-07  3.90000000e-01  3.00268348e-01 
 1.00007000e-07  5.10000000e-01  3.00485015e-01 
 1.00010000e-07  6.00000000e-01  3.00667553e-01 
 1.00010800e-07  6.00000000e-01  3.00673791e-01 
 1.00012400e-07  6.00000000e-01  3.00677996e-01 
 1.00015600e-07  6.00000000e-01  3.00684338e-01 
 1.00022000e-07  6.00000000e-01  3.00698067e-01 
 1.00034800e-07  6.00000000e-01  3.00721502e-01 
 1.00060400e-07  6.00000000e-01  3.00762295e-01 
 1.00111600e-07  6.00000000e-01  3.00821264e-01 
 1.00214000e-07  6.00000000e-01  3.00894275e-01 
 1.00418800e-07  6.00000000e-01  3.00959063e-01 
 1.00828400e-07  6.00000000e-01  3.00986808e-01 
 1.01647600e-07  6.00000000e-01  3.00974845e-01 
 1.02747600e-07  6.00000000e-01  3.01027474e-01 
 1.03847600e-07  6.00000000e-01  3.01158699e-01 
 1.04947600e-07  6.00000000e-01  3.01325999e-01 
 1.06047600e-07  6.00000000e-01  3.01524539e-01 
 1.07147600e-07  6.00000000e-01  3.01751454e-01 
 1.08247600e-07  6.00000000e-01  3.02002413e-01 
 1.09347600e-07  6.00000000e-01  3.02276905e-01 
 1.10447600e-07  6.00000000e-01  3.02570984e-01 
 1.11547600e-07  6.00000000e-01  3.02884638e-01 
 1.12647600e-07  6.00000000e-01  3.03214294e-01 
 1.13747600e-07  6.00000000e-01  3.03560267e-01 
 1.14847600e-07  6.00000000e-01  3.03919293e-01 
 1.15947600e-07  6.00000000e-01  3.04291967e-01 
 1.17047600e-07  6.00000000e-01  3.04675295e-01 
 1.18147600e-07  6.00000000e-01  3.05070110e-01 
 1.19247600e-07  6.00000000e-01  3.05473642e-01 
 1.20347600e-07  6.00000000e-01  3.05886924e-01 
 1.21447600e-07  6.00000000e-01  3.06307369e-01 
 1.22547600e-07  6.00000000e-01  3.06736170e-01 
 1.23647600e-07  6.00000000e-01  3.07170886e-01 
 1.24747600e-07  6.00000000e-01  3.07612839e-01 
 1.25847600e-07  6.00000000e-01  3.08059704e-01 
 1.26947600e-07  6.00000000e-01  3.08512903e-01 
 1.28047600e-07  6.00000000e-01  3.08970203e-01 
 1.29147600e-07  6.00000000e-01  3.09433103e-01 
 1.30247600e-07  6.00000000e-01  3.09899444e-01 
 1.31347600e-07  6.00000000e-01  3.10370787e-01 
 1.32447600e-07  6.00000000e-01  3.10845030e-01 
 1.33547600e-07  6.00000000e-01  3.11323781e-01 
 1.34647600e-07  6.00000000e-01  3.11804984e-01 
 1.35747600e-07  6.00000000e-01  3.12290286e-01 
 1.36847600e-07  6.00000000e-01  3.12777665e-01 
 1.37947600e-07  6.00000000e-01  3.13268800e-01 
 1.39047600e-07  6.00000000e-01  3.13761697e-01 
 1.40147600e-07  6.00000000e-01  3.14258059e-01 
 1.41247600e-07  6.00000000e-01  3.14755918e-01 
 1.42347600e-07  6.00000000e-01  3.15256992e-01 
 1.43447600e-07  6.00000000e-01  3.15759334e-01 
 1.44547600e-07  6.00000000e-01  3.16264678e-01 
 1.45647600e-07  6.00000000e-01  3.16771093e-01 
 1.46747600e-07  6.00000000e-01  3.17280326e-01 
 1.47847600e-07  6.00000000e-01  3.17790457e-01 
 1.48947600e-07  6.00000000e-01  3.18303244e-01 
 1.50047600e-07  6.00000000e-01  3.18816779e-01 
 1.51147600e-07  6.00000000e-01  3.19332829e-01 
 1.52247600e-07  6.00000000e-01  3.19849495e-01 
 1.53347600e-07  6.00000000e-01  3.20368549e-01 
 1.54447600e-07  6.00000000e-01  3.20888102e-01 
 1.55547600e-07  6.00000000e-01  3.21409933e-01 
 1.56647600e-07  6.00000000e-01  3.21932158e-01 
 1.57747600e-07  6.00000000e-01  3.22456560e-01 
 1.58847600e-07  6.00000000e-01  3.22981264e-01 
 1.59947600e-07  6.00000000e-01  3.23508055e-01 
 1.61047600e-07  6.00000000e-01  3.24035064e-01 
 1.62147600e-07  6.00000000e-01  3.24564081e-01 
 1.63247600e-07  6.00000000e-01  3.25093239e-01 
 1.64347600e-07  6.00000000e-01  3.25624332e-01 
 1.65447600e-07  6.00000000e-01  3.26155499e-01 
 1.66547600e-07  6.00000000e-01  3.26688533e-01 
 1.67647600e-07  6.00000000e-01  3.27221580e-01 
 1.68747600e-07  6.00000000e-01  3.27756434e-01 
 1.69847600e-07  6.00000000e-01  3.28291244e-01 
 1.70947600e-07  6.00000000e-01  3.28827807e-01 
 1.72047600e-07  6.00000000e-01  3.29364274e-01 
 1.73147600e-07  6.00000000e-01  3.29902443e-01 
 1.74247600e-07  6.00000000e-01  3.30440469e-01 
 1.75347600e-07  6.00000000e-01  3.30980151e-01 
 1.76447600e-07  6.00000000e-01  3.31519647e-01 
 1.77547600e-07  6.00000000e-01  3.32060757e-01 
 1.78647600e-07  6.00000000e-01  3.32601641e-01 
 1.79747600e-07  6.00000000e-01  3.33144100e-01 
 1.80847600e-07  6.00000000e-01  3.33686296e-01 
 1.81947600e-07  6.00000000e-01  3.34230030e-01 
 1.83047600e-07  6.00000000e-01  3.34773469e-01 
 1.84147600e-07  6.00000000e-01  3.35318412e-01 
 1.85247600e-07  6.00000000e-01  3.35863028e-01 
 1.86347600e-07  6.00000000e-01  3.36409117e-01 
 1.87447600e-07  6.00000000e-01  3.36954851e-01 
 1.88547600e-07  6.00000000e-01  3.37502029e-01 
 1.89647600e-07  6.00000000e-01  3.38048824e-01 
 1.90747600e-07  6.00000000e-01  3.38597038e-01 
 1.91847600e-07  6.00000000e-01  3.39144843e-01 
 1.92947600e-07  6.00000000e-01  3.39694042e-01 
 1.94047600e-07  6.00000000e-01  3.40242809e-01 
 1.95147600e-07  6.00000000e-01  3.40792946e-01 
 1.96247600e-07  6.00000000e-01  3.41342630e-01 
 1.97347600e-07  6.00000000e-01  3.41893662e-01 
 1.98447600e-07  6.00000000e-01  3.42444221e-01 
 1.99547600e-07  6.00000000e-01  3.42996107e-01 
 2.00647600e-07  6.00000000e-01  3.43547500e-01 
 2.01747600e-07  6.00000000e-01  3.44100202e-01 
 2.02847600e-07  6.00000000e-01  3.44652394e-01 
 2.03947600e-07  6.00000000e-01  3.45205876e-01 
 2.05047600e-07  6.00000000e-01  3.45758831e-01 
 2.06147600e-07  6.00000000e-01  3.46313059e-01 
 2.07247600e-07  6.00000000e-01  3.46866745e-01 
 2.08347600e-07  6.00000000e-01  3.47421687e-01 
 2.09447600e-07  6.00000000e-01  3.47976073e-01 
 2.10547600e-07  6.00000000e-01  3.48531700e-01 
 2.11647600e-07  6.00000000e-01  3.49086756e-01 
 2.12747600e-07  6.00000000e-01  3.49643039e-01 
 2.13847600e-07  6.00000000e-01  3.50198738e-01 
 2.14947600e-07  6.00000000e-01  3.50755651e-01 
 2.16047600e-07  6.00000000e-01  3.51311967e-01 
 2.17147600e-07  6.00000000e-01  3.51869483e-01 
 2.18247600e-07  6.00000000e-01  3.52426392e-01 
 2.19347600e-07  6.00000000e-01  3.52984488e-01 
 2.20447600e-07  6.00000000e-01  3.53541965e-01 
 2.21547600e-07  6.00000000e-01  3.54100618e-01 
 2.22647600e-07  6.00000000e-01  3.54658642e-01 
 2.23747600e-07  6.00000000e-01  3.55217830e-01 
 2.24847600e-07  6.00000000e-01  3.55776379e-01 
 2.25947600e-07  6.00000000e-01  3.56336082e-01 
 2.27047600e-07  6.00000000e-01  3.56895136e-01 
 2.28147600e-07  6.00000000e-01  3.57455333e-01 
 2.29247600e-07  6.00000000e-01  3.58014872e-01 
 2.30347600e-07  6.00000000e-01  3.58575546e-01 
 2.31447600e-07  6.00000000e-01  3.59135552e-01 
 2.32547600e-07  6.00000000e-01  3.59696683e-01 
 2.33647600e-07  6.00000000e-01  3.60257139e-01 
 2.34747600e-07  6.00000000e-01  3.60818710e-01 
 2.35847600e-07  6.00000000e-01  3.61379598e-01 
 2.36947600e-07  6.00000000e-01  3.61941593e-01 
 2.38047600e-07  6.00000000e-01  3.62502898e-01 
 2.39147600e-07  6.00000000e-01  3.63065300e-01 
 2.40247600e-07  6.00000000e-01  3.63627005e-01 
 2.41347600e-07  6.00000000e-01  3.64189801e-01 
 2.42447600e-07  6.00000000e-01  3.64751892e-01 
 2.43547600e-07  6.00000000e-01  3.65315065e-01 
 2.44647600e-07  6.00000000e-01  3.65877527e-01 
 2.45747600e-07  6.00000000e-01  3.66441064e-01 
 2.46847600e-07  6.00000000e-01  3.67003883e-01 
 2.47947600e-07  6.00000000e-01  3.67567770e-01 
 2.49047600e-07  6.00000000e-01  3.68130933e-01 
 2.50147600e-07  6.00000000e-01  3.68695156e-01 
 2.51247600e-07  6.00000000e-01  3.69258650e-01 
 2.52347600e-07  6.00000000e-01  3.69823198e-01 
 2.53447600e-07  6.00000000e-01  3.70387010e-01 
 2.54547600e-07  6.00000000e-01  3.70951870e-01 
 2.55647600e-07  6.00000000e-01  3.71515989e-01 
 2.56747600e-07  6.00000000e-01  3.72081148e-01 
 2.57847600e-07  6.00000000e-01  3.72645561e-01 
 2.58947600e-07  6.00000000e-01  3.73211009e-01 
 2.60047600e-07  6.00000000e-01  3.73775706e-01 
 2.61147600e-07  6.00000000e-01  3.74341431e-01 
 2.62247600e-07  6.00000000e-01  3.74906399e-01 
 2.63347600e-07  6.00000000e-01  3.75472391e-01 
 2.64447600e-07  6.00000000e-01  3.76037621e-01 
 2.65547600e-07  6.00000000e-01  3.76603869e-01 
 2.66647600e-07  6.00000000e-01  3.77169350e-01 
 2.67747600e-07  6.00000000e-01  3.77735843e-01 
 2.68847600e-07  6.00000000e-01  3.78301565e-01 
 2.69947600e-07  6.00000000e-01  3.78868294e-01 
 2.71047600e-07  6.00000000e-01  3.79434247e-01 
 2.72147600e-07  6.00000000e-01  3.80001202e-01 
 2.73247600e-07  6.00000000e-01  3.80567377e-01 
 2.74347600e-07  6.00000000e-01  3.81134549e-01 
 2.75447600e-07  6.00000000e-01  3.81700936e-01 
 2.76547600e-07  6.00000000e-01  3.82268315e-01 
 2.77647600e-07  6.00000000e-01  3.82834906e-01 
 2.78747600e-07  6.00000000e-01  3.83402483e-01 
 2.79847600e-07  6.00000000e-01  3.83969268e-01 
 2.80947600e-07  6.00000000e-01  3.84537035e-01 
 2.82047600e-07  6.00000000e-01  3.85104006e-01 
 2.83147600e-07  6.00000000e-01  3.85671954e-01 
 2.84247600e-07  6.00000000e-01  3.86239102e-01 
 2.85347600e-07  6.00000000e-01  3.86807223e-01 
 2.86447600e-07  6.00000000e-01  3.87374540e-01 
 2.87547600e-07  6.00000000e-01  3.87942825e-01 
 2.88647600e-07  6.00000000e-01  3.88510303e-01 
 2.89747600e-07  6.00000000e-01  3.89078745e-01 
 2.90847600e-07  6.00000000e-01  3.89646376e-01 
 2.91947600e-07  6.00000000e-01  3.90214966e-01 
 2.93047600e-07  6.00000000e-01  3.90782742e-01 
 2.94147600e-07  6.00000000e-01  3.91351473e-01 
 2.95247600e-07  6.00000000e-01  3.91919386e-01 
 2.96347600e-07  6.00000000e-01  3.92488250e-01 
 2.97447600e-07  6.00000000e-01  3.93056294e-01 
 2.98547600e-07  6.00000000e-01  3.93625283e-01 
 2.99647600e-07  6.00000000e-01  3.94193449e-01 
 3.00747600e-07  6.00000000e-01  3.94762557e-01 
 3.01847600e-07  6.00000000e-01  3.95330838e-01 
 3.02947600e-07  6.00000000e-01  3.95900057e-01 
 3.04047600e-07  6.00000000e-01  3.96468446e-01 
 3.05147600e-07  6.00000000e-01  3.97037769e-01 
 3.06247600e-07  6.00000000e-01  3.97606259e-01 
 3.07347600e-07  6.00000000e-01  3.98175679e-01 
 3.08447600e-07  6.00000000e-01  3.98744263e-01 
 3.09547600e-07  6.00000000e-01  3.99313773e-01 
 3.10647600e-07  6.00000000e-01  3.99882443e-01 
 3.11747600e-07  6.00000000e-01  4.00452037e-01 
 3.12847600e-07  6.00000000e-01  4.01020787e-01 
 3.13947600e-07  6.00000000e-01  4.01590456e-01 
 3.15047600e-07  6.00000000e-01  4.02159280e-01 
 3.16147600e-07  6.00000000e-01  4.02729019e-01 
 3.17247600e-07  6.00000000e-01  4.03297909e-01 
 3.18347600e-07  6.00000000e-01  4.03867711e-01 
 3.19447600e-07  6.00000000e-01  4.04436661e-01 
 3.20547600e-07  6.00000000e-01  4.05006519e-01 
 3.21647600e-07  6.00000000e-01  4.05575522e-01 
 3.22747600e-07  6.00000000e-01  4.06145430e-01 
 3.23847600e-07  6.00000000e-01  4.06714480e-01 
 3.24947600e-07  6.00000000e-01  4.07284430e-01 
 3.26047600e-07  6.00000000e-01  4.07853520e-01 
 3.27147600e-07  6.00000000e-01  4.08423507e-01 
 3.28247600e-07  6.00000000e-01  4.08992631e-01 
 3.29347600e-07  6.00000000e-01  4.09562647e-01 
 3.30447600e-07  6.00000000e-01  4.10131798e-01 
 3.31547600e-07  6.00000000e-01  4.10701838e-01 
 3.32647600e-07  6.00000000e-01  4.11271009e-01 
 3.33747600e-07  6.00000000e-01  4.11841066e-01 
 3.34847600e-07  6.00000000e-01  4.12410251e-01 
 3.35947600e-07  6.00000000e-01  4.12980318e-01 
 3.37047600e-07  6.00000000e-01  4.13549511e-01 
 3.38147600e-07  6.00000000e-01  4.14119582e-01 
 3.39247600e-07  6.00000000e-01  4.14688775e-01 
 3.40347600e-07  6.00000000e-01  4.15258843e-01 
 3.41447600e-07  6.00000000e-01  4.15828031e-01 
 3.42547600e-07  6.00000000e-01  4.16398090e-01 
 3.43647600e-07  6.00000000e-01  4.16967266e-01 
 3.44747600e-07  6.00000000e-01  4.17537309e-01 
 3.45847600e-07  6.00000000e-01  4.18106466e-01 
 3.46947600e-07  6.00000000e-01  4.18676487e-01 
 3.48047600e-07  6.00000000e-01  4.19245618e-01 
 3.49147600e-07  6.00000000e-01  4.19815610e-01 
 3.50247600e-07  6.00000000e-01  4.20384710e-01 
 3.51347600e-07  6.00000000e-01  4.20954666e-01 
 3.52447600e-07  6.00000000e-01  4.21523726e-01 
 3.53547600e-07  6.00000000e-01  4.22093640e-01 
 3.54647600e-07  6.00000000e-01  4.22662655e-01 
 3.55747600e-07  6.00000000e-01  4.23232519e-01 
 3.56847600e-07  6.00000000e-01  4.23801481e-01 
 3.57947600e-07  6.00000000e-01  4.24371289e-01 
 3.59047600e-07  6.00000000e-01  4.24940193e-01 
 3.60147600e-07  6.00000000e-01  4.25509937e-01 
 3.61247600e-07  6.00000000e-01  4.26078774e-01 
 3.62347600e-07  6.00000000e-01  4.26648449e-01 
 3.63447600e-07  6.00000000e-01  4.27217213e-01 
 3.64547600e-07  6.00000000e-01  4.27786810e-01 
 3.65647600e-07  6.00000000e-01  4.28355493e-01 
 3.66747600e-07  6.00000000e-01  4.28925006e-01 
 3.67847600e-07  6.00000000e-01  4.29493601e-01 
 3.68947600e-07  6.00000000e-01  4.30063022e-01 
 3.70047600e-07  6.00000000e-01  4.30631522e-01 
 3.71147600e-07  6.00000000e-01  4.31200844e-01 
 3.72247600e-07  6.00000000e-01  4.31769241e-01 
 3.73347600e-07  6.00000000e-01  4.32338456e-01 
 3.74447600e-07  6.00000000e-01  4.32906744e-01 
 3.75547600e-07  6.00000000e-01  4.33475845e-01 
 3.76647600e-07  6.00000000e-01  4.34044014e-01 
 3.77747600e-07  6.00000000e-01  4.34612993e-01 
 3.78847600e-07  6.00000000e-01  4.35181036e-01 
 3.79947600e-07  6.00000000e-01  4.35749885e-01 
 3.81047600e-07  6.00000000e-01  4.36317795e-01 
 3.82147600e-07  6.00000000e-01  4.36886506e-01 
 3.83247600e-07  6.00000000e-01  4.37454274e-01 
 3.84347600e-07  6.00000000e-01  4.38022839e-01 
 3.85447600e-07  6.00000000e-01  4.38590457e-01 
 3.86547600e-07  6.00000000e-01  4.39158867e-01 
 3.87647600e-07  6.00000000e-01  4.39726327e-01 
 3.88747600e-07  6.00000000e-01  4.40294574e-01 
 3.89847600e-07  6.00000000e-01  4.40861867e-01 
 3.90947600e-07  6.00000000e-01  4.41429943e-01 
 3.92047600e-07  6.00000000e-01  4.41997060e-01 
 3.93147600e-07  6.00000000e-01  4.42564955e-01 
 3.94247600e-07  6.00000000e-01  4.43131888e-01 
 3.95347600e-07  6.00000000e-01  4.43699594e-01 
 3.96447600e-07  6.00000000e-01  4.44266332e-01 
 3.97547600e-07  6.00000000e-01  4.44833840e-01 
 3.98647600e-07  6.00000000e-01  4.45400375e-01 
 3.99747600e-07  6.00000000e-01  4.45967675e-01 
 4.00847600e-07  6.00000000e-01  4.46533998e-01 
 4.01947600e-07  6.00000000e-01  4.47101080e-01 
 4.03047600e-07  6.00000000e-01  4.47667181e-01 
 4.04147600e-07  6.00000000e-01  4.48234035e-01 
 4.05247600e-07  6.00000000e-01  4.48799904e-01 
 4.06347600e-07  6.00000000e-01  4.49366522e-01 
 4.07447600e-07  6.00000000e-01  4.49932148e-01 
 4.08547600e-07  6.00000000e-01  4.50498518e-01 
 4.09647600e-07  6.00000000e-01  4.51063892e-01 
 4.10747600e-07  6.00000000e-01  4.51630003e-01 
 4.11847600e-07  6.00000000e-01  4.52195114e-01 
 4.12947600e-07  6.00000000e-01  4.52760956e-01 
 4.14047600e-07  6.00000000e-01  4.53325793e-01 
 4.15147600e-07  6.00000000e-01  4.53891356e-01 
 4.16247600e-07  6.00000000e-01  4.54455907e-01 
 4.17347600e-07  6.00000000e-01  4.55021178e-01 
 4.18447600e-07  6.00000000e-01  4.55585433e-01 
 4.19547600e-07  6.00000000e-01  4.56150401e-01 
 4.20647600e-07  6.00000000e-01  4.56714347e-01 
 4.21747600e-07  6.00000000e-01  4.57279001e-01 
 4.22847600e-07  6.00000000e-01  4.57842627e-01 
 4.23947600e-07  6.00000000e-01  4.58406954e-01 
 4.25047600e-07  6.00000000e-01  4.58970246e-01 
 4.26147600e-07  6.00000000e-01  4.59534234e-01 
 4.27247600e-07  6.00000000e-01  4.60097181e-01 
 4.28347600e-07  6.00000000e-01  4.60660817e-01 
 4.29447600e-07  6.00000000e-01  4.61223404e-01 
 4.30547600e-07  6.00000000e-01  4.61786675e-01 
 4.31647600e-07  6.00000000e-01  4.62348890e-01 
 4.32747600e-07  6.00000000e-01  4.62911781e-01 
 4.33847600e-07  6.00000000e-01  4.63473611e-01 
 4.34947600e-07  6.00000000e-01  4.64036109e-01 
 4.36047600e-07  6.00000000e-01  4.64597538e-01 
 4.37147600e-07  6.00000000e-01  4.65159628e-01 
 4.38247600e-07  6.00000000e-01  4.65720643e-01 
 4.39347600e-07  6.00000000e-01  4.66282310e-01 
 4.40447600e-07  6.00000000e-01  4.66842895e-01 
 4.41547600e-07  6.00000000e-01  4.67404124e-01 
 4.42647600e-07  6.00000000e-01  4.67964263e-01 
 4.43747600e-07  6.00000000e-01  4.68525039e-01 
 4.44847600e-07  6.00000000e-01  4.69084715e-01 
 4.45947600e-07  6.00000000e-01  4.69645021e-01 
 4.47047600e-07  6.00000000e-01  4.70204219e-01 
 4.48147600e-07  6.00000000e-01  4.70764038e-01 
 4.49247600e-07  6.00000000e-01  4.71322740e-01 
 4.50347600e-07  6.00000000e-01  4.71882054e-01 
 4.51447600e-07  6.00000000e-01  4.72440243e-01 
 4.52547600e-07  6.00000000e-01  4.72999034e-01 
 4.53647600e-07  6.00000000e-01  4.73556691e-01 
 4.54747600e-07  6.00000000e-01  4.74114941e-01 
 4.55847600e-07  6.00000000e-01  4.74672047e-01 
 4.56947600e-07  6.00000000e-01  4.75229736e-01 
 4.58047600e-07  6.00000000e-01  4.75786270e-01 
 4.59147600e-07  6.00000000e-01  4.76343378e-01 
 4.60247600e-07  6.00000000e-01  4.76899322e-01 
 4.61347600e-07  6.00000000e-01  4.77455827e-01 
 4.62447600e-07  6.00000000e-01  4.78011158e-01 
 4.63547600e-07  6.00000000e-01  4.78567040e-01 
 4.64647600e-07  6.00000000e-01  4.79121736e-01 
 4.65747600e-07  6.00000000e-01  4.79676972e-01 
 4.66847600e-07  6.00000000e-01  4.80231009e-01 
 4.67947600e-07  6.00000000e-01  4.80785575e-01 
 4.69047600e-07  6.00000000e-01  4.81338931e-01 
 4.70147600e-07  6.00000000e-01  4.81892802e-01 
 4.71247600e-07  6.00000000e-01  4.82445451e-01 
 4.72347600e-07  6.00000000e-01  4.82998603e-01 
 4.73447600e-07  6.00000000e-01  4.83550519e-01 
 4.74547600e-07  6.00000000e-01  4.84102924e-01 
 4.75647600e-07  6.00000000e-01  4.84654079e-01 
 4.76747600e-07  6.00000000e-01  4.85205710e-01 
 4.77847600e-07  6.00000000e-01  4.85756077e-01 
 4.78947600e-07  6.00000000e-01  4.86306904e-01 
 4.80047600e-07  6.00000000e-01  4.86856453e-01 
 4.81147600e-07  6.00000000e-01  4.87406446e-01 
 4.82247600e-07  6.00000000e-01  4.87955145e-01 
 4.83347600e-07  6.00000000e-01  4.88504272e-01 
 4.84447600e-07  6.00000000e-01  4.89052089e-01 
 4.85547600e-07  6.00000000e-01  4.89600317e-01 
 4.86647600e-07  6.00000000e-01  4.90147217e-01 
 4.87747600e-07  6.00000000e-01  4.90694510e-01 
 4.88847600e-07  6.00000000e-01  4.91240457e-01 
 4.89947600e-07  6.00000000e-01  4.91786779e-01 
 4.91047600e-07  6.00000000e-01  4.92331735e-01 
 4.92147600e-07  6.00000000e-01  4.92877047e-01 
 4.93247600e-07  6.00000000e-01  4.93420972e-01 
 4.94347600e-07  6.00000000e-01  4.93965233e-01 
 4.95447600e-07  6.00000000e-01  4.94508085e-01 
 4.96547600e-07  6.00000000e-01  4.95051250e-01 
 4.97647600e-07  6.00000000e-01  4.95592985e-01 
 4.98747600e-07  6.00000000e-01  4.96135010e-01 
 4.99847600e-07  6.00000000e-01  4.96675580e-01 
 5.00947600e-07  6.00000000e-01  4.97216417e-01 
 5.02047600e-07  6.00000000e-01  4.97755773e-01 
 5.03147600e-07  6.00000000e-01  4.98295369e-01 
 5.04247600e-07  6.00000000e-01  4.98833459e-01 
 5.05347600e-07  6.00000000e-01  4.99371762e-01 
 5.06447600e-07  6.00000000e-01  4.99908530e-01 
 5.07547600e-07  6.00000000e-01  5.00445483e-01 
 5.08647600e-07  6.00000000e-01  5.00980871e-01 
 5.09747600e-07  6.00000000e-01  5.01516413e-01 
 5.10847600e-07  6.00000000e-01  5.02050359e-01 
 5.11947600e-07  6.00000000e-01  5.02584427e-01 
 5.13047600e-07  6.00000000e-01  5.03116867e-01 
 5.14147600e-07  6.00000000e-01  5.03649395e-01 
 5.15247600e-07  6.00000000e-01  5.04180260e-01 
 5.16347600e-07  6.00000000e-01  5.04711178e-01 
 5.17447600e-07  6.00000000e-01  5.05240396e-01 
 5.18547600e-07  6.00000000e-01  5.05769631e-01 
 5.19647600e-07  6.00000000e-01  5.06297129e-01 
 5.20747600e-07  6.00000000e-01  5.06824604e-01 
 5.21847600e-07  6.00000000e-01  5.07350303e-01 
 5.22947600e-07  6.00000000e-01  5.07875940e-01 
 5.24047600e-07  6.00000000e-01  5.08399760e-01 
 5.25147600e-07  6.00000000e-01  5.08923476e-01 
 5.26247600e-07  6.00000000e-01  5.09445334e-01 
 5.27347600e-07  6.00000000e-01  5.09967046e-01 
 5.28447600e-07  6.00000000e-01  5.10486856e-01 
 5.29547600e-07  6.00000000e-01  5.11006477e-01 
 5.30647600e-07  6.00000000e-01  5.11524152e-01 
 5.31747600e-07  6.00000000e-01  5.12041596e-01 
 5.32847600e-07  6.00000000e-01  5.12557049e-01 
 5.33947600e-07  6.00000000e-01  5.13072225e-01 
 5.35047600e-07  6.00000000e-01  5.13585367e-01 
 5.36147600e-07  6.00000000e-01  5.14098188e-01 
 5.37247600e-07  6.00000000e-01  5.14608929e-01 
 5.38347600e-07  6.00000000e-01  5.15119306e-01 
 5.39447600e-07  6.00000000e-01  5.15627559e-01 
 5.40547600e-07  6.00000000e-01  5.16135402e-01 
 5.41647600e-07  6.00000000e-01  5.16641078e-01 
 5.42747600e-07  6.00000000e-01  5.17146302e-01 
 5.43847600e-07  6.00000000e-01  5.17649315e-01 
 5.44947600e-07  6.00000000e-01  5.18151833e-01 
 5.46047600e-07  6.00000000e-01  5.18652097e-01 
 5.47147600e-07  6.00000000e-01  5.19151824e-01 
 5.48247600e-07  6.00000000e-01  5.19649256e-01 
 5.49347600e-07  6.00000000e-01  5.20146112e-01 
 5.50447600e-07  6.00000000e-01  5.20640630e-01 
 5.51547600e-07  6.00000000e-01  5.21134532e-01 
 5.52647600e-07  6.00000000e-01  5.21626058e-01 
 5.53747600e-07  6.00000000e-01  5.22116929e-01 
 5.54847600e-07  6.00000000e-01  5.22605385e-01 
 5.55947600e-07  6.00000000e-01  5.23093148e-01 
 5.57047600e-07  6.00000000e-01  5.23578460e-01 
 5.58147600e-07  6.00000000e-01  5.24063042e-01 
 5.59247600e-07  6.00000000e-01  5.24545135e-01 
 5.60347600e-07  6.00000000e-01  5.25026464e-01 
 5.61447600e-07  6.00000000e-01  5.25505270e-01 
 5.62547600e-07  6.00000000e-01  5.25983277e-01 
 5.63647600e-07  6.00000000e-01  5.26458726e-01 
 5.64747600e-07  6.00000000e-01  5.26933344e-01 
 5.65847600e-07  6.00000000e-01  5.27405371e-01 
 5.66947600e-07  6.00000000e-01  5.27876536e-01 
 5.68047600e-07  6.00000000e-01  5.28345078e-01 
 5.69147600e-07  6.00000000e-01  5.28812727e-01 
 5.70247600e-07  6.00000000e-01  5.29277724e-01 
 5.71347600e-07  6.00000000e-01  5.29741798e-01 
 5.72447600e-07  6.00000000e-01  5.30203190e-01 
 5.73547600e-07  6.00000000e-01  5.30663633e-01 
 5.74647600e-07  6.00000000e-01  5.31121365e-01 
 5.75747600e-07  6.00000000e-01  5.31578121e-01 
 5.76847600e-07  6.00000000e-01  5.32032142e-01 
 5.77947600e-07  6.00000000e-01  5.32485160e-01 
 5.79047600e-07  6.00000000e-01  5.32935417e-01 
 5.80147600e-07  6.00000000e-01  5.33384648e-01 
 5.81247600e-07  6.00000000e-01  5.33831094e-01 
 5.82347600e-07  6.00000000e-01  5.34276492e-01 
 5.83447600e-07  6.00000000e-01  5.34719083e-01 
 5.84547600e-07  6.00000000e-01  5.35160605e-01 
 5.85647600e-07  6.00000000e-01  5.35599298e-01 
 5.86747600e-07  6.00000000e-01  5.36036901e-01 
 5.87847600e-07  6.00000000e-01  5.36471657e-01 
 5.88947600e-07  6.00000000e-01  5.36905305e-01 
 5.90047600e-07  6.00000000e-01  5.37336087e-01 
 5.91147600e-07  6.00000000e-01  5.37765744e-01 
 5.92247600e-07  6.00000000e-01  5.38192518e-01 
 5.93347600e-07  6.00000000e-01  5.38618152e-01 
 5.94447600e-07  6.00000000e-01  5.39040887e-01 
 5.95547600e-07  6.00000000e-01  5.39462467e-01 
 5.96647600e-07  6.00000000e-01  5.39881133e-01 
 5.97747600e-07  6.00000000e-01  5.40298632e-01 
 5.98847600e-07  6.00000000e-01  5.40713206e-01 
 5.99947600e-07  6.00000000e-01  5.41126599e-01 
 6.01047600e-07  6.00000000e-01  5.41537055e-01 
 6.02147600e-07  6.00000000e-01  5.41946321e-01 
 6.03247600e-07  6.00000000e-01  5.42352638e-01 
 6.04347600e-07  6.00000000e-01  5.42757757e-01 
 6.05447600e-07  6.00000000e-01  5.43159919e-01 
 6.06547600e-07  6.00000000e-01  5.43560873e-01 
 6.07647600e-07  6.00000000e-01  5.43958862e-01 
 6.08747600e-07  6.00000000e-01  5.44355638e-01 
 6.09847600e-07  6.00000000e-01  5.44749442e-01 
 6.10947600e-07  6.00000000e-01  5.45142027e-01 
 6.12047600e-07  6.00000000e-01  5.45531634e-01 
 6.13147600e-07  6.00000000e-01  5.45920018e-01 
 6.14247600e-07  6.00000000e-01  5.46305420e-01 
 6.15347600e-07  6.00000000e-01  5.46689595e-01 
 6.16447600e-07  6.00000000e-01  5.47070786e-01 
 6.17547600e-07  6.00000000e-01  5.47450747e-01 
 6.18647600e-07  6.00000000e-01  5.47827721e-01 
 6.19747600e-07  6.00000000e-01  5.48203466e-01 
 6.20847600e-07  6.00000000e-01  5.48576222e-01 
 6.21947600e-07  6.00000000e-01  5.48947748e-01 
 6.23047600e-07  6.00000000e-01  5.49316286e-01 
 6.24147600e-07  6.00000000e-01  5.49683595e-01 
 6.25247600e-07  6.00000000e-01  5.50047916e-01 
 6.26347600e-07  6.00000000e-01  5.50411010e-01 
 6.27447600e-07  6.00000000e-01  5.50771119e-01 
 6.28547600e-07  6.00000000e-01  5.51130004e-01 
 6.29647600e-07  6.00000000e-01  5.51485905e-01 
 6.30747600e-07  6.00000000e-01  5.51840587e-01 
 6.31847600e-07  6.00000000e-01  5.52192289e-01 
 6.32947600e-07  6.00000000e-01  5.52542776e-01 
 6.34047600e-07  6.00000000e-01  5.52890288e-01 
 6.35147600e-07  6.00000000e-01  5.53236590e-01 
 6.36247600e-07  6.00000000e-01  5.53579923e-01 
 6.37347600e-07  6.00000000e-01  5.53922052e-01 
 6.38447600e-07  6.00000000e-01  5.54261218e-01 
 6.39547600e-07  6.00000000e-01  5.54599187e-01 
 6.40647600e-07  6.00000000e-01  5.54934201e-01 
 6.41747600e-07  6.00000000e-01  5.55268025e-01 
 6.42847600e-07  6.00000000e-01  5.55598902e-01 
 6.43947600e-07  6.00000000e-01  5.55928598e-01 
 6.45047600e-07  6.00000000e-01  5.56255354e-01 
 6.46147600e-07  6.00000000e-01  5.56580940e-01 
 6.47247600e-07  6.00000000e-01  5.56903594e-01 
 6.48347600e-07  6.00000000e-01  5.57225088e-01 
 6.49447600e-07  6.00000000e-01  5.57543661e-01 
 6.50547600e-07  6.00000000e-01  5.57861084e-01 
 6.51647600e-07  6.00000000e-01  5.58175595e-01 
 6.52747600e-07  6.00000000e-01  5.58488968e-01 
 6.53847600e-07  6.00000000e-01  5.58799441e-01 
 6.54947600e-07  6.00000000e-01  5.59108787e-01 
 6.56047600e-07  6.00000000e-01  5.59415245e-01 
 6.57147600e-07  6.00000000e-01  5.59720588e-01 
 6.58247600e-07  6.00000000e-01  5.60023055e-01 
 6.59347600e-07  6.00000000e-01  5.60324420e-01 
 6.60447600e-07  6.00000000e-01  5.60622921e-01 
 6.61547600e-07  6.00000000e-01  5.60920333e-01 
 6.62647600e-07  6.00000000e-01  5.61214896e-01 
 6.63747600e-07  6.00000000e-01  5.61508383e-01 
 6.64847600e-07  6.00000000e-01  5.61799033e-01 
 6.65947600e-07  6.00000000e-01  5.62088623e-01 
 6.67047600e-07  6.00000000e-01  5.62375390e-01 
 6.68147600e-07  6.00000000e-01  5.62661112e-01 
 6.69247600e-07  6.00000000e-01  5.62944024e-01 
 6.70347600e-07  6.00000000e-01  5.63225906e-01 
 6.71447600e-07  6.00000000e-01  5.63504994e-01 
 6.72547600e-07  6.00000000e-01  5.63783067e-01 
 6.73647600e-07  6.00000000e-01  5.64058362e-01 
 6.74747600e-07  6.00000000e-01  5.64332656e-01 
 6.75847600e-07  6.00000000e-01  5.64604188e-01 
 6.76947600e-07  6.00000000e-01  5.64874736e-01 
 6.78047600e-07  6.00000000e-01  5.65142537e-01 
 6.79147600e-07  6.00000000e-01  5.65409371e-01 
 6.80247600e-07  6.00000000e-01  5.65673474e-01 
 6.81347600e-07  6.00000000e-01  5.65936626e-01 
 6.82447600e-07  6.00000000e-01  5.66197064e-01 
 6.83547600e-07  6.00000000e-01  5.66456568e-01 
 6.84647600e-07  6.00000000e-01  5.66713374e-01 
 6.85747600e-07  6.00000000e-01  5.66969263e-01 
 6.86847600e-07  6.00000000e-01  5.67222472e-01 
 6.87947600e-07  6.00000000e-01  5.67474781e-01 
 6.89047600e-07  6.00000000e-01  5.67724427e-01 
 6.90147600e-07  6.00000000e-01  5.67973191e-01 
 6.91247600e-07  6.00000000e-01  5.68219308e-01 
 6.92347600e-07  6.00000000e-01  5.68464561e-01 
 6.93447600e-07  6.00000000e-01  5.68707185e-01 
 6.94547600e-07  6.00000000e-01  5.68948963e-01 
 6.95647600e-07  6.00000000e-01  5.69188130e-01 
 6.96747600e-07  6.00000000e-01  5.69426468e-01 
 6.97847600e-07  6.00000000e-01  5.69662213e-01 
 6.98947600e-07  6.00000000e-01  5.69897148e-01 
 7.00047600e-07  6.00000000e-01  5.70129507e-01 
 7.01147600e-07  6.00000000e-01  5.70361074e-01 
 7.02247600e-07  6.00000000e-01  5.70590083e-01 
 7.03347600e-07  6.00000000e-01  5.70818319e-01 
 7.04447600e-07  6.00000000e-01  5.71044016e-01 
 7.05547600e-07  6.00000000e-01  5.71268957e-01 
 7.06647600e-07  6.00000000e-01  5.71491377e-01 
 7.07747600e-07  6.00000000e-01  5.71713060e-01 
 7.08847600e-07  6.00000000e-01  5.71932240e-01 
 7.09947600e-07  6.00000000e-01  5.72150702e-01 
 7.11047600e-07  6.00000000e-01  5.72366678e-01 
 7.12147600e-07  6.00000000e-01  5.72581956e-01 
 7.13247600e-07  6.00000000e-01  5.72794766e-01 
 7.14347600e-07  6.00000000e-01  5.73006895e-01 
 7.15447600e-07  6.00000000e-01  5.73216576e-01 
 7.16547600e-07  6.00000000e-01  5.73425595e-01 
 7.17647600e-07  6.00000000e-01  5.73632183e-01 
 7.18747600e-07  6.00000000e-01  5.73838128e-01 
 7.19847600e-07  6.00000000e-01  5.74041661e-01 
 7.20947600e-07  6.00000000e-01  5.74244568e-01 
 7.22047600e-07  6.00000000e-01  5.74445082e-01 
 7.23147600e-07  6.00000000e-01  5.74644989e-01 
 7.24247600e-07  6.00000000e-01  5.74842521e-01 
 7.25347600e-07  6.00000000e-01  5.75039465e-01 
 7.26447600e-07  6.00000000e-01  5.75234051e-01 
 7.27547600e-07  6.00000000e-01  5.75428068e-01 
 7.28647600e-07  6.00000000e-01  5.75619746e-01 
 7.29747600e-07  6.00000000e-01  5.75810872e-01 
 7.30847600e-07  6.00000000e-01  5.75999678e-01 
 7.31947600e-07  6.00000000e-01  5.76187950e-01 
 7.33047600e-07  6.00000000e-01  5.76373920e-01 
 7.34147600e-07  6.00000000e-01  5.76559375e-01 
 7.35247600e-07  6.00000000e-01  5.76742545e-01 
 7.36347600e-07  6.00000000e-01  5.76925219e-01 
 7.37447600e-07  6.00000000e-01  5.77105625e-01 
 7.38547600e-07  6.00000000e-01  5.77285553e-01 
 7.39647600e-07  6.00000000e-01  5.77463232e-01 
 7.40747600e-07  6.00000000e-01  5.77640450e-01 
 7.41847600e-07  6.00000000e-01  5.77815437e-01 
 7.42947600e-07  6.00000000e-01  5.77989981e-01 
 7.44047600e-07  6.00000000e-01  5.78162312e-01 
 7.45147600e-07  6.00000000e-01  5.78334217e-01 
 7.46247600e-07  6.00000000e-01  5.78503927e-01 
 7.47347600e-07  6.00000000e-01  5.78673229e-01 
 7.48447600e-07  6.00000000e-01  5.78840352e-01 
 7.49547600e-07  6.00000000e-01  5.79007085e-01 
 7.50647600e-07  6.00000000e-01  5.79171657e-01 
 7.51747600e-07  6.00000000e-01  5.79335856e-01 
 7.52847600e-07  6.00000000e-01  5.79497911e-01 
 7.53947600e-07  6.00000000e-01  5.79659611e-01 
 7.55047600e-07  6.00000000e-01  5.79819183e-01 
 7.56147600e-07  6.00000000e-01  5.79978418e-01 
 7.57247600e-07  6.00000000e-01  5.80135542e-01 
 7.58347600e-07  6.00000000e-01  5.80292344e-01 
 7.59447600e-07  6.00000000e-01  5.80447054e-01 
 7.60547600e-07  6.00000000e-01  5.80601459e-01 
 7.61647600e-07  6.00000000e-01  5.80753787e-01 
 7.62747600e-07  6.00000000e-01  5.80905827e-01 
 7.63847600e-07  6.00000000e-01  5.81055808e-01 
 7.64947600e-07  6.00000000e-01  5.81205516e-01 
 7.66047600e-07  6.00000000e-01  5.81353182e-01 
 7.67147600e-07  6.00000000e-01  5.81500591e-01 
 7.68247600e-07  6.00000000e-01  5.81645974e-01 
 7.69347600e-07  6.00000000e-01  5.81791117e-01 
 7.70447600e-07  6.00000000e-01  5.81934250e-01 
 7.71547600e-07  6.00000000e-01  5.82077159e-01 
 7.72647600e-07  6.00000000e-01  5.82218073e-01 
 7.73747600e-07  6.00000000e-01  5.82358779e-01 
 7.74847600e-07  6.00000000e-01  5.82497507e-01 
 7.75947600e-07  6.00000000e-01  5.82636042e-01 
 7.77047600e-07  6.00000000e-01  5.82772614e-01 
 7.78147600e-07  6.00000000e-01  5.82909010e-01 
 7.79247600e-07  6.00000000e-01  5.83043457e-01 
 7.80347600e-07  6.00000000e-01  5.83177744e-01 
 7.81447600e-07  6.00000000e-01  5.83310098e-01 
 7.82547600e-07  6.00000000e-01  5.83442306e-01 
 7.83647600e-07  6.00000000e-01  5.83572597e-01 
 7.84747600e-07  6.00000000e-01  5.83702756e-01 
 7.85847600e-07  6.00000000e-01  5.83831014e-01 
 7.86947600e-07  6.00000000e-01  5.83959155e-01 
 7.88047600e-07  6.00000000e-01  5.84085409e-01 
 7.89147600e-07  6.00000000e-01  5.84211561e-01 
 7.90247600e-07  6.00000000e-01  5.84335840e-01 
 7.91347600e-07  6.00000000e-01  5.84460032e-01 
 7.92447600e-07  6.00000000e-01  5.84582366e-01 
 7.93547600e-07  6.00000000e-01  5.84704628e-01 
 7.94647600e-07  6.00000000e-01  5.84825045e-01 
 7.95747600e-07  6.00000000e-01  5.84945404e-01 
 7.96847600e-07  6.00000000e-01  5.85063933e-01 
 7.97947600e-07  6.00000000e-01  5.85182418e-01 
 7.99047600e-07  6.00000000e-01  5.85299086e-01 
 8.00147600e-07  6.00000000e-01  5.85415724e-01 
 8.01247600e-07  6.00000000e-01  5.85530561e-01 
 8.02347600e-07  6.00000000e-01  5.85645379e-01 
 8.03447600e-07  6.00000000e-01  5.85758410e-01 
 8.04547600e-07  6.00000000e-01  5.85871437e-01 
 8.05647600e-07  6.00000000e-01  5.85982690e-01 
 8.06747600e-07  6.00000000e-01  5.86093951e-01 
 8.07847600e-07  6.00000000e-01  5.86203452e-01 
 8.08947600e-07  6.00000000e-01  5.86312975e-01 
 8.10047600e-07  6.00000000e-01  5.86420751e-01 
 8.11147600e-07  6.00000000e-01  5.86528562e-01 
 8.12247600e-07  6.00000000e-01  5.86634637e-01 
 8.13347600e-07  6.00000000e-01  5.86740761e-01 
 8.14447600e-07  6.00000000e-01  5.86845163e-01 
 8.15547600e-07  6.00000000e-01  5.86949626e-01 
 8.16647600e-07  6.00000000e-01  5.87052380e-01 
 8.17747600e-07  6.00000000e-01  5.87155207e-01 
 8.18847600e-07  6.00000000e-01  5.87256337e-01 
 8.19947600e-07  6.00000000e-01  5.87357552e-01 
 8.21047600e-07  6.00000000e-01  5.87457083e-01 
 8.22147600e-07  6.00000000e-01  5.87556712e-01 
 8.23247600e-07  6.00000000e-01  5.87654668e-01 
 8.24347600e-07  6.00000000e-01  5.87752734e-01 
 8.25447600e-07  6.00000000e-01  5.87849140e-01 
 8.26547600e-07  6.00000000e-01  5.87945667e-01 
 8.27647600e-07  6.00000000e-01  5.88040546e-01 
 8.28747600e-07  6.00000000e-01  5.88135558e-01 
 8.29847600e-07  6.00000000e-01  5.88228934e-01 
 8.30947600e-07  6.00000000e-01  5.88322453e-01 
 8.32047600e-07  6.00000000e-01  5.88414348e-01 
 8.33147600e-07  6.00000000e-01  5.88506399e-01 
 8.34247600e-07  6.00000000e-01  5.88596836e-01 
 8.35347600e-07  6.00000000e-01  5.88687439e-01 
 8.36447600e-07  6.00000000e-01  5.88776441e-01 
 8.37547600e-07  6.00000000e-01  5.88865620e-01 
 8.38647600e-07  6.00000000e-01  5.88953208e-01 
 8.39747600e-07  6.00000000e-01  5.89040985e-01 
 8.40847600e-07  6.00000000e-01  5.89127182e-01 
 8.41947600e-07  6.00000000e-01  5.89213577e-01 
 8.43047600e-07  6.00000000e-01  5.89298404e-01 
 8.44147600e-07  6.00000000e-01  5.89383440e-01 
 8.45247600e-07  6.00000000e-01  5.89466918e-01 
 8.46347600e-07  6.00000000e-01  5.89550615e-01 
 8.47447600e-07  6.00000000e-01  5.89632765e-01 
 8.48547600e-07  6.00000000e-01  5.89715144e-01 
 8.49647600e-07  6.00000000e-01  5.89795986e-01 
 8.50747600e-07  6.00000000e-01  5.89877068e-01 
 8.51847600e-07  6.00000000e-01  5.89956623e-01 
 8.52947600e-07  6.00000000e-01  5.90036428e-01 
 8.54047600e-07  6.00000000e-01  5.90114716e-01 
 8.55147600e-07  6.00000000e-01  5.90193263e-01 
 8.56247600e-07  6.00000000e-01  5.90270303e-01 
 8.57347600e-07  6.00000000e-01  5.90347612e-01 
 8.58447600e-07  6.00000000e-01  5.90423424e-01 
 8.59547600e-07  6.00000000e-01  5.90499515e-01 
 8.60647600e-07  6.00000000e-01  5.90574118e-01 
 8.61747600e-07  6.00000000e-01  5.90649009e-01 
 8.62847600e-07  6.00000000e-01  5.90722422e-01 
 8.63947600e-07  6.00000000e-01  5.90796131e-01 
 8.65047600e-07  6.00000000e-01  5.90868373e-01 
 8.66147600e-07  6.00000000e-01  5.90940920e-01 
 8.67247600e-07  6.00000000e-01  5.91012008e-01 
 8.68347600e-07  6.00000000e-01  5.91083411e-01 
 8.69447600e-07  6.00000000e-01  5.91153363e-01 
 8.70547600e-07  6.00000000e-01  5.91223640e-01 
 8.71647600e-07  6.00000000e-01  5.91292475e-01 
 8.72747600e-07  6.00000000e-01  5.91361642e-01 
 8.73847600e-07  6.00000000e-01  5.91429378e-01 
 8.74947600e-07  6.00000000e-01  5.91497453e-01 
 8.76047600e-07  6.00000000e-01  5.91564106e-01 
 8.77147600e-07  6.00000000e-01  5.91631107e-01 
 8.78247600e-07  6.00000000e-01  5.91696694e-01 
 8.79347600e-07  6.00000000e-01  5.91762638e-01 
 8.80447600e-07  6.00000000e-01  5.91827176e-01 
 8.81547600e-07  6.00000000e-01  5.91892079e-01 
 8.82647600e-07  6.00000000e-01  5.91955584e-01 
 8.83747600e-07  6.00000000e-01  5.92019462e-01 
 8.84847600e-07  6.00000000e-01  5.92081951e-01 
 8.85947600e-07  6.00000000e-01  5.92144821e-01 
 8.87047600e-07  6.00000000e-01  5.92206309e-01 
 8.88147600e-07  6.00000000e-01  5.92268186e-01 
 8.89247600e-07  6.00000000e-01  5.92328690e-01 
 8.90347600e-07  6.00000000e-01  5.92389590e-01 
 8.91447600e-07  6.00000000e-01  5.92449125e-01 
 8.92547600e-07  6.00000000e-01  5.92509064e-01 
 8.93647600e-07  6.00000000e-01  5.92567645e-01 
 8.94747600e-07  6.00000000e-01  5.92626637e-01 
 8.95847600e-07  6.00000000e-01  5.92684279e-01 
 8.96947600e-07  6.00000000e-01  5.92742339e-01 
 8.98047600e-07  6.00000000e-01  5.92799057e-01 
 8.99147600e-07  6.00000000e-01  5.92856201e-01 
 9.00247600e-07  6.00000000e-01  5.92912009e-01 
 9.01347600e-07  6.00000000e-01  5.92968250e-01 
 9.02447600e-07  6.00000000e-01  5.93023164e-01 
 9.03547600e-07  6.00000000e-01  5.93078517e-01 
 9.04647600e-07  6.00000000e-01  5.93132550e-01 
 9.05747600e-07  6.00000000e-01  5.93187028e-01 
 9.06847600e-07  6.00000000e-01  5.93240194e-01 
 9.07947600e-07  6.00000000e-01  5.93293813e-01 
 9.09047600e-07  6.00000000e-01  5.93346125e-01 
 9.10147600e-07  6.00000000e-01  5.93398897e-01 
 9.11247600e-07  6.00000000e-01  5.93450369e-01 
 9.12347600e-07  6.00000000e-01  5.93502308e-01 
 9.13447600e-07  6.00000000e-01  5.93552954e-01 
 9.14547600e-07  6.00000000e-01  5.93604072e-01 
 9.15647600e-07  6.00000000e-01  5.93653905e-01 
 9.16747600e-07  6.00000000e-01  5.93704216e-01 
 9.17847600e-07  6.00000000e-01  5.93753248e-01 
 9.18947600e-07  6.00000000e-01  5.93802764e-01 
 9.20047600e-07  6.00000000e-01  5.93851009e-01 
 9.21147600e-07  6.00000000e-01  5.93899744e-01 
 9.22247600e-07  6.00000000e-01  5.93947213e-01 
 9.23347600e-07  6.00000000e-01  5.93995178e-01 
 9.24447600e-07  6.00000000e-01  5.94041884e-01 
 9.25547600e-07  6.00000000e-01  5.94089092e-01 
 9.26647600e-07  6.00000000e-01  5.94135047e-01 
 9.27747600e-07  6.00000000e-01  5.94181510e-01 
 9.28847600e-07  6.00000000e-01  5.94226726e-01 
 9.29947600e-07  6.00000000e-01  5.94272455e-01 
 9.31047600e-07  6.00000000e-01  5.94316944e-01 
 9.32147600e-07  6.00000000e-01  5.94361951e-01 
 9.33247600e-07  6.00000000e-01  5.94405724e-01 
 9.34347600e-07  6.00000000e-01  5.94450021e-01 
 9.35447600e-07  6.00000000e-01  5.94493090e-01 
 9.36547600e-07  6.00000000e-01  5.94536688e-01 
 9.37647600e-07  6.00000000e-01  5.94579063e-01 
 9.38747600e-07  6.00000000e-01  5.94621973e-01 
 9.39847600e-07  6.00000000e-01  5.94663666e-01 
 9.40947600e-07  6.00000000e-01  5.94705899e-01 
 9.42047600e-07  6.00000000e-01  5.94746921e-01 
 9.43147600e-07  6.00000000e-01  5.94788488e-01 
 9.44247600e-07  6.00000000e-01  5.94828848e-01 
 9.45347600e-07  6.00000000e-01  5.94869760e-01 
 9.46447600e-07  6.00000000e-01  5.94909470e-01 
 9.47547600e-07  6.00000000e-01  5.94949736e-01 
 9.48647600e-07  6.00000000e-01  5.94988807e-01 
 9.49747600e-07  6.00000000e-01  5.95028438e-01 
 9.50847600e-07  6.00000000e-01  5.95066879e-01 
 9.51947600e-07  6.00000000e-01  5.95105885e-01 
 9.53047600e-07  6.00000000e-01  5.95143706e-01 
 9.54147600e-07  6.00000000e-01  5.95182097e-01 
 9.55247600e-07  6.00000000e-01  5.95219309e-01 
 9.56347600e-07  6.00000000e-01  5.95257094e-01 
 9.57447600e-07  6.00000000e-01  5.95293706e-01 
 9.58547600e-07  6.00000000e-01  5.95330896e-01 
 9.59647600e-07  6.00000000e-01  5.95366917e-01 
 9.60747600e-07  6.00000000e-01  5.95403521e-01 
 9.61847600e-07  6.00000000e-01  5.95438960e-01 
 9.62947600e-07  6.00000000e-01  5.95474987e-01 
 9.64047600e-07  6.00000000e-01  5.95509855e-01 
 9.65147600e-07  6.00000000e-01  5.95545315e-01 
 9.66247600e-07  6.00000000e-01  5.95579620e-01 
 9.67347600e-07  6.00000000e-01  5.95614521e-01 
 9.68447600e-07  6.00000000e-01  5.95648272e-01 
 9.69547600e-07  6.00000000e-01  5.95682623e-01 
 9.70647600e-07  6.00000000e-01  5.95715829e-01 
 9.71747600e-07  6.00000000e-01  5.95749639e-01 
 9.72847600e-07  6.00000000e-01  5.95782309e-01 
 9.73947600e-07  6.00000000e-01  5.95815587e-01 
 9.75047600e-07  6.00000000e-01  5.95847729e-01 
 9.76147600e-07  6.00000000e-01  5.95880483e-01 
 9.77247600e-07  6.00000000e-01  5.95912105e-01 
 9.78347600e-07  6.00000000e-01  5.95944344e-01 
 9.79447600e-07  6.00000000e-01  5.95975455e-01 
 9.80547600e-07  6.00000000e-01  5.96007187e-01 
 9.81647600e-07  6.00000000e-01  5.96037795e-01 
 9.82747600e-07  6.00000000e-01  5.96069027e-01 
 9.83847600e-07  6.00000000e-01  5.96099141e-01 
 9.84947600e-07  6.00000000e-01  5.96129882e-01 
 9.86047600e-07  6.00000000e-01  5.96159508e-01 
 9.87147600e-07  6.00000000e-01  5.96189765e-01 
 9.88247600e-07  6.00000000e-01  5.96218912e-01 
 9.89347600e-07  6.00000000e-01  5.96248694e-01 
 9.90447600e-07  6.00000000e-01  5.96277369e-01 
 9.91547600e-07  6.00000000e-01  5.96306683e-01 
 9.92647600e-07  6.00000000e-01  5.96334894e-01 
 9.93747600e-07  6.00000000e-01  5.96363747e-01 
 9.94847600e-07  6.00000000e-01  5.96391501e-01 
 9.95947600e-07  6.00000000e-01  5.96419901e-01 
 9.97047600e-07  6.00000000e-01  5.96447206e-01 
 9.98147600e-07  6.00000000e-01  5.96475159e-01 
 9.99247600e-07  6.00000000e-01  5.96502021e-01 
 1.00034760e-06  6.00000000e-01  5.96529536e-01 
 1.00144760e-06  6.00000000e-01  5.96555963e-01 
 1.00254760e-06  6.00000000e-01  5.96583045e-01 
 1.00364760e-06  6.00000000e-01  5.96609045e-01 
 1.00474760e-06  6.00000000e-01  5.96635702e-01 
 1.00584760e-06  6.00000000e-01  5.96661279e-01 
 1.00694760e-06  6.00000000e-01  5.96687518e-01 
 1.00804760e-06  6.00000000e-01  5.96712681e-01 
 1.00914760e-06  6.00000000e-01  5.96738508e-01 
 1.01024760e-06  6.00000000e-01  5.96763263e-01 
 1.01134760e-06  6.00000000e-01  5.96788685e-01 
 1.01244760e-06  6.00000000e-01  5.96813038e-01 
 1.01354760e-06  6.00000000e-01  5.96838061e-01 
 1.01464760e-06  6.00000000e-01  5.96862019e-01 
 1.01574760e-06  6.00000000e-01  5.96886650e-01 
 1.01684760e-06  6.00000000e-01  5.96910219e-01 
 1.01794760e-06  6.00000000e-01  5.96934464e-01 
 1.01904760e-06  6.00000000e-01  5.96957650e-01 
 1.02014760e-06  6.00000000e-01  5.96981515e-01 
 1.02124760e-06  6.00000000e-01  5.97004324e-01 
 1.02234760e-06  6.00000000e-01  5.97027816e-01 
 1.02344760e-06  6.00000000e-01  5.97050255e-01 
 1.02454760e-06  6.00000000e-01  5.97073378e-01 
 1.02564760e-06  6.00000000e-01  5.97095452e-01 
 1.02674760e-06  6.00000000e-01  5.97118213e-01 
 1.02784760e-06  6.00000000e-01  5.97139929e-01 
 1.02894760e-06  6.00000000e-01  5.97162334e-01 
 1.03004760e-06  6.00000000e-01  5.97183696e-01 
 1.03114760e-06  6.00000000e-01  5.97205751e-01 
 1.03224760e-06  6.00000000e-01  5.97226766e-01 
 1.03334760e-06  6.00000000e-01  5.97248475e-01 
 1.03444760e-06  6.00000000e-01  5.97269148e-01 
 1.03554760e-06  6.00000000e-01  5.97290518e-01 
 1.03664760e-06  6.00000000e-01  5.97310854e-01 
 1.03774760e-06  6.00000000e-01  5.97331890e-01 
 1.03884760e-06  6.00000000e-01  5.97351895e-01 
 1.03994760e-06  6.00000000e-01  5.97372603e-01 
 1.04104760e-06  6.00000000e-01  5.97392282e-01 
 1.04214760e-06  6.00000000e-01  5.97412666e-01 
 1.04324760e-06  6.00000000e-01  5.97432025e-01 
 1.04434760e-06  6.00000000e-01  5.97452090e-01 
 1.04544760e-06  6.00000000e-01  5.97471133e-01 
 1.04654760e-06  6.00000000e-01  5.97490885e-01 
 1.04764760e-06  6.00000000e-01  5.97509618e-01 
 1.04874760e-06  6.00000000e-01  5.97529062e-01 
 1.04984760e-06  6.00000000e-01  5.97547489e-01 
 1.05094760e-06  6.00000000e-01  5.97566630e-01 
 1.05204760e-06  6.00000000e-01  5.97584756e-01 
 1.05314760e-06  6.00000000e-01  5.97603598e-01 
 1.05424760e-06  6.00000000e-01  5.97621429e-01 
 1.05534760e-06  6.00000000e-01  5.97639977e-01 
 1.05644760e-06  6.00000000e-01  5.97657517e-01 
 1.05754760e-06  6.00000000e-01  5.97675776e-01 
 1.05864760e-06  6.00000000e-01  5.97693029e-01 
 1.05974760e-06  6.00000000e-01  5.97711004e-01 
 1.06084760e-06  6.00000000e-01  5.97727975e-01 
 1.06194760e-06  6.00000000e-01  5.97745670e-01 
 1.06304760e-06  6.00000000e-01  5.97762364e-01 
 1.06414760e-06  6.00000000e-01  5.97779783e-01 
 1.06524760e-06  6.00000000e-01  5.97796204e-01 
 1.06634760e-06  6.00000000e-01  5.97813352e-01 
 1.06744760e-06  6.00000000e-01  5.97829505e-01 
 1.06854760e-06  6.00000000e-01  5.97846386e-01 
 1.06964760e-06  6.00000000e-01  5.97862274e-01 
 1.07074760e-06  6.00000000e-01  5.97878893e-01 
 1.07184760e-06  6.00000000e-01  5.97894521e-01 
 1.07294760e-06  6.00000000e-01  5.97910881e-01 
 1.07404760e-06  6.00000000e-01  5.97926254e-01 
 1.07514760e-06  6.00000000e-01  5.97942360e-01 
 1.07624760e-06  6.00000000e-01  5.97957480e-01 
 1.07734760e-06  6.00000000e-01  5.97973336e-01 
 1.07844760e-06  6.00000000e-01  5.97988209e-01 
 1.07954760e-06  6.00000000e-01  5.98003819e-01 
 1.08064760e-06  6.00000000e-01  5.98018447e-01 
 1.08174760e-06  6.00000000e-01  5.98033815e-01 
 1.08284760e-06  6.00000000e-01  5.98048204e-01 
 1.08394760e-06  6.00000000e-01  5.98063333e-01 
 1.08504760e-06  6.00000000e-01  5.98077486e-01 
 1.08614760e-06  6.00000000e-01  5.98092380e-01 
 1.08724760e-06  6.00000000e-01  5.98106300e-01 
 1.08834760e-06  6.00000000e-01  5.98120964e-01 
 1.08944760e-06  6.00000000e-01  5.98134656e-01 
 1.09054760e-06  6.00000000e-01  5.98149093e-01 
 1.09164760e-06  6.00000000e-01  5.98162559e-01 
 1.09274760e-06  6.00000000e-01  5.98176772e-01 
 1.09384760e-06  6.00000000e-01  5.98190017e-01 
 1.09494760e-06  6.00000000e-01  5.98204011e-01 
 1.09604760e-06  6.00000000e-01  5.98217038e-01 
 1.09714760e-06  6.00000000e-01  5.98230815e-01 
 1.09824760e-06  6.00000000e-01  5.98243627e-01 
 1.09934760e-06  6.00000000e-01  5.98257191e-01 
 1.10000000e-06  6.00000000e-01  5.98264503e-01 
