 time            v(inp)          v(out)         
 0.00000000e+00  3.00000000e-01  3.00126519e-01 
 1.10000000e-11  3.00000000e-01  3.00126519e-01 
 2.20000000e-11  3.00000000e-01  3.00126519e-01 
 4.40000000e-11  3.00000000e-01  3.00126519e-01 
 8.80000000e-11  3.00000000e-01  3.00126519e-01 
 1.76000000e-10  3.00000000e-01  3.00126519e-01 
 3.52000000e-10  3.00000000e-01  3.00126519e-01 
 7.04000000e-10  3.00000000e-01  3.00126519e-01 
 1.40800000e-09  3.00000000e-01  3.00126519e-01 
 2.50800000e-09  3.00000000e-01  3.00126519e-01 
 3.60800000e-09  3.00000000e-01  3.00126519e-01 
 4.70800000e-09  3.00000000e-01  3.00126519e-01 
 5.80800000e-09  3.00000000e-01  3.00126519e-01 
 6.90800000e-09  3.00000000e-01  3.00126519e-01 
 8.00800000e-09  3.00000000e-01  3.00126519e-01 
 9.10800000e-09  3.00000000e-01  3.00126519e-01 
 1.02080000e-08  3.00000000e-01  3.00126519e-01 
 1.13080000e-08  3.00000000e-01  3.00126519e-01 
 1.24080000e-08  3.00000000e-01  3.00126519e-01 
 1.35080000e-08  3.00000000e-01  3.00126519e-01 
 1.46080000e-08  3.00000000e-01  3.00126519e-01 
 1.57080000e-08  3.00000000e-01  3.00126519e-01 
 1.68080000e-08  3.00000000e-01  3.00126519e-01 
 1.79080000e-08  3.00000000e-01  3.00126519e-01 
 1.90080000e-08  3.00000000e-01  3.00126519e-01 
 2.01080000e-08  3.00000000e-01  3.00126519e-01 
 2.12080000e-08  3.00000000e-01  3.00126519e-01 
 2.23080000e-08  3.00000000e-01  3.00126519e-01 
 2.34080000e-08  3.00000000e-01  3.00126519e-01 
 2.45080000e-08  3.00000000e-01  3.00126519e-01 
 2.56080000e-08  3.00000000e-01  3.00126519e-01 
 2.67080000e-08  3.00000000e-01  3.00126519e-01 
 2.78080000e-08  3.00000000e-01  3.00126519e-01 
 2.89080000e-08  3.00000000e-01  3.00126519e-01 
 3.00080000e-08  3.00000000e-01  3.00126519e-01 
 3.11080000e-08  3.00000000e-01  3.00126519e-01 
 3.22080000e-08  3.00000000e-01  3.00126519e-01 
 3.33080000e-08  3.00000000e-01  3.00126519e-01 
 3.44080000e-08  3.00000000e-01  3.00126519e-01 
 3.55080000e-08  3.00000000e-01  3.00126519e-01 
 3.66080000e-08  3.00000000e-01  3.00126519e-01 
 3.77080000e-08  3.00000000e-01  3.00126519e-01 
 3.88080000e-08  3.00000000e-01  3.00126519e-01 
 3.99080000e-08  3.00000000e-01  3.00126519e-01 
 4.10080000e-08  3.00000000e-01  3.00126519e-01 
 4.21080000e-08  3.00000000e-01  3.00126519e-01 
 4.32080000e-08  3.00000000e-01  3.00126519e-01 
 4.43080000e-08  3.00000000e-01  3.00126519e-01 
 4.54080000e-08  3.00000000e-01  3.00126519e-01 
 4.65080000e-08  3.00000000e-01  3.00126519e-01 
 4.76080000e-08  3.00000000e-01  3.00126519e-01 
 4.87080000e-08  3.00000000e-01  3.00126519e-01 
 4.98080000e-08  3.00000000e-01  3.00126519e-01 
 5.09080000e-08  3.00000000e-01  3.00126519e-01 
 5.20080000e-08  3.00000000e-01  3.00126519e-01 
 5.31080000e-08  3.00000000e-01  3.00126519e-01 
 5.42080000e-08  3.00000000e-01  3.00126519e-01 
 5.53080000e-08  3.00000000e-01  3.00126519e-01 
 5.64080000e-08  3.00000000e-01  3.00126519e-01 
 5.75080000e-08  3.00000000e-01  3.00126519e-01 
 5.86080000e-08  3.00000000e-01  3.00126519e-01 
 5.97080000e-08  3.00000000e-01  3.00126519e-01 
 6.08080000e-08  3.00000000e-01  3.00126519e-01 
 6.19080000e-08  3.00000000e-01  3.00126519e-01 
 6.30080000e-08  3.00000000e-01  3.00126519e-01 
 6.41080000e-08  3.00000000e-01  3.00126519e-01 
 6.52080000e-08  3.00000000e-01  3.00126519e-01 
 6.63080000e-08  3.00000000e-01  3.00126519e-01 
 6.74080000e-08  3.00000000e-01  3.00126519e-01 
 6.85080000e-08  3.00000000e-01  3.00126519e-01 
 6.96080000e-08  3.00000000e-01  3.00126519e-01 
 7.07080000e-08  3.00000000e-01  3.00126519e-01 
 7.18080000e-08  3.00000000e-01  3.00126519e-01 
 7.29080000e-08  3.00000000e-01  3.00126519e-01 
 7.40080000e-08  3.00000000e-01  3.00126519e-01 
 7.51080000e-08  3.00000000e-01  3.00126519e-01 
 7.62080000e-08  3.00000000e-01  3.00126519e-01 
 7.73080000e-08  3.00000000e-01  3.00126519e-01 
 7.84080000e-08  3.00000000e-01  3.00126519e-01 
 7.95080000e-08  3.00000000e-01  3.00126519e-01 
 8.06080000e-08  3.00000000e-01  3.00126519e-01 
 8.17080000e-08  3.00000000e-01  3.00126519e-01 
 8.28080000e-08  3.00000000e-01  3.00126519e-01 
 8.39080000e-08  3.00000000e-01  3.00126519e-01 
 8.50080000e-08  3.00000000e-01  3.00126519e-01 
 8.61080000e-08  3.00000000e-01  3.00126519e-01 
 8.72080000e-08  3.00000000e-01  3.00126519e-01 
 8.83080000e-08  3.00000000e-01  3.00126519e-01 
 8.94080000e-08  3.00000000e-01  3.00126519e-01 
 9.05080000e-08  3.00000000e-01  3.00126519e-01 
 9.16080000e-08  3.00000000e-01  3.00126519e-01 
 9.27080000e-08  3.00000000e-01  3.00126519e-01 
 9.38080000e-08  3.00000000e-01  3.00126519e-01 
 9.49080000e-08  3.00000000e-01  3.00126519e-01 
 9.60080000e-08  3.00000000e-01  3.00126519e-01 
 9.71080000e-08  3.00000000e-01  3.00126519e-01 
 9.82080000e-08  3.00000000e-01  3.00126519e-01 
 9.93080000e-08  3.00000000e-01  3.00126519e-01 
 1.00000000e-07  3.00000000e-01  3.00126519e-01 
 1.00001000e-07  3.01000000e-01  3.00128011e-01 
 1.00003000e-07  3.03000000e-01  3.00131169e-01 
 1.00007000e-07  3.07000000e-01  3.00137519e-01 
 1.00010000e-07  3.10000000e-01  3.00142280e-01 
 1.00010800e-07  3.10000000e-01  3.00142381e-01 
 1.00012400e-07  3.10000000e-01  3.00142408e-01 
 1.00015600e-07  3.10000000e-01  3.00142433e-01 
 1.00022000e-07  3.10000000e-01  3.00142509e-01 
 1.00034800e-07  3.10000000e-01  3.00142629e-01 
 1.00060400e-07  3.10000000e-01  3.00142881e-01 
 1.00111600e-07  3.10000000e-01  3.00143300e-01 
 1.00214000e-07  3.10000000e-01  3.00143959e-01 
 1.00418800e-07  3.10000000e-01  3.00144631e-01 
 1.00828400e-07  3.10000000e-01  3.00144589e-01 
 1.01647600e-07  3.10000000e-01  3.00142899e-01 
 1.02747600e-07  3.10000000e-01  3.00141954e-01 
 1.03847600e-07  3.10000000e-01  3.00144266e-01 
 1.04947600e-07  3.10000000e-01  3.00149914e-01 
 1.06047600e-07  3.10000000e-01  3.00158725e-01 
 1.07147600e-07  3.10000000e-01  3.00170619e-01 
 1.08247600e-07  3.10000000e-01  3.00185437e-01 
 1.09347600e-07  3.10000000e-01  3.00203084e-01 
 1.10447600e-07  3.10000000e-01  3.00223384e-01 
 1.11547600e-07  3.10000000e-01  3.00246232e-01 
 1.12647600e-07  3.10000000e-01  3.00271447e-01 
 1.13747600e-07  3.10000000e-01  3.00298919e-01 
 1.14847600e-07  3.10000000e-01  3.00328470e-01 
 1.15947600e-07  3.10000000e-01  3.00359996e-01 
 1.17047600e-07  3.10000000e-01  3.00393324e-01 
 1.18147600e-07  3.10000000e-01  3.00428359e-01 
 1.19247600e-07  3.10000000e-01  3.00464939e-01 
 1.20347600e-07  3.10000000e-01  3.00502980e-01 
 1.21447600e-07  3.10000000e-01  3.00542331e-01 
 1.22547600e-07  3.10000000e-01  3.00582918e-01 
 1.23647600e-07  3.10000000e-01  3.00624606e-01 
 1.24747600e-07  3.10000000e-01  3.00667330e-01 
 1.25847600e-07  3.10000000e-01  3.00710965e-01 
 1.26947600e-07  3.10000000e-01  3.00755461e-01 
 1.28047600e-07  3.10000000e-01  3.00800702e-01 
 1.29147600e-07  3.10000000e-01  3.00846648e-01 
 1.30247600e-07  3.10000000e-01  3.00893194e-01 
 1.31347600e-07  3.10000000e-01  3.00940308e-01 
 1.32447600e-07  3.10000000e-01  3.00987894e-01 
 1.33547600e-07  3.10000000e-01  3.01035931e-01 
 1.34647600e-07  3.10000000e-01  3.01084329e-01 
 1.35747600e-07  3.10000000e-01  3.01133075e-01 
 1.36847600e-07  3.10000000e-01  3.01182087e-01 
 1.37947600e-07  3.10000000e-01  3.01231356e-01 
 1.39047600e-07  3.10000000e-01  3.01280809e-01 
 1.40147600e-07  3.10000000e-01  3.01330443e-01 
 1.41247600e-07  3.10000000e-01  3.01380189e-01 
 1.42347600e-07  3.10000000e-01  3.01430050e-01 
 1.43447600e-07  3.10000000e-01  3.01479961e-01 
 1.44547600e-07  3.10000000e-01  3.01529930e-01 
 1.45647600e-07  3.10000000e-01  3.01579898e-01 
 1.46747600e-07  3.10000000e-01  3.01629875e-01 
 1.47847600e-07  3.10000000e-01  3.01679804e-01 
 1.48947600e-07  3.10000000e-01  3.01729702e-01 
 1.50047600e-07  3.10000000e-01  3.01779514e-01 
 1.51147600e-07  3.10000000e-01  3.01829258e-01 
 1.52247600e-07  3.10000000e-01  3.01878885e-01 
 1.53347600e-07  3.10000000e-01  3.01928413e-01 
 1.54447600e-07  3.10000000e-01  3.01977796e-01 
 1.55547600e-07  3.10000000e-01  3.02027056e-01 
 1.56647600e-07  3.10000000e-01  3.02076146e-01 
 1.57747600e-07  3.10000000e-01  3.02125092e-01 
 1.58847600e-07  3.10000000e-01  3.02173849e-01 
 1.59947600e-07  3.10000000e-01  3.02222444e-01 
 1.61047600e-07  3.10000000e-01  3.02270833e-01 
 1.62147600e-07  3.10000000e-01  3.02319044e-01 
 1.63247600e-07  3.10000000e-01  3.02367037e-01 
 1.64347600e-07  3.10000000e-01  3.02414839e-01 
 1.65447600e-07  3.10000000e-01  3.02462411e-01 
 1.66547600e-07  3.10000000e-01  3.02509782e-01 
 1.67647600e-07  3.10000000e-01  3.02556914e-01 
 1.68747600e-07  3.10000000e-01  3.02603837e-01 
 1.69847600e-07  3.10000000e-01  3.02650513e-01 
 1.70947600e-07  3.10000000e-01  3.02696973e-01 
 1.72047600e-07  3.10000000e-01  3.02743181e-01 
 1.73147600e-07  3.10000000e-01  3.02789167e-01 
 1.74247600e-07  3.10000000e-01  3.02834896e-01 
 1.75347600e-07  3.10000000e-01  3.02880399e-01 
 1.76447600e-07  3.10000000e-01  3.02925642e-01 
 1.77547600e-07  3.10000000e-01  3.02970656e-01 
 1.78647600e-07  3.10000000e-01  3.03015406e-01 
 1.79747600e-07  3.10000000e-01  3.03059926e-01 
 1.80847600e-07  3.10000000e-01  3.03104180e-01 
 1.81947600e-07  3.10000000e-01  3.03148203e-01 
 1.83047600e-07  3.10000000e-01  3.03191958e-01 
 1.84147600e-07  3.10000000e-01  3.03235481e-01 
 1.85247600e-07  3.10000000e-01  3.03278737e-01 
 1.86347600e-07  3.10000000e-01  3.03321759e-01 
 1.87447600e-07  3.10000000e-01  3.03364515e-01 
 1.88547600e-07  3.10000000e-01  3.03407037e-01 
 1.89647600e-07  3.10000000e-01  3.03449293e-01 
 1.90747600e-07  3.10000000e-01  3.03491317e-01 
 1.91847600e-07  3.10000000e-01  3.03533074e-01 
 1.92947600e-07  3.10000000e-01  3.03574601e-01 
 1.94047600e-07  3.10000000e-01  3.03615862e-01 
 1.95147600e-07  3.10000000e-01  3.03656893e-01 
 1.96247600e-07  3.10000000e-01  3.03697661e-01 
 1.97347600e-07  3.10000000e-01  3.03738200e-01 
 1.98447600e-07  3.10000000e-01  3.03778477e-01 
 1.99547600e-07  3.10000000e-01  3.03818528e-01 
 2.00647600e-07  3.10000000e-01  3.03858318e-01 
 2.01747600e-07  3.10000000e-01  3.03897883e-01 
 2.02847600e-07  3.10000000e-01  3.03937189e-01 
 2.03947600e-07  3.10000000e-01  3.03976273e-01 
 2.05047600e-07  3.10000000e-01  3.04015100e-01 
 2.06147600e-07  3.10000000e-01  3.04053706e-01 
 2.07247600e-07  3.10000000e-01  3.04092058e-01 
 2.08347600e-07  3.10000000e-01  3.04130191e-01 
 2.09447600e-07  3.10000000e-01  3.04168072e-01 
 2.10547600e-07  3.10000000e-01  3.04205736e-01 
 2.11647600e-07  3.10000000e-01  3.04243151e-01 
 2.12747600e-07  3.10000000e-01  3.04280352e-01 
 2.13847600e-07  3.10000000e-01  3.04317305e-01 
 2.14947600e-07  3.10000000e-01  3.04354046e-01 
 2.16047600e-07  3.10000000e-01  3.04390542e-01 
 2.17147600e-07  3.10000000e-01  3.04426829e-01 
 2.18247600e-07  3.10000000e-01  3.04462873e-01 
 2.19347600e-07  3.10000000e-01  3.04498710e-01 
 2.20447600e-07  3.10000000e-01  3.04534307e-01 
 2.21547600e-07  3.10000000e-01  3.04569699e-01 
 2.22647600e-07  3.10000000e-01  3.04604854e-01 
 2.23747600e-07  3.10000000e-01  3.04639806e-01 
 2.24847600e-07  3.10000000e-01  3.04674523e-01 
 2.25947600e-07  3.10000000e-01  3.04709041e-01 
 2.27047600e-07  3.10000000e-01  3.04743325e-01 
 2.28147600e-07  3.10000000e-01  3.04777413e-01 
 2.29247600e-07  3.10000000e-01  3.04811270e-01 
 2.30347600e-07  3.10000000e-01  3.04844932e-01 
 2.31447600e-07  3.10000000e-01  3.04878367e-01 
 2.32547600e-07  3.10000000e-01  3.04911609e-01 
 2.33647600e-07  3.10000000e-01  3.04944626e-01 
 2.34747600e-07  3.10000000e-01  3.04977452e-01 
 2.35847600e-07  3.10000000e-01  3.05010056e-01 
 2.36947600e-07  3.10000000e-01  3.05042473e-01 
 2.38047600e-07  3.10000000e-01  3.05074669e-01 
 2.39147600e-07  3.10000000e-01  3.05106679e-01 
 2.40247600e-07  3.10000000e-01  3.05138472e-01 
 2.41347600e-07  3.10000000e-01  3.05170082e-01 
 2.42447600e-07  3.10000000e-01  3.05201476e-01 
 2.43547600e-07  3.10000000e-01  3.05232691e-01 
 2.44647600e-07  3.10000000e-01  3.05263691e-01 
 2.45747600e-07  3.10000000e-01  3.05294514e-01 
 2.46847600e-07  3.10000000e-01  3.05325126e-01 
 2.47947600e-07  3.10000000e-01  3.05355562e-01 
 2.49047600e-07  3.10000000e-01  3.05385789e-01 
 2.50147600e-07  3.10000000e-01  3.05415844e-01 
 2.51247600e-07  3.10000000e-01  3.05445692e-01 
 2.52347600e-07  3.10000000e-01  3.05475369e-01 
 2.53447600e-07  3.10000000e-01  3.05504842e-01 
 2.54547600e-07  3.10000000e-01  3.05534146e-01 
 2.55647600e-07  3.10000000e-01  3.05563248e-01 
 2.56747600e-07  3.10000000e-01  3.05592185e-01 
 2.57847600e-07  3.10000000e-01  3.05620921e-01 
 2.58947600e-07  3.10000000e-01  3.05649493e-01 
 2.60047600e-07  3.10000000e-01  3.05677868e-01 
 2.61147600e-07  3.10000000e-01  3.05706082e-01 
 2.62247600e-07  3.10000000e-01  3.05734100e-01 
 2.63347600e-07  3.10000000e-01  3.05761958e-01 
 2.64447600e-07  3.10000000e-01  3.05789623e-01 
 2.65547600e-07  3.10000000e-01  3.05817131e-01 
 2.66647600e-07  3.10000000e-01  3.05844447e-01 
 2.67747600e-07  3.10000000e-01  3.05871609e-01 
 2.68847600e-07  3.10000000e-01  3.05898581e-01 
 2.69947600e-07  3.10000000e-01  3.05925401e-01 
 2.71047600e-07  3.10000000e-01  3.05952034e-01 
 2.72147600e-07  3.10000000e-01  3.05978515e-01 
 2.73247600e-07  3.10000000e-01  3.06004812e-01 
 2.74347600e-07  3.10000000e-01  3.06030960e-01 
 2.75447600e-07  3.10000000e-01  3.06056925e-01 
 2.76547600e-07  3.10000000e-01  3.06082744e-01 
 2.77647600e-07  3.10000000e-01  3.06108382e-01 
 2.78747600e-07  3.10000000e-01  3.06133874e-01 
 2.79847600e-07  3.10000000e-01  3.06159189e-01 
 2.80947600e-07  3.10000000e-01  3.06184360e-01 
 2.82047600e-07  3.10000000e-01  3.06209355e-01 
 2.83147600e-07  3.10000000e-01  3.06234209e-01 
 2.84247600e-07  3.10000000e-01  3.06258888e-01 
 2.85347600e-07  3.10000000e-01  3.06283428e-01 
 2.86447600e-07  3.10000000e-01  3.06307796e-01 
 2.87547600e-07  3.10000000e-01  3.06332027e-01 
 2.88647600e-07  3.10000000e-01  3.06356086e-01 
 2.89747600e-07  3.10000000e-01  3.06380011e-01 
 2.90847600e-07  3.10000000e-01  3.06403767e-01 
 2.91947600e-07  3.10000000e-01  3.06427389e-01 
 2.93047600e-07  3.10000000e-01  3.06450845e-01 
 2.94147600e-07  3.10000000e-01  3.06474169e-01 
 2.95247600e-07  3.10000000e-01  3.06497328e-01 
 2.96347600e-07  3.10000000e-01  3.06520358e-01 
 2.97447600e-07  3.10000000e-01  3.06543224e-01 
 2.98547600e-07  3.10000000e-01  3.06565962e-01 
 2.99647600e-07  3.10000000e-01  3.06588540e-01 
 3.00747600e-07  3.10000000e-01  3.06610991e-01 
 3.01847600e-07  3.10000000e-01  3.06633282e-01 
 3.02947600e-07  3.10000000e-01  3.06655449e-01 
 3.04047600e-07  3.10000000e-01  3.06677459e-01 
 3.05147600e-07  3.10000000e-01  3.06699346e-01 
 3.06247600e-07  3.10000000e-01  3.06721077e-01 
 3.07347600e-07  3.10000000e-01  3.06742687e-01 
 3.08447600e-07  3.10000000e-01  3.06764142e-01 
 3.09547600e-07  3.10000000e-01  3.06785479e-01 
 3.10647600e-07  3.10000000e-01  3.06806663e-01 
 3.11747600e-07  3.10000000e-01  3.06827730e-01 
 3.12847600e-07  3.10000000e-01  3.06848646e-01 
 3.13947600e-07  3.10000000e-01  3.06869446e-01 
 3.15047600e-07  3.10000000e-01  3.06890097e-01 
 3.16147600e-07  3.10000000e-01  3.06910633e-01 
 3.17247600e-07  3.10000000e-01  3.06931023e-01 
 3.18347600e-07  3.10000000e-01  3.06951299e-01 
 3.19447600e-07  3.10000000e-01  3.06971430e-01 
 3.20547600e-07  3.10000000e-01  3.06991450e-01 
 3.21647600e-07  3.10000000e-01  3.07011326e-01 
 3.22747600e-07  3.10000000e-01  3.07031092e-01 
 3.23847600e-07  3.10000000e-01  3.07050716e-01 
 3.24947600e-07  3.10000000e-01  3.07070232e-01 
 3.26047600e-07  3.10000000e-01  3.07089607e-01 
 3.27147600e-07  3.10000000e-01  3.07108876e-01 
 3.28247600e-07  3.10000000e-01  3.07128005e-01 
 3.29347600e-07  3.10000000e-01  3.07147029e-01 
 3.30447600e-07  3.10000000e-01  3.07165916e-01 
 3.31547600e-07  3.10000000e-01  3.07184699e-01 
 3.32647600e-07  3.10000000e-01  3.07203346e-01 
 3.33747600e-07  3.10000000e-01  3.07221891e-01 
 3.34847600e-07  3.10000000e-01  3.07240301e-01 
 3.35947600e-07  3.10000000e-01  3.07258611e-01 
 3.37047600e-07  3.10000000e-01  3.07276788e-01 
 3.38147600e-07  3.10000000e-01  3.07294866e-01 
 3.39247600e-07  3.10000000e-01  3.07312812e-01 
 3.40347600e-07  3.10000000e-01  3.07330660e-01 
 3.41447600e-07  3.10000000e-01  3.07348378e-01 
 3.42547600e-07  3.10000000e-01  3.07366001e-01 
 3.43647600e-07  3.10000000e-01  3.07383493e-01 
 3.44747600e-07  3.10000000e-01  3.07400892e-01 
 3.45847600e-07  3.10000000e-01  3.07418163e-01 
 3.46947600e-07  3.10000000e-01  3.07435341e-01 
 3.48047600e-07  3.10000000e-01  3.07452392e-01 
 3.49147600e-07  3.10000000e-01  3.07469352e-01 
 3.50247600e-07  3.10000000e-01  3.07486187e-01 
 3.51347600e-07  3.10000000e-01  3.07502931e-01 
 3.52447600e-07  3.10000000e-01  3.07519552e-01 
 3.53547600e-07  3.10000000e-01  3.07536084e-01 
 3.54647600e-07  3.10000000e-01  3.07552493e-01 
 3.55747600e-07  3.10000000e-01  3.07568815e-01 
 3.56847600e-07  3.10000000e-01  3.07585016e-01 
 3.57947600e-07  3.10000000e-01  3.07601131e-01 
 3.59047600e-07  3.10000000e-01  3.07617126e-01 
 3.60147600e-07  3.10000000e-01  3.07633036e-01 
 3.61247600e-07  3.10000000e-01  3.07648827e-01 
 3.62347600e-07  3.10000000e-01  3.07664535e-01 
 3.63447600e-07  3.10000000e-01  3.07680126e-01 
 3.64547600e-07  3.10000000e-01  3.07695634e-01 
 3.65647600e-07  3.10000000e-01  3.07711027e-01 
 3.66747600e-07  3.10000000e-01  3.07726338e-01 
 3.67847600e-07  3.10000000e-01  3.07741535e-01 
 3.68947600e-07  3.10000000e-01  3.07756651e-01 
 3.70047600e-07  3.10000000e-01  3.07771655e-01 
 3.71147600e-07  3.10000000e-01  3.07786579e-01 
 3.72247600e-07  3.10000000e-01  3.07801392e-01 
 3.73347600e-07  3.10000000e-01  3.07816126e-01 
 3.74447600e-07  3.10000000e-01  3.07830750e-01 
 3.75547600e-07  3.10000000e-01  3.07845298e-01 
 3.76647600e-07  3.10000000e-01  3.07859735e-01 
 3.77747600e-07  3.10000000e-01  3.07874098e-01 
 3.78847600e-07  3.10000000e-01  3.07888352e-01 
 3.79947600e-07  3.10000000e-01  3.07902532e-01 
 3.81047600e-07  3.10000000e-01  3.07916604e-01 
 3.82147600e-07  3.10000000e-01  3.07930603e-01 
 3.83247600e-07  3.10000000e-01  3.07944497e-01 
 3.84347600e-07  3.10000000e-01  3.07958318e-01 
 3.85447600e-07  3.10000000e-01  3.07972034e-01 
 3.86547600e-07  3.10000000e-01  3.07985680e-01 
 3.87647600e-07  3.10000000e-01  3.07999222e-01 
 3.88747600e-07  3.10000000e-01  3.08012693e-01 
 3.89847600e-07  3.10000000e-01  3.08026063e-01 
 3.90947600e-07  3.10000000e-01  3.08039363e-01 
 3.92047600e-07  3.10000000e-01  3.08052562e-01 
 3.93147600e-07  3.10000000e-01  3.08065693e-01 
 3.94247600e-07  3.10000000e-01  3.08078724e-01 
 3.95347600e-07  3.10000000e-01  3.08091688e-01 
 3.96447600e-07  3.10000000e-01  3.08104552e-01 
 3.97547600e-07  3.10000000e-01  3.08117351e-01 
 3.98647600e-07  3.10000000e-01  3.08130052e-01 
 3.99747600e-07  3.10000000e-01  3.08142688e-01 
 4.00847600e-07  3.10000000e-01  3.08155227e-01 
 4.01947600e-07  3.10000000e-01  3.08167702e-01 
 4.03047600e-07  3.10000000e-01  3.08180081e-01 
 4.04147600e-07  3.10000000e-01  3.08192397e-01 
 4.05247600e-07  3.10000000e-01  3.08204618e-01 
 4.06347600e-07  3.10000000e-01  3.08216778e-01 
 4.07447600e-07  3.10000000e-01  3.08228843e-01 
 4.08547600e-07  3.10000000e-01  3.08240848e-01 
 4.09647600e-07  3.10000000e-01  3.08252759e-01 
 4.10747600e-07  3.10000000e-01  3.08264611e-01 
 4.11847600e-07  3.10000000e-01  3.08276370e-01 
 4.12947600e-07  3.10000000e-01  3.08288071e-01 
 4.14047600e-07  3.10000000e-01  3.08299680e-01 
 4.15147600e-07  3.10000000e-01  3.08311232e-01 
 4.16247600e-07  3.10000000e-01  3.08322693e-01 
 4.17347600e-07  3.10000000e-01  3.08334098e-01 
 4.18447600e-07  3.10000000e-01  3.08345413e-01 
 4.19547600e-07  3.10000000e-01  3.08356672e-01 
 4.20647600e-07  3.10000000e-01  3.08367843e-01 
 4.21747600e-07  3.10000000e-01  3.08378959e-01 
 4.22847600e-07  3.10000000e-01  3.08389987e-01 
 4.23947600e-07  3.10000000e-01  3.08400961e-01 
 4.25047600e-07  3.10000000e-01  3.08411848e-01 
 4.26147600e-07  3.10000000e-01  3.08422683e-01 
 4.27247600e-07  3.10000000e-01  3.08433431e-01 
 4.28347600e-07  3.10000000e-01  3.08444127e-01 
 4.29447600e-07  3.10000000e-01  3.08454739e-01 
 4.30547600e-07  3.10000000e-01  3.08465298e-01 
 4.31647600e-07  3.10000000e-01  3.08475774e-01 
 4.32747600e-07  3.10000000e-01  3.08486199e-01 
 4.33847600e-07  3.10000000e-01  3.08496541e-01 
 4.34947600e-07  3.10000000e-01  3.08506834e-01 
 4.36047600e-07  3.10000000e-01  3.08517043e-01 
 4.37147600e-07  3.10000000e-01  3.08527205e-01 
 4.38247600e-07  3.10000000e-01  3.08537284e-01 
 4.39347600e-07  3.10000000e-01  3.08547316e-01 
 4.40447600e-07  3.10000000e-01  3.08557266e-01 
 4.41547600e-07  3.10000000e-01  3.08567170e-01 
 4.42647600e-07  3.10000000e-01  3.08576994e-01 
 4.43747600e-07  3.10000000e-01  3.08586771e-01 
 4.44847600e-07  3.10000000e-01  3.08596469e-01 
 4.45947600e-07  3.10000000e-01  3.08606122e-01 
 4.47047600e-07  3.10000000e-01  3.08615696e-01 
 4.48147600e-07  3.10000000e-01  3.08625225e-01 
 4.49247600e-07  3.10000000e-01  3.08634677e-01 
 4.50347600e-07  3.10000000e-01  3.08644085e-01 
 4.51447600e-07  3.10000000e-01  3.08653416e-01 
 4.52547600e-07  3.10000000e-01  3.08662704e-01 
 4.53647600e-07  3.10000000e-01  3.08671916e-01 
 4.54747600e-07  3.10000000e-01  3.08681086e-01 
 4.55847600e-07  3.10000000e-01  3.08690180e-01 
 4.56947600e-07  3.10000000e-01  3.08699232e-01 
 4.58047600e-07  3.10000000e-01  3.08708210e-01 
 4.59147600e-07  3.10000000e-01  3.08717147e-01 
 4.60247600e-07  3.10000000e-01  3.08726010e-01 
 4.61347600e-07  3.10000000e-01  3.08734833e-01 
 4.62447600e-07  3.10000000e-01  3.08743583e-01 
 4.63547600e-07  3.10000000e-01  3.08752293e-01 
 4.64647600e-07  3.10000000e-01  3.08760931e-01 
 4.65747600e-07  3.10000000e-01  3.08769530e-01 
 4.66847600e-07  3.10000000e-01  3.08778058e-01 
 4.67947600e-07  3.10000000e-01  3.08786547e-01 
 4.69047600e-07  3.10000000e-01  3.08794966e-01 
 4.70147600e-07  3.10000000e-01  3.08803347e-01 
 4.71247600e-07  3.10000000e-01  3.08811658e-01 
 4.72347600e-07  3.10000000e-01  3.08819932e-01 
 4.73447600e-07  3.10000000e-01  3.08828136e-01 
 4.74547600e-07  3.10000000e-01  3.08836305e-01 
 4.75647600e-07  3.10000000e-01  3.08844404e-01 
 4.76747600e-07  3.10000000e-01  3.08852469e-01 
 4.77847600e-07  3.10000000e-01  3.08860465e-01 
 4.78947600e-07  3.10000000e-01  3.08868426e-01 
 4.80047600e-07  3.10000000e-01  3.08876319e-01 
 4.81147600e-07  3.10000000e-01  3.08884179e-01 
 4.82247600e-07  3.10000000e-01  3.08891972e-01 
 4.83347600e-07  3.10000000e-01  3.08899731e-01 
 4.84447600e-07  3.10000000e-01  3.08907424e-01 
 4.85547600e-07  3.10000000e-01  3.08915084e-01 
 4.86647600e-07  3.10000000e-01  3.08922679e-01 
 4.87747600e-07  3.10000000e-01  3.08930241e-01 
 4.88847600e-07  3.10000000e-01  3.08937739e-01 
 4.89947600e-07  3.10000000e-01  3.08945204e-01 
 4.91047600e-07  3.10000000e-01  3.08952606e-01 
 4.92147600e-07  3.10000000e-01  3.08959976e-01 
 4.93247600e-07  3.10000000e-01  3.08967283e-01 
 4.94347600e-07  3.10000000e-01  3.08974559e-01 
 4.95447600e-07  3.10000000e-01  3.08981772e-01 
 4.96547600e-07  3.10000000e-01  3.08988956e-01 
 4.97647600e-07  3.10000000e-01  3.08996077e-01 
 4.98747600e-07  3.10000000e-01  3.09003168e-01 
 4.99847600e-07  3.10000000e-01  3.09010198e-01 
 5.00947600e-07  3.10000000e-01  3.09017199e-01 
 5.02047600e-07  3.10000000e-01  3.09024139e-01 
 5.03147600e-07  3.10000000e-01  3.09031051e-01 
 5.04247600e-07  3.10000000e-01  3.09037901e-01 
 5.05347600e-07  3.10000000e-01  3.09044725e-01 
 5.06447600e-07  3.10000000e-01  3.09051488e-01 
 5.07547600e-07  3.10000000e-01  3.09058224e-01 
 5.08647600e-07  3.10000000e-01  3.09064901e-01 
 5.09747600e-07  3.10000000e-01  3.09071551e-01 
 5.10847600e-07  3.10000000e-01  3.09078142e-01 
 5.11947600e-07  3.10000000e-01  3.09084707e-01 
 5.13047600e-07  3.10000000e-01  3.09091214e-01 
 5.14147600e-07  3.10000000e-01  3.09097695e-01 
 5.15247600e-07  3.10000000e-01  3.09104118e-01 
 5.16347600e-07  3.10000000e-01  3.09110517e-01 
 5.17447600e-07  3.10000000e-01  3.09116858e-01 
 5.18547600e-07  3.10000000e-01  3.09123174e-01 
 5.19647600e-07  3.10000000e-01  3.09129434e-01 
 5.20747600e-07  3.10000000e-01  3.09135670e-01 
 5.21847600e-07  3.10000000e-01  3.09141850e-01 
 5.22947600e-07  3.10000000e-01  3.09148006e-01 
 5.24047600e-07  3.10000000e-01  3.09154107e-01 
 5.25147600e-07  3.10000000e-01  3.09160184e-01 
 5.26247600e-07  3.10000000e-01  3.09166207e-01 
 5.27347600e-07  3.10000000e-01  3.09172207e-01 
 5.28447600e-07  3.10000000e-01  3.09178152e-01 
 5.29547600e-07  3.10000000e-01  3.09184075e-01 
 5.30647600e-07  3.10000000e-01  3.09189944e-01 
 5.31747600e-07  3.10000000e-01  3.09195792e-01 
 5.32847600e-07  3.10000000e-01  3.09201585e-01 
 5.33947600e-07  3.10000000e-01  3.09207358e-01 
 5.35047600e-07  3.10000000e-01  3.09213078e-01 
 5.36147600e-07  3.10000000e-01  3.09218777e-01 
 5.37247600e-07  3.10000000e-01  3.09224423e-01 
 5.38347600e-07  3.10000000e-01  3.09230049e-01 
 5.39447600e-07  3.10000000e-01  3.09235623e-01 
 5.40547600e-07  3.10000000e-01  3.09241178e-01 
 5.41647600e-07  3.10000000e-01  3.09246680e-01 
 5.42747600e-07  3.10000000e-01  3.09252163e-01 
 5.43847600e-07  3.10000000e-01  3.09257595e-01 
 5.44947600e-07  3.10000000e-01  3.09263008e-01 
 5.46047600e-07  3.10000000e-01  3.09268370e-01 
 5.47147600e-07  3.10000000e-01  3.09273715e-01 
 5.48247600e-07  3.10000000e-01  3.09279008e-01 
 5.49347600e-07  3.10000000e-01  3.09284284e-01 
 5.50447600e-07  3.10000000e-01  3.09289509e-01 
 5.51547600e-07  3.10000000e-01  3.09294718e-01 
 5.52647600e-07  3.10000000e-01  3.09299876e-01 
 5.53747600e-07  3.10000000e-01  3.09305018e-01 
 5.54847600e-07  3.10000000e-01  3.09310111e-01 
 5.55947600e-07  3.10000000e-01  3.09315187e-01 
 5.57047600e-07  3.10000000e-01  3.09320214e-01 
 5.58147600e-07  3.10000000e-01  3.09325225e-01 
 5.59247600e-07  3.10000000e-01  3.09330188e-01 
 5.60347600e-07  3.10000000e-01  3.09335135e-01 
 5.61447600e-07  3.10000000e-01  3.09340034e-01 
 5.62547600e-07  3.10000000e-01  3.09344918e-01 
 5.63647600e-07  3.10000000e-01  3.09349754e-01 
 5.64747600e-07  3.10000000e-01  3.09354575e-01 
 5.65847600e-07  3.10000000e-01  3.09359349e-01 
 5.66947600e-07  3.10000000e-01  3.09364109e-01 
 5.68047600e-07  3.10000000e-01  3.09368822e-01 
 5.69147600e-07  3.10000000e-01  3.09373521e-01 
 5.70247600e-07  3.10000000e-01  3.09378173e-01 
 5.71347600e-07  3.10000000e-01  3.09382812e-01 
 5.72447600e-07  3.10000000e-01  3.09387405e-01 
 5.73547600e-07  3.10000000e-01  3.09391985e-01 
 5.74647600e-07  3.10000000e-01  3.09396518e-01 
 5.75747600e-07  3.10000000e-01  3.09401039e-01 
 5.76847600e-07  3.10000000e-01  3.09405515e-01 
 5.77947600e-07  3.10000000e-01  3.09409978e-01 
 5.79047600e-07  3.10000000e-01  3.09414396e-01 
 5.80147600e-07  3.10000000e-01  3.09418803e-01 
 5.81247600e-07  3.10000000e-01  3.09423164e-01 
 5.82347600e-07  3.10000000e-01  3.09427514e-01 
 5.83447600e-07  3.10000000e-01  3.09431819e-01 
 5.84547600e-07  3.10000000e-01  3.09436114e-01 
 5.85647600e-07  3.10000000e-01  3.09440364e-01 
 5.86747600e-07  3.10000000e-01  3.09444603e-01 
 5.87847600e-07  3.10000000e-01  3.09448799e-01 
 5.88947600e-07  3.10000000e-01  3.09452984e-01 
 5.90047600e-07  3.10000000e-01  3.09457126e-01 
 5.91147600e-07  3.10000000e-01  3.09461257e-01 
 5.92247600e-07  3.10000000e-01  3.09465346e-01 
 5.93347600e-07  3.10000000e-01  3.09469425e-01 
 5.94447600e-07  3.10000000e-01  3.09473461e-01 
 5.95547600e-07  3.10000000e-01  3.09477488e-01 
 5.96647600e-07  3.10000000e-01  3.09481472e-01 
 5.97747600e-07  3.10000000e-01  3.09485447e-01 
 5.98847600e-07  3.10000000e-01  3.09489381e-01 
 5.99947600e-07  3.10000000e-01  3.09493305e-01 
 6.01047600e-07  3.10000000e-01  3.09497188e-01 
 6.02147600e-07  3.10000000e-01  3.09501062e-01 
 6.03247600e-07  3.10000000e-01  3.09504895e-01 
 6.04347600e-07  3.10000000e-01  3.09508719e-01 
 6.05447600e-07  3.10000000e-01  3.09512503e-01 
 6.06547600e-07  3.10000000e-01  3.09516279e-01 
 6.07647600e-07  3.10000000e-01  3.09520014e-01 
 6.08747600e-07  3.10000000e-01  3.09523741e-01 
 6.09847600e-07  3.10000000e-01  3.09527428e-01 
 6.10947600e-07  3.10000000e-01  3.09531108e-01 
 6.12047600e-07  3.10000000e-01  3.09534748e-01 
 6.13147600e-07  3.10000000e-01  3.09538380e-01 
 6.14247600e-07  3.10000000e-01  3.09541973e-01 
 6.15347600e-07  3.10000000e-01  3.09545560e-01 
 6.16447600e-07  3.10000000e-01  3.09549106e-01 
 6.17547600e-07  3.10000000e-01  3.09552647e-01 
 6.18647600e-07  3.10000000e-01  3.09556148e-01 
 6.19747600e-07  3.10000000e-01  3.09559643e-01 
 6.20847600e-07  3.10000000e-01  3.09563100e-01 
 6.21947600e-07  3.10000000e-01  3.09566550e-01 
 6.23047600e-07  3.10000000e-01  3.09569962e-01 
 6.24147600e-07  3.10000000e-01  3.09573368e-01 
 6.25247600e-07  3.10000000e-01  3.09576736e-01 
 6.26347600e-07  3.10000000e-01  3.09580099e-01 
 6.27447600e-07  3.10000000e-01  3.09583424e-01 
 6.28547600e-07  3.10000000e-01  3.09586744e-01 
 6.29647600e-07  3.10000000e-01  3.09590026e-01 
 6.30747600e-07  3.10000000e-01  3.09593303e-01 
 6.31847600e-07  3.10000000e-01  3.09596543e-01 
 6.32947600e-07  3.10000000e-01  3.09599778e-01 
 6.34047600e-07  3.10000000e-01  3.09602977e-01 
 6.35147600e-07  3.10000000e-01  3.09606171e-01 
 6.36247600e-07  3.10000000e-01  3.09609328e-01 
 6.37347600e-07  3.10000000e-01  3.09612481e-01 
 6.38447600e-07  3.10000000e-01  3.09615598e-01 
 6.39547600e-07  3.10000000e-01  3.09618711e-01 
 6.40647600e-07  3.10000000e-01  3.09621787e-01 
 6.41747600e-07  3.10000000e-01  3.09624860e-01 
 6.42847600e-07  3.10000000e-01  3.09627897e-01 
 6.43947600e-07  3.10000000e-01  3.09630931e-01 
 6.45047600e-07  3.10000000e-01  3.09633929e-01 
 6.46147600e-07  3.10000000e-01  3.09636924e-01 
 6.47247600e-07  3.10000000e-01  3.09639883e-01 
 6.48347600e-07  3.10000000e-01  3.09642840e-01 
 6.49447600e-07  3.10000000e-01  3.09645762e-01 
 6.50547600e-07  3.10000000e-01  3.09648680e-01 
 6.51647600e-07  3.10000000e-01  3.09651564e-01 
 6.52747600e-07  3.10000000e-01  3.09654446e-01 
 6.53847600e-07  3.10000000e-01  3.09657293e-01 
 6.54947600e-07  3.10000000e-01  3.09660137e-01 
 6.56047600e-07  3.10000000e-01  3.09662948e-01 
 6.57147600e-07  3.10000000e-01  3.09665756e-01 
 6.58247600e-07  3.10000000e-01  3.09668530e-01 
 6.59347600e-07  3.10000000e-01  3.09671302e-01 
 6.60447600e-07  3.10000000e-01  3.09674041e-01 
 6.61547600e-07  3.10000000e-01  3.09676778e-01 
 6.62647600e-07  3.10000000e-01  3.09679481e-01 
 6.63747600e-07  3.10000000e-01  3.09682183e-01 
 6.64847600e-07  3.10000000e-01  3.09684851e-01 
 6.65947600e-07  3.10000000e-01  3.09687519e-01 
 6.67047600e-07  3.10000000e-01  3.09690153e-01 
 6.68147600e-07  3.10000000e-01  3.09692786e-01 
 6.69247600e-07  3.10000000e-01  3.09695386e-01 
 6.70347600e-07  3.10000000e-01  3.09697986e-01 
 6.71447600e-07  3.10000000e-01  3.09700553e-01 
 6.72547600e-07  3.10000000e-01  3.09703119e-01 
 6.73647600e-07  3.10000000e-01  3.09705653e-01 
 6.74747600e-07  3.10000000e-01  3.09708187e-01 
 6.75847600e-07  3.10000000e-01  3.09710688e-01 
 6.76947600e-07  3.10000000e-01  3.09713189e-01 
 6.78047600e-07  3.10000000e-01  3.09715658e-01 
 6.79147600e-07  3.10000000e-01  3.09718127e-01 
 6.80247600e-07  3.10000000e-01  3.09720565e-01 
 6.81347600e-07  3.10000000e-01  3.09723002e-01 
 6.82447600e-07  3.10000000e-01  3.09725408e-01 
 6.83547600e-07  3.10000000e-01  3.09727815e-01 
 6.84647600e-07  3.10000000e-01  3.09730190e-01 
 6.85747600e-07  3.10000000e-01  3.09732565e-01 
 6.86847600e-07  3.10000000e-01  3.09734910e-01 
 6.87947600e-07  3.10000000e-01  3.09737255e-01 
 6.89047600e-07  3.10000000e-01  3.09739569e-01 
 6.90147600e-07  3.10000000e-01  3.09741885e-01 
 6.91247600e-07  3.10000000e-01  3.09744169e-01 
 6.92347600e-07  3.10000000e-01  3.09746455e-01 
 6.93447600e-07  3.10000000e-01  3.09748710e-01 
 6.94547600e-07  3.10000000e-01  3.09750967e-01 
 6.95647600e-07  3.10000000e-01  3.09753192e-01 
 6.96747600e-07  3.10000000e-01  3.09755420e-01 
 6.97847600e-07  3.10000000e-01  3.09757618e-01 
 6.98947600e-07  3.10000000e-01  3.09759817e-01 
 7.00047600e-07  3.10000000e-01  3.09761986e-01 
 7.01147600e-07  3.10000000e-01  3.09764157e-01 
 7.02247600e-07  3.10000000e-01  3.09766298e-01 
 7.03347600e-07  3.10000000e-01  3.09768442e-01 
 7.04447600e-07  3.10000000e-01  3.09770555e-01 
 7.05547600e-07  3.10000000e-01  3.09772671e-01 
 7.06647600e-07  3.10000000e-01  3.09774758e-01 
 7.07747600e-07  3.10000000e-01  3.09776847e-01 
 7.08847600e-07  3.10000000e-01  3.09778906e-01 
 7.09947600e-07  3.10000000e-01  3.09780968e-01 
 7.11047600e-07  3.10000000e-01  3.09783001e-01 
 7.12147600e-07  3.10000000e-01  3.09785037e-01 
 7.13247600e-07  3.10000000e-01  3.09787044e-01 
 7.14347600e-07  3.10000000e-01  3.09789054e-01 
 7.15447600e-07  3.10000000e-01  3.09791035e-01 
 7.16547600e-07  3.10000000e-01  3.09793019e-01 
 7.17647600e-07  3.10000000e-01  3.09794975e-01 
 7.18747600e-07  3.10000000e-01  3.09796934e-01 
 7.19847600e-07  3.10000000e-01  3.09798864e-01 
 7.20947600e-07  3.10000000e-01  3.09800798e-01 
 7.22047600e-07  3.10000000e-01  3.09802703e-01 
 7.23147600e-07  3.10000000e-01  3.09804612e-01 
 7.24247600e-07  3.10000000e-01  3.09806493e-01 
 7.25347600e-07  3.10000000e-01  3.09808378e-01 
 7.26447600e-07  3.10000000e-01  3.09810234e-01 
 7.27547600e-07  3.10000000e-01  3.09812095e-01 
 7.28647600e-07  3.10000000e-01  3.09813928e-01 
 7.29747600e-07  3.10000000e-01  3.09815765e-01 
 7.30847600e-07  3.10000000e-01  3.09817574e-01 
 7.31947600e-07  3.10000000e-01  3.09819387e-01 
 7.33047600e-07  3.10000000e-01  3.09821173e-01 
 7.34147600e-07  3.10000000e-01  3.09822963e-01 
 7.35247600e-07  3.10000000e-01  3.09824726e-01 
 7.36347600e-07  3.10000000e-01  3.09826494e-01 
 7.37447600e-07  3.10000000e-01  3.09828233e-01 
 7.38547600e-07  3.10000000e-01  3.09829978e-01 
 7.39647600e-07  3.10000000e-01  3.09831696e-01 
 7.40747600e-07  3.10000000e-01  3.09833419e-01 
 7.41847600e-07  3.10000000e-01  3.09835114e-01 
 7.42947600e-07  3.10000000e-01  3.09836815e-01 
 7.44047600e-07  3.10000000e-01  3.09838488e-01 
 7.45147600e-07  3.10000000e-01  3.09840167e-01 
 7.46247600e-07  3.10000000e-01  3.09841819e-01 
 7.47347600e-07  3.10000000e-01  3.09843477e-01 
 7.48447600e-07  3.10000000e-01  3.09845107e-01 
 7.49547600e-07  3.10000000e-01  3.09846744e-01 
 7.50647600e-07  3.10000000e-01  3.09848353e-01 
 7.51747600e-07  3.10000000e-01  3.09849969e-01 
 7.52847600e-07  3.10000000e-01  3.09851557e-01 
 7.53947600e-07  3.10000000e-01  3.09853152e-01 
 7.55047600e-07  3.10000000e-01  3.09854721e-01 
 7.56147600e-07  3.10000000e-01  3.09856295e-01 
 7.57247600e-07  3.10000000e-01  3.09857843e-01 
 7.58347600e-07  3.10000000e-01  3.09859398e-01 
 7.59447600e-07  3.10000000e-01  3.09860926e-01 
 7.60547600e-07  3.10000000e-01  3.09862460e-01 
 7.61647600e-07  3.10000000e-01  3.09863969e-01 
 7.62747600e-07  3.10000000e-01  3.09865484e-01 
 7.63847600e-07  3.10000000e-01  3.09866973e-01 
 7.64947600e-07  3.10000000e-01  3.09868468e-01 
 7.66047600e-07  3.10000000e-01  3.09869938e-01 
 7.67147600e-07  3.10000000e-01  3.09871415e-01 
 7.68247600e-07  3.10000000e-01  3.09872866e-01 
 7.69347600e-07  3.10000000e-01  3.09874323e-01 
 7.70447600e-07  3.10000000e-01  3.09875755e-01 
 7.71547600e-07  3.10000000e-01  3.09877194e-01 
 7.72647600e-07  3.10000000e-01  3.09878608e-01 
 7.73747600e-07  3.10000000e-01  3.09880029e-01 
 7.74847600e-07  3.10000000e-01  3.09881424e-01 
 7.75947600e-07  3.10000000e-01  3.09882827e-01 
 7.77047600e-07  3.10000000e-01  3.09884204e-01 
 7.78147600e-07  3.10000000e-01  3.09885589e-01 
 7.79247600e-07  3.10000000e-01  3.09886948e-01 
 7.80347600e-07  3.10000000e-01  3.09888315e-01 
 7.81447600e-07  3.10000000e-01  3.09889657e-01 
 7.82547600e-07  3.10000000e-01  3.09891007e-01 
 7.83647600e-07  3.10000000e-01  3.09892332e-01 
 7.84747600e-07  3.10000000e-01  3.09893664e-01 
 7.85847600e-07  3.10000000e-01  3.09894972e-01 
 7.86947600e-07  3.10000000e-01  3.09896287e-01 
 7.88047600e-07  3.10000000e-01  3.09897578e-01 
 7.89147600e-07  3.10000000e-01  3.09898876e-01 
 7.90247600e-07  3.10000000e-01  3.09900150e-01 
 7.91347600e-07  3.10000000e-01  3.09901432e-01 
 7.92447600e-07  3.10000000e-01  3.09902690e-01 
 7.93547600e-07  3.10000000e-01  3.09903956e-01 
 7.94647600e-07  3.10000000e-01  3.09905197e-01 
 7.95747600e-07  3.10000000e-01  3.09906447e-01 
 7.96847600e-07  3.10000000e-01  3.09907672e-01 
 7.97947600e-07  3.10000000e-01  3.09908906e-01 
 7.99047600e-07  3.10000000e-01  3.09910115e-01 
 8.00147600e-07  3.10000000e-01  3.09911333e-01 
 8.01247600e-07  3.10000000e-01  3.09912527e-01 
 8.02347600e-07  3.10000000e-01  3.09913729e-01 
 8.03447600e-07  3.10000000e-01  3.09914908e-01 
 8.04547600e-07  3.10000000e-01  3.09916095e-01 
 8.05647600e-07  3.10000000e-01  3.09917258e-01 
 8.06747600e-07  3.10000000e-01  3.09918430e-01 
 8.07847600e-07  3.10000000e-01  3.09919578e-01 
 8.08947600e-07  3.10000000e-01  3.09920735e-01 
 8.10047600e-07  3.10000000e-01  3.09921868e-01 
 8.11147600e-07  3.10000000e-01  3.09923010e-01 
 8.12247600e-07  3.10000000e-01  3.09924129e-01 
 8.13347600e-07  3.10000000e-01  3.09925257e-01 
 8.14447600e-07  3.10000000e-01  3.09926361e-01 
 8.15547600e-07  3.10000000e-01  3.09927474e-01 
 8.16647600e-07  3.10000000e-01  3.09928564e-01 
 8.17747600e-07  3.10000000e-01  3.09929663e-01 
 8.18847600e-07  3.10000000e-01  3.09930739e-01 
 8.19947600e-07  3.10000000e-01  3.09931824e-01 
 8.21047600e-07  3.10000000e-01  3.09932886e-01 
 8.22147600e-07  3.10000000e-01  3.09933958e-01 
 8.23247600e-07  3.10000000e-01  3.09935006e-01 
 8.24347600e-07  3.10000000e-01  3.09936063e-01 
 8.25447600e-07  3.10000000e-01  3.09937098e-01 
 8.26547600e-07  3.10000000e-01  3.09938142e-01 
 8.27647600e-07  3.10000000e-01  3.09939164e-01 
 8.28747600e-07  3.10000000e-01  3.09940194e-01 
 8.29847600e-07  3.10000000e-01  3.09941202e-01 
 8.30947600e-07  3.10000000e-01  3.09942220e-01 
 8.32047600e-07  3.10000000e-01  3.09943215e-01 
 8.33147600e-07  3.10000000e-01  3.09944220e-01 
 8.34247600e-07  3.10000000e-01  3.09945202e-01 
 8.35347600e-07  3.10000000e-01  3.09946194e-01 
 8.36447600e-07  3.10000000e-01  3.09947164e-01 
 8.37547600e-07  3.10000000e-01  3.09948143e-01 
 8.38647600e-07  3.10000000e-01  3.09949100e-01 
 8.39747600e-07  3.10000000e-01  3.09950067e-01 
 8.40847600e-07  3.10000000e-01  3.09951011e-01 
 8.41947600e-07  3.10000000e-01  3.09951966e-01 
 8.43047600e-07  3.10000000e-01  3.09952898e-01 
 8.44147600e-07  3.10000000e-01  3.09953840e-01 
 8.45247600e-07  3.10000000e-01  3.09954761e-01 
 8.46347600e-07  3.10000000e-01  3.09955691e-01 
 8.47447600e-07  3.10000000e-01  3.09956599e-01 
 8.48547600e-07  3.10000000e-01  3.09957518e-01 
 8.49647600e-07  3.10000000e-01  3.09958414e-01 
 8.50747600e-07  3.10000000e-01  3.09959321e-01 
 8.51847600e-07  3.10000000e-01  3.09960206e-01 
 8.52947600e-07  3.10000000e-01  3.09961102e-01 
 8.54047600e-07  3.10000000e-01  3.09961975e-01 
 8.55147600e-07  3.10000000e-01  3.09962859e-01 
 8.56247600e-07  3.10000000e-01  3.09963721e-01 
 8.57347600e-07  3.10000000e-01  3.09964594e-01 
 8.58447600e-07  3.10000000e-01  3.09965445e-01 
 8.59547600e-07  3.10000000e-01  3.09966306e-01 
 8.60647600e-07  3.10000000e-01  3.09967147e-01 
 8.61747600e-07  3.10000000e-01  3.09967997e-01 
 8.62847600e-07  3.10000000e-01  3.09968826e-01 
 8.63947600e-07  3.10000000e-01  3.09969666e-01 
 8.65047600e-07  3.10000000e-01  3.09970484e-01 
 8.66147600e-07  3.10000000e-01  3.09971313e-01 
 8.67247600e-07  3.10000000e-01  3.09972121e-01 
 8.68347600e-07  3.10000000e-01  3.09972940e-01 
 8.69447600e-07  3.10000000e-01  3.09973737e-01 
 8.70547600e-07  3.10000000e-01  3.09974545e-01 
 8.71647600e-07  3.10000000e-01  3.09975332e-01 
 8.72747600e-07  3.10000000e-01  3.09976130e-01 
 8.73847600e-07  3.10000000e-01  3.09976907e-01 
 8.74947600e-07  3.10000000e-01  3.09977695e-01 
 8.76047600e-07  3.10000000e-01  3.09978461e-01 
 8.77147600e-07  3.10000000e-01  3.09979239e-01 
 8.78247600e-07  3.10000000e-01  3.09979996e-01 
 8.79347600e-07  3.10000000e-01  3.09980764e-01 
 8.80447600e-07  3.10000000e-01  3.09981511e-01 
 8.81547600e-07  3.10000000e-01  3.09982269e-01 
 8.82647600e-07  3.10000000e-01  3.09983006e-01 
 8.83747600e-07  3.10000000e-01  3.09983754e-01 
 8.84847600e-07  3.10000000e-01  3.09984482e-01 
 8.85947600e-07  3.10000000e-01  3.09985221e-01 
 8.87047600e-07  3.10000000e-01  3.09985939e-01 
 8.88147600e-07  3.10000000e-01  3.09986669e-01 
 8.89247600e-07  3.10000000e-01  3.09987378e-01 
 8.90347600e-07  3.10000000e-01  3.09988098e-01 
 8.91447600e-07  3.10000000e-01  3.09988798e-01 
 8.92547600e-07  3.10000000e-01  3.09989509e-01 
 8.93647600e-07  3.10000000e-01  3.09990200e-01 
 8.94747600e-07  3.10000000e-01  3.09990902e-01 
 8.95847600e-07  3.10000000e-01  3.09991583e-01 
 8.96947600e-07  3.10000000e-01  3.09992277e-01 
 8.98047600e-07  3.10000000e-01  3.09992949e-01 
 8.99147600e-07  3.10000000e-01  3.09993634e-01 
 9.00247600e-07  3.10000000e-01  3.09994298e-01 
 9.01347600e-07  3.10000000e-01  3.09994974e-01 
 9.02447600e-07  3.10000000e-01  3.09995629e-01 
 9.03547600e-07  3.10000000e-01  3.09996296e-01 
 9.04647600e-07  3.10000000e-01  3.09996943e-01 
 9.05747600e-07  3.10000000e-01  3.09997602e-01 
 9.06847600e-07  3.10000000e-01  3.09998240e-01 
 9.07947600e-07  3.10000000e-01  3.09998891e-01 
 9.09047600e-07  3.10000000e-01  3.09999521e-01 
 9.10147600e-07  3.10000000e-01  3.10000163e-01 
 9.11247600e-07  3.10000000e-01  3.10000785e-01 
 9.12347600e-07  3.10000000e-01  3.10001419e-01 
 9.13447600e-07  3.10000000e-01  3.10002033e-01 
 9.14547600e-07  3.10000000e-01  3.10002659e-01 
 9.15647600e-07  3.10000000e-01  3.10003265e-01 
 9.16747600e-07  3.10000000e-01  3.10003883e-01 
 9.17847600e-07  3.10000000e-01  3.10004481e-01 
 9.18947600e-07  3.10000000e-01  3.10005091e-01 
 9.20047600e-07  3.10000000e-01  3.10005681e-01 
 9.21147600e-07  3.10000000e-01  3.10006284e-01 
 9.22247600e-07  3.10000000e-01  3.10006866e-01 
 9.23347600e-07  3.10000000e-01  3.10007461e-01 
 9.24447600e-07  3.10000000e-01  3.10008036e-01 
 9.25547600e-07  3.10000000e-01  3.10008623e-01 
 9.26647600e-07  3.10000000e-01  3.10009191e-01 
 9.27747600e-07  3.10000000e-01  3.10009771e-01 
 9.28847600e-07  3.10000000e-01  3.10010331e-01 
 9.29947600e-07  3.10000000e-01  3.10010903e-01 
 9.31047600e-07  3.10000000e-01  3.10011456e-01 
 9.32147600e-07  3.10000000e-01  3.10012021e-01 
 9.33247600e-07  3.10000000e-01  3.10012567e-01 
 9.34347600e-07  3.10000000e-01  3.10013125e-01 
 9.35447600e-07  3.10000000e-01  3.10013664e-01 
 9.36547600e-07  3.10000000e-01  3.10014215e-01 
 9.37647600e-07  3.10000000e-01  3.10014746e-01 
 9.38747600e-07  3.10000000e-01  3.10015290e-01 
 9.39847600e-07  3.10000000e-01  3.10015815e-01 
 9.40947600e-07  3.10000000e-01  3.10016352e-01 
 9.42047600e-07  3.10000000e-01  3.10016870e-01 
 9.43147600e-07  3.10000000e-01  3.10017400e-01 
 9.44247600e-07  3.10000000e-01  3.10017911e-01 
 9.45347600e-07  3.10000000e-01  3.10018435e-01 
 9.46447600e-07  3.10000000e-01  3.10018939e-01 
 9.47547600e-07  3.10000000e-01  3.10019456e-01 
 9.48647600e-07  3.10000000e-01  3.10019954e-01 
 9.49747600e-07  3.10000000e-01  3.10020464e-01 
 9.50847600e-07  3.10000000e-01  3.10020956e-01 
 9.51947600e-07  3.10000000e-01  3.10021460e-01 
 9.53047600e-07  3.10000000e-01  3.10021945e-01 
 9.54147600e-07  3.10000000e-01  3.10022442e-01 
 9.55247600e-07  3.10000000e-01  3.10022921e-01 
 9.56347600e-07  3.10000000e-01  3.10023412e-01 
 9.57447600e-07  3.10000000e-01  3.10023885e-01 
 9.58547600e-07  3.10000000e-01  3.10024370e-01 
 9.59647600e-07  3.10000000e-01  3.10024836e-01 
 9.60747600e-07  3.10000000e-01  3.10025315e-01 
 9.61847600e-07  3.10000000e-01  3.10025775e-01 
 9.62947600e-07  3.10000000e-01  3.10026248e-01 
 9.64047600e-07  3.10000000e-01  3.10026702e-01 
 9.65147600e-07  3.10000000e-01  3.10027169e-01 
 9.66247600e-07  3.10000000e-01  3.10027617e-01 
 9.67347600e-07  3.10000000e-01  3.10028078e-01 
 9.68447600e-07  3.10000000e-01  3.10028521e-01 
 9.69547600e-07  3.10000000e-01  3.10028976e-01 
 9.70647600e-07  3.10000000e-01  3.10029412e-01 
 9.71747600e-07  3.10000000e-01  3.10029862e-01 
 9.72847600e-07  3.10000000e-01  3.10030293e-01 
 9.73947600e-07  3.10000000e-01  3.10030736e-01 
 9.75047600e-07  3.10000000e-01  3.10031162e-01 
 9.76147600e-07  3.10000000e-01  3.10031600e-01 
 9.77247600e-07  3.10000000e-01  3.10032020e-01 
 9.78347600e-07  3.10000000e-01  3.10032452e-01 
 9.79447600e-07  3.10000000e-01  3.10032866e-01 
 9.80547600e-07  3.10000000e-01  3.10033294e-01 
 9.81647600e-07  3.10000000e-01  3.10033702e-01 
 9.82747600e-07  3.10000000e-01  3.10034124e-01 
 9.83847600e-07  3.10000000e-01  3.10034528e-01 
 9.84947600e-07  3.10000000e-01  3.10034944e-01 
 9.86047600e-07  3.10000000e-01  3.10035342e-01 
 9.87147600e-07  3.10000000e-01  3.10035754e-01 
 9.88247600e-07  3.10000000e-01  3.10036147e-01 
 9.89347600e-07  3.10000000e-01  3.10036553e-01 
 9.90447600e-07  3.10000000e-01  3.10036940e-01 
 9.91547600e-07  3.10000000e-01  3.10037341e-01 
 9.92647600e-07  3.10000000e-01  3.10037724e-01 
 9.93747600e-07  3.10000000e-01  3.10038120e-01 
 9.94847600e-07  3.10000000e-01  3.10038498e-01 
 9.95947600e-07  3.10000000e-01  3.10038889e-01 
 9.97047600e-07  3.10000000e-01  3.10039261e-01 
 9.98147600e-07  3.10000000e-01  3.10039647e-01 
 9.99247600e-07  3.10000000e-01  3.10040015e-01 
 1.00034760e-06  3.10000000e-01  3.10040396e-01 
 1.00144760e-06  3.10000000e-01  3.10040759e-01 
 1.00254760e-06  3.10000000e-01  3.10041136e-01 
 1.00364760e-06  3.10000000e-01  3.10041494e-01 
 1.00474760e-06  3.10000000e-01  3.10041866e-01 
 1.00584760e-06  3.10000000e-01  3.10042219e-01 
 1.00694760e-06  3.10000000e-01  3.10042586e-01 
 1.00804760e-06  3.10000000e-01  3.10042935e-01 
 1.00914760e-06  3.10000000e-01  3.10043297e-01 
 1.01024760e-06  3.10000000e-01  3.10043642e-01 
 1.01134760e-06  3.10000000e-01  3.10044000e-01 
 1.01244760e-06  3.10000000e-01  3.10044340e-01 
 1.01354760e-06  3.10000000e-01  3.10044693e-01 
 1.01464760e-06  3.10000000e-01  3.10045028e-01 
 1.01574760e-06  3.10000000e-01  3.10045377e-01 
 1.01684760e-06  3.10000000e-01  3.10045708e-01 
 1.01794760e-06  3.10000000e-01  3.10046052e-01 
 1.01904760e-06  3.10000000e-01  3.10046379e-01 
 1.02014760e-06  3.10000000e-01  3.10046719e-01 
 1.02124760e-06  3.10000000e-01  3.10047042e-01 
 1.02234760e-06  3.10000000e-01  3.10047377e-01 
 1.02344760e-06  3.10000000e-01  3.10047696e-01 
 1.02454760e-06  3.10000000e-01  3.10048027e-01 
 1.02564760e-06  3.10000000e-01  3.10048341e-01 
 1.02674760e-06  3.10000000e-01  3.10048669e-01 
 1.02784760e-06  3.10000000e-01  3.10048978e-01 
 1.02894760e-06  3.10000000e-01  3.10049302e-01 
 1.03004760e-06  3.10000000e-01  3.10049608e-01 
 1.03114760e-06  3.10000000e-01  3.10049927e-01 
 1.03224760e-06  3.10000000e-01  3.10050229e-01 
 1.03334760e-06  3.10000000e-01  3.10050544e-01 
 1.03444760e-06  3.10000000e-01  3.10050842e-01 
 1.03554760e-06  3.10000000e-01  3.10051153e-01 
 1.03664760e-06  3.10000000e-01  3.10051447e-01 
 1.03774760e-06  3.10000000e-01  3.10051754e-01 
 1.03884760e-06  3.10000000e-01  3.10052044e-01 
 1.03994760e-06  3.10000000e-01  3.10052348e-01 
 1.04104760e-06  3.10000000e-01  3.10052634e-01 
 1.04214760e-06  3.10000000e-01  3.10052934e-01 
 1.04324760e-06  3.10000000e-01  3.10053216e-01 
 1.04434760e-06  3.10000000e-01  3.10053512e-01 
 1.04544760e-06  3.10000000e-01  3.10053791e-01 
 1.04654760e-06  3.10000000e-01  3.10054083e-01 
 1.04764760e-06  3.10000000e-01  3.10054358e-01 
 1.04874760e-06  3.10000000e-01  3.10054647e-01 
 1.04984760e-06  3.10000000e-01  3.10054918e-01 
 1.05094760e-06  3.10000000e-01  3.10055203e-01 
 1.05204760e-06  3.10000000e-01  3.10055471e-01 
 1.05314760e-06  3.10000000e-01  3.10055752e-01 
 1.05424760e-06  3.10000000e-01  3.10056017e-01 
 1.05534760e-06  3.10000000e-01  3.10056295e-01 
 1.05644760e-06  3.10000000e-01  3.10056555e-01 
 1.05754760e-06  3.10000000e-01  3.10056830e-01 
 1.05864760e-06  3.10000000e-01  3.10057087e-01 
 1.05974760e-06  3.10000000e-01  3.10057358e-01 
 1.06084760e-06  3.10000000e-01  3.10057612e-01 
 1.06194760e-06  3.10000000e-01  3.10057880e-01 
 1.06304760e-06  3.10000000e-01  3.10058130e-01 
 1.06414760e-06  3.10000000e-01  3.10058395e-01 
 1.06524760e-06  3.10000000e-01  3.10058642e-01 
 1.06634760e-06  3.10000000e-01  3.10058903e-01 
 1.06744760e-06  3.10000000e-01  3.10059147e-01 
 1.06854760e-06  3.10000000e-01  3.10059405e-01 
 1.06964760e-06  3.10000000e-01  3.10059645e-01 
 1.07074760e-06  3.10000000e-01  3.10059900e-01 
 1.07184760e-06  3.10000000e-01  3.10060138e-01 
 1.07294760e-06  3.10000000e-01  3.10060389e-01 
 1.07404760e-06  3.10000000e-01  3.10060623e-01 
 1.07514760e-06  3.10000000e-01  3.10060872e-01 
 1.07624760e-06  3.10000000e-01  3.10061103e-01 
 1.07734760e-06  3.10000000e-01  3.10061348e-01 
 1.07844760e-06  3.10000000e-01  3.10061576e-01 
 1.07954760e-06  3.10000000e-01  3.10061819e-01 
 1.08064760e-06  3.10000000e-01  3.10062044e-01 
 1.08174760e-06  3.10000000e-01  3.10062283e-01 
 1.08284760e-06  3.10000000e-01  3.10062505e-01 
 1.08394760e-06  3.10000000e-01  3.10062741e-01 
 1.08504760e-06  3.10000000e-01  3.10062960e-01 
 1.08614760e-06  3.10000000e-01  3.10063194e-01 
 1.08724760e-06  3.10000000e-01  3.10063410e-01 
 1.08834760e-06  3.10000000e-01  3.10063640e-01 
 1.08944760e-06  3.10000000e-01  3.10063854e-01 
 1.09054760e-06  3.10000000e-01  3.10064081e-01 
 1.09164760e-06  3.10000000e-01  3.10064292e-01 
 1.09274760e-06  3.10000000e-01  3.10064517e-01 
 1.09384760e-06  3.10000000e-01  3.10064724e-01 
 1.09494760e-06  3.10000000e-01  3.10064946e-01 
 1.09604760e-06  3.10000000e-01  3.10065151e-01 
 1.09714760e-06  3.10000000e-01  3.10065370e-01 
 1.09824760e-06  3.10000000e-01  3.10065573e-01 
 1.09934760e-06  3.10000000e-01  3.10065789e-01 
 1.10000000e-06  3.10000000e-01  3.10065904e-01 
