 time            v(inp)          v(out)         
 0.00000000e+00  3.00000000e-01  3.02952721e-01 
 1.10000000e-11  3.00000000e-01  3.02952721e-01 
 2.20000000e-11  3.00000000e-01  3.02952721e-01 
 4.40000000e-11  3.00000000e-01  3.02952721e-01 
 8.80000000e-11  3.00000000e-01  3.02952721e-01 
 1.76000000e-10  3.00000000e-01  3.02952721e-01 
 3.52000000e-10  3.00000000e-01  3.02952721e-01 
 7.04000000e-10  3.00000000e-01  3.02952721e-01 
 1.40800000e-09  3.00000000e-01  3.02952721e-01 
 2.50800000e-09  3.00000000e-01  3.02952721e-01 
 3.60800000e-09  3.00000000e-01  3.02952721e-01 
 4.70800000e-09  3.00000000e-01  3.02952721e-01 
 5.80800000e-09  3.00000000e-01  3.02952721e-01 
 6.90800000e-09  3.00000000e-01  3.02952721e-01 
 8.00800000e-09  3.00000000e-01  3.02952721e-01 
 9.10800000e-09  3.00000000e-01  3.02952721e-01 
 1.02080000e-08  3.00000000e-01  3.02952721e-01 
 1.13080000e-08  3.00000000e-01  3.02952721e-01 
 1.24080000e-08  3.00000000e-01  3.02952721e-01 
 1.35080000e-08  3.00000000e-01  3.02952721e-01 
 1.46080000e-08  3.00000000e-01  3.02952721e-01 
 1.57080000e-08  3.00000000e-01  3.02952721e-01 
 1.68080000e-08  3.00000000e-01  3.02952721e-01 
 1.79080000e-08  3.00000000e-01  3.02952721e-01 
 1.90080000e-08  3.00000000e-01  3.02952721e-01 
 2.01080000e-08  3.00000000e-01  3.02952721e-01 
 2.12080000e-08  3.00000000e-01  3.02952721e-01 
 2.23080000e-08  3.00000000e-01  3.02952721e-01 
 2.34080000e-08  3.00000000e-01  3.02952721e-01 
 2.45080000e-08  3.00000000e-01  3.02952721e-01 
 2.56080000e-08  3.00000000e-01  3.02952721e-01 
 2.67080000e-08  3.00000000e-01  3.02952721e-01 
 2.78080000e-08  3.00000000e-01  3.02952721e-01 
 2.89080000e-08  3.00000000e-01  3.02952721e-01 
 3.00080000e-08  3.00000000e-01  3.02952721e-01 
 3.11080000e-08  3.00000000e-01  3.02952721e-01 
 3.22080000e-08  3.00000000e-01  3.02952721e-01 
 3.33080000e-08  3.00000000e-01  3.02952721e-01 
 3.44080000e-08  3.00000000e-01  3.02952721e-01 
 3.55080000e-08  3.00000000e-01  3.02952721e-01 
 3.66080000e-08  3.00000000e-01  3.02952721e-01 
 3.77080000e-08  3.00000000e-01  3.02952721e-01 
 3.88080000e-08  3.00000000e-01  3.02952721e-01 
 3.99080000e-08  3.00000000e-01  3.02952721e-01 
 4.10080000e-08  3.00000000e-01  3.02952721e-01 
 4.21080000e-08  3.00000000e-01  3.02952721e-01 
 4.32080000e-08  3.00000000e-01  3.02952721e-01 
 4.43080000e-08  3.00000000e-01  3.02952721e-01 
 4.54080000e-08  3.00000000e-01  3.02952721e-01 
 4.65080000e-08  3.00000000e-01  3.02952721e-01 
 4.76080000e-08  3.00000000e-01  3.02952721e-01 
 4.87080000e-08  3.00000000e-01  3.02952721e-01 
 4.98080000e-08  3.00000000e-01  3.02952721e-01 
 5.09080000e-08  3.00000000e-01  3.02952721e-01 
 5.20080000e-08  3.00000000e-01  3.02952721e-01 
 5.31080000e-08  3.00000000e-01  3.02952721e-01 
 5.42080000e-08  3.00000000e-01  3.02952721e-01 
 5.53080000e-08  3.00000000e-01  3.02952721e-01 
 5.64080000e-08  3.00000000e-01  3.02952721e-01 
 5.75080000e-08  3.00000000e-01  3.02952721e-01 
 5.86080000e-08  3.00000000e-01  3.02952721e-01 
 5.97080000e-08  3.00000000e-01  3.02952721e-01 
 6.08080000e-08  3.00000000e-01  3.02952721e-01 
 6.19080000e-08  3.00000000e-01  3.02952721e-01 
 6.30080000e-08  3.00000000e-01  3.02952721e-01 
 6.41080000e-08  3.00000000e-01  3.02952721e-01 
 6.52080000e-08  3.00000000e-01  3.02952721e-01 
 6.63080000e-08  3.00000000e-01  3.02952721e-01 
 6.74080000e-08  3.00000000e-01  3.02952721e-01 
 6.85080000e-08  3.00000000e-01  3.02952721e-01 
 6.96080000e-08  3.00000000e-01  3.02952721e-01 
 7.07080000e-08  3.00000000e-01  3.02952721e-01 
 7.18080000e-08  3.00000000e-01  3.02952721e-01 
 7.29080000e-08  3.00000000e-01  3.02952721e-01 
 7.40080000e-08  3.00000000e-01  3.02952721e-01 
 7.51080000e-08  3.00000000e-01  3.02952721e-01 
 7.62080000e-08  3.00000000e-01  3.02952721e-01 
 7.73080000e-08  3.00000000e-01  3.02952721e-01 
 7.84080000e-08  3.00000000e-01  3.02952721e-01 
 7.95080000e-08  3.00000000e-01  3.02952721e-01 
 8.06080000e-08  3.00000000e-01  3.02952721e-01 
 8.17080000e-08  3.00000000e-01  3.02952721e-01 
 8.28080000e-08  3.00000000e-01  3.02952721e-01 
 8.39080000e-08  3.00000000e-01  3.02952721e-01 
 8.50080000e-08  3.00000000e-01  3.02952721e-01 
 8.61080000e-08  3.00000000e-01  3.02952721e-01 
 8.72080000e-08  3.00000000e-01  3.02952721e-01 
 8.83080000e-08  3.00000000e-01  3.02952721e-01 
 8.94080000e-08  3.00000000e-01  3.02952721e-01 
 9.05080000e-08  3.00000000e-01  3.02952721e-01 
 9.16080000e-08  3.00000000e-01  3.02952721e-01 
 9.27080000e-08  3.00000000e-01  3.02952721e-01 
 9.38080000e-08  3.00000000e-01  3.02952721e-01 
 9.49080000e-08  3.00000000e-01  3.02952721e-01 
 9.60080000e-08  3.00000000e-01  3.02952721e-01 
 9.71080000e-08  3.00000000e-01  3.02952721e-01 
 9.82080000e-08  3.00000000e-01  3.02952721e-01 
 9.93080000e-08  3.00000000e-01  3.02952721e-01 
 1.00000000e-07  3.00000000e-01  3.02952721e-01 
 1.00001000e-07  3.01000000e-01  3.02970398e-01 
 1.00003000e-07  3.03000000e-01  3.03007059e-01 
 1.00007000e-07  3.07000000e-01  3.03080953e-01 
 1.00010000e-07  3.10000000e-01  3.03136605e-01 
 1.00010800e-07  3.10000000e-01  3.03137208e-01 
 1.00012400e-07  3.10000000e-01  3.03137223e-01 
 1.00015600e-07  3.10000000e-01  3.03137124e-01 
 1.00022000e-07  3.10000000e-01  3.03137051e-01 
 1.00034800e-07  3.10000000e-01  3.03136783e-01 
 1.00060400e-07  3.10000000e-01  3.03136367e-01 
 1.00111600e-07  3.10000000e-01  3.03135417e-01 
 1.00214000e-07  3.10000000e-01  3.03133638e-01 
 1.00418800e-07  3.10000000e-01  3.03129971e-01 
 1.00828400e-07  3.10000000e-01  3.03122799e-01 
 1.01647600e-07  3.10000000e-01  3.03108526e-01 
 1.02747600e-07  3.10000000e-01  3.03089907e-01 
 1.03847600e-07  3.10000000e-01  3.03071804e-01 
 1.04947600e-07  3.10000000e-01  3.03054453e-01 
 1.06047600e-07  3.10000000e-01  3.03037764e-01 
 1.07147600e-07  3.10000000e-01  3.03021954e-01 
 1.08247600e-07  3.10000000e-01  3.03006922e-01 
 1.09347600e-07  3.10000000e-01  3.02992873e-01 
 1.10447600e-07  3.10000000e-01  3.02979695e-01 
 1.11547600e-07  3.10000000e-01  3.02967584e-01 
 1.12647600e-07  3.10000000e-01  3.02956419e-01 
 1.13747600e-07  3.10000000e-01  3.02946389e-01 
 1.14847600e-07  3.10000000e-01  3.02937366e-01 
 1.15947600e-07  3.10000000e-01  3.02929532e-01 
 1.17047600e-07  3.10000000e-01  3.02922753e-01 
 1.18147600e-07  3.10000000e-01  3.02917206e-01 
 1.19247600e-07  3.10000000e-01  3.02912750e-01 
 1.20347600e-07  3.10000000e-01  3.02909557e-01 
 1.21447600e-07  3.10000000e-01  3.02907483e-01 
 1.22547600e-07  3.10000000e-01  3.02906695e-01 
 1.23647600e-07  3.10000000e-01  3.02907044e-01 
 1.24747600e-07  3.10000000e-01  3.02908692e-01 
 1.25847600e-07  3.10000000e-01  3.02911487e-01 
 1.26947600e-07  3.10000000e-01  3.02915588e-01 
 1.28047600e-07  3.10000000e-01  3.02920840e-01 
 1.29147600e-07  3.10000000e-01  3.02927397e-01 
 1.30247600e-07  3.10000000e-01  3.02935100e-01 
 1.31347600e-07  3.10000000e-01  3.02944104e-01 
 1.32447600e-07  3.10000000e-01  3.02954245e-01 
 1.33547600e-07  3.10000000e-01  3.02965674e-01 
 1.34647600e-07  3.10000000e-01  3.02978228e-01 
 1.35747600e-07  3.10000000e-01  3.02992053e-01 
 1.36847600e-07  3.10000000e-01  3.03006985e-01 
 1.37947600e-07  3.10000000e-01  3.03023169e-01 
 1.39047600e-07  3.10000000e-01  3.03040437e-01 
 1.40147600e-07  3.10000000e-01  3.03058933e-01 
 1.41247600e-07  3.10000000e-01  3.03078489e-01 
 1.42347600e-07  3.10000000e-01  3.03099247e-01 
 1.43447600e-07  3.10000000e-01  3.03121037e-01 
 1.44547600e-07  3.10000000e-01  3.03144001e-01 
 1.45647600e-07  3.10000000e-01  3.03167966e-01 
 1.46747600e-07  3.10000000e-01  3.03193073e-01 
 1.47847600e-07  3.10000000e-01  3.03219150e-01 
 1.48947600e-07  3.10000000e-01  3.03246337e-01 
 1.50047600e-07  3.10000000e-01  3.03274460e-01 
 1.51147600e-07  3.10000000e-01  3.03303659e-01 
 1.52247600e-07  3.10000000e-01  3.03333761e-01 
 1.53347600e-07  3.10000000e-01  3.03364902e-01 
 1.54447600e-07  3.10000000e-01  3.03396910e-01 
 1.55547600e-07  3.10000000e-01  3.03429922e-01 
 1.56647600e-07  3.10000000e-01  3.03463765e-01 
 1.57747600e-07  3.10000000e-01  3.03498575e-01 
 1.58847600e-07  3.10000000e-01  3.03534179e-01 
 1.59947600e-07  3.10000000e-01  3.03570714e-01 
 1.61047600e-07  3.10000000e-01  3.03608005e-01 
 1.62147600e-07  3.10000000e-01  3.03646190e-01 
 1.63247600e-07  3.10000000e-01  3.03685094e-01 
 1.64347600e-07  3.10000000e-01  3.03724854e-01 
 1.65447600e-07  3.10000000e-01  3.03765297e-01 
 1.66547600e-07  3.10000000e-01  3.03806558e-01 
 1.67647600e-07  3.10000000e-01  3.03848465e-01 
 1.68747600e-07  3.10000000e-01  3.03891154e-01 
 1.69847600e-07  3.10000000e-01  3.03934452e-01 
 1.70947600e-07  3.10000000e-01  3.03978495e-01 
 1.72047600e-07  3.10000000e-01  3.04023110e-01 
 1.73147600e-07  3.10000000e-01  3.04068434e-01 
 1.74247600e-07  3.10000000e-01  3.04114294e-01 
 1.75347600e-07  3.10000000e-01  3.04160828e-01 
 1.76447600e-07  3.10000000e-01  3.04207862e-01 
 1.77547600e-07  3.10000000e-01  3.04255534e-01 
 1.78647600e-07  3.10000000e-01  3.04303672e-01 
 1.79747600e-07  3.10000000e-01  3.04352413e-01 
 1.80847600e-07  3.10000000e-01  3.04401585e-01 
 1.81947600e-07  3.10000000e-01  3.04451328e-01 
 1.83047600e-07  3.10000000e-01  3.04501467e-01 
 1.84147600e-07  3.10000000e-01  3.04552143e-01 
 1.85247600e-07  3.10000000e-01  3.04603183e-01 
 1.86347600e-07  3.10000000e-01  3.04654727e-01 
 1.87447600e-07  3.10000000e-01  3.04706603e-01 
 1.88547600e-07  3.10000000e-01  3.04758951e-01 
 1.89647600e-07  3.10000000e-01  3.04811599e-01 
 1.90747600e-07  3.10000000e-01  3.04864688e-01 
 1.91847600e-07  3.10000000e-01  3.04918047e-01 
 1.92947600e-07  3.10000000e-01  3.04971816e-01 
 1.94047600e-07  3.10000000e-01  3.05025825e-01 
 1.95147600e-07  3.10000000e-01  3.05080215e-01 
 1.96247600e-07  3.10000000e-01  3.05134815e-01 
 1.97347600e-07  3.10000000e-01  3.05189768e-01 
 1.98447600e-07  3.10000000e-01  3.05244902e-01 
 1.99547600e-07  3.10000000e-01  3.05300361e-01 
 2.00647600e-07  3.10000000e-01  3.05355974e-01 
 2.01747600e-07  3.10000000e-01  3.05411884e-01 
 2.02847600e-07  3.10000000e-01  3.05467923e-01 
 2.03947600e-07  3.10000000e-01  3.05524231e-01 
 2.05047600e-07  3.10000000e-01  3.05580641e-01 
 2.06147600e-07  3.10000000e-01  3.05637297e-01 
 2.07247600e-07  3.10000000e-01  3.05694029e-01 
 2.08347600e-07  3.10000000e-01  3.05750981e-01 
 2.09447600e-07  3.10000000e-01  3.05807985e-01 
 2.10547600e-07  3.10000000e-01  3.05865186e-01 
 2.11647600e-07  3.10000000e-01  3.05922415e-01 
 2.12747600e-07  3.10000000e-01  3.05979817e-01 
 2.13847600e-07  3.10000000e-01  3.06037226e-01 
 2.14947600e-07  3.10000000e-01  3.06094784e-01 
 2.16047600e-07  3.10000000e-01  3.06152327e-01 
 2.17147600e-07  3.10000000e-01  3.06209998e-01 
 2.18247600e-07  3.10000000e-01  3.06267632e-01 
 2.19347600e-07  3.10000000e-01  3.06325374e-01 
 2.20447600e-07  3.10000000e-01  3.06383058e-01 
 2.21547600e-07  3.10000000e-01  3.06440830e-01 
 2.22647600e-07  3.10000000e-01  3.06498524e-01 
 2.23747600e-07  3.10000000e-01  3.06556286e-01 
 2.24847600e-07  3.10000000e-01  3.06613952e-01 
 2.25947600e-07  3.10000000e-01  3.06671667e-01 
 2.27047600e-07  3.10000000e-01  3.06729268e-01 
 2.28147600e-07  3.10000000e-01  3.06786899e-01 
 2.29247600e-07  3.10000000e-01  3.06844399e-01 
 2.30347600e-07  3.10000000e-01  3.06901912e-01 
 2.31447600e-07  3.10000000e-01  3.06959276e-01 
 2.32547600e-07  3.10000000e-01  3.07016638e-01 
 2.33647600e-07  3.10000000e-01  3.07073834e-01 
 2.34747600e-07  3.10000000e-01  3.07131012e-01 
 2.35847600e-07  3.10000000e-01  3.07188008e-01 
 2.36947600e-07  3.10000000e-01  3.07244971e-01 
 2.38047600e-07  3.10000000e-01  3.07301737e-01 
 2.39147600e-07  3.10000000e-01  3.07358455e-01 
 2.40247600e-07  3.10000000e-01  3.07414963e-01 
 2.41347600e-07  3.10000000e-01  3.07471409e-01 
 2.42447600e-07  3.10000000e-01  3.07527630e-01 
 2.43547600e-07  3.10000000e-01  3.07583776e-01 
 2.44647600e-07  3.10000000e-01  3.07639684e-01 
 2.45747600e-07  3.10000000e-01  3.07695505e-01 
 2.46847600e-07  3.10000000e-01  3.07751075e-01 
 2.47947600e-07  3.10000000e-01  3.07806545e-01 
 2.49047600e-07  3.10000000e-01  3.07861753e-01 
 2.50147600e-07  3.10000000e-01  3.07916850e-01 
 2.51247600e-07  3.10000000e-01  3.07971673e-01 
 2.52347600e-07  3.10000000e-01  3.08026373e-01 
 2.53447600e-07  3.10000000e-01  3.08080790e-01 
 2.54547600e-07  3.10000000e-01  3.08135072e-01 
 2.55647600e-07  3.10000000e-01  3.08189061e-01 
 2.56747600e-07  3.10000000e-01  3.08242907e-01 
 2.57847600e-07  3.10000000e-01  3.08296448e-01 
 2.58947600e-07  3.10000000e-01  3.08349837e-01 
 2.60047600e-07  3.10000000e-01  3.08402913e-01 
 2.61147600e-07  3.10000000e-01  3.08455827e-01 
 2.62247600e-07  3.10000000e-01  3.08508420e-01 
 2.63347600e-07  3.10000000e-01  3.08560842e-01 
 2.64447600e-07  3.10000000e-01  3.08612935e-01 
 2.65547600e-07  3.10000000e-01  3.08664849e-01 
 2.66647600e-07  3.10000000e-01  3.08716427e-01 
 2.67747600e-07  3.10000000e-01  3.08767818e-01 
 2.68847600e-07  3.10000000e-01  3.08818865e-01 
 2.69947600e-07  3.10000000e-01  3.08869719e-01 
 2.71047600e-07  3.10000000e-01  3.08920222e-01 
 2.72147600e-07  3.10000000e-01  3.08970525e-01 
 2.73247600e-07  3.10000000e-01  3.09020471e-01 
 2.74347600e-07  3.10000000e-01  3.09070211e-01 
 2.75447600e-07  3.10000000e-01  3.09119588e-01 
 2.76547600e-07  3.10000000e-01  3.09168753e-01 
 2.77647600e-07  3.10000000e-01  3.09217550e-01 
 2.78747600e-07  3.10000000e-01  3.09266129e-01 
 2.79847600e-07  3.10000000e-01  3.09314335e-01 
 2.80947600e-07  3.10000000e-01  3.09362319e-01 
 2.82047600e-07  3.10000000e-01  3.09409924e-01 
 2.83147600e-07  3.10000000e-01  3.09457304e-01 
 2.84247600e-07  3.10000000e-01  3.09504300e-01 
 2.85347600e-07  3.10000000e-01  3.09551066e-01 
 2.86447600e-07  3.10000000e-01  3.09597445e-01 
 2.87547600e-07  3.10000000e-01  3.09643589e-01 
 2.88647600e-07  3.10000000e-01  3.09689343e-01 
 2.89747600e-07  3.10000000e-01  3.09734860e-01 
 2.90847600e-07  3.10000000e-01  3.09779982e-01 
 2.91947600e-07  3.10000000e-01  3.09824864e-01 
 2.93047600e-07  3.10000000e-01  3.09869349e-01 
 2.94147600e-07  3.10000000e-01  3.09913591e-01 
 2.95247600e-07  3.10000000e-01  3.09957433e-01 
 2.96347600e-07  3.10000000e-01  3.10001029e-01 
 2.97447600e-07  3.10000000e-01  3.10044223e-01 
 2.98547600e-07  3.10000000e-01  3.10087170e-01 
 2.99647600e-07  3.10000000e-01  3.10129712e-01 
 3.00747600e-07  3.10000000e-01  3.10172005e-01 
 3.01847600e-07  3.10000000e-01  3.10213892e-01 
 3.02947600e-07  3.10000000e-01  3.10255527e-01 
 3.04047600e-07  3.10000000e-01  3.10296756e-01 
 3.05147600e-07  3.10000000e-01  3.10337732e-01 
 3.06247600e-07  3.10000000e-01  3.10378300e-01 
 3.07347600e-07  3.10000000e-01  3.10418613e-01 
 3.08447600e-07  3.10000000e-01  3.10458518e-01 
 3.09547600e-07  3.10000000e-01  3.10498169e-01 
 3.10647600e-07  3.10000000e-01  3.10537410e-01 
 3.11747600e-07  3.10000000e-01  3.10576395e-01 
 3.12847600e-07  3.10000000e-01  3.10614971e-01 
 3.13947600e-07  3.10000000e-01  3.10653291e-01 
 3.15047600e-07  3.10000000e-01  3.10691201e-01 
 3.16147600e-07  3.10000000e-01  3.10728855e-01 
 3.17247600e-07  3.10000000e-01  3.10766100e-01 
 3.18347600e-07  3.10000000e-01  3.10803089e-01 
 3.19447600e-07  3.10000000e-01  3.10839669e-01 
 3.20547600e-07  3.10000000e-01  3.10875993e-01 
 3.21647600e-07  3.10000000e-01  3.10911908e-01 
 3.22747600e-07  3.10000000e-01  3.10947569e-01 
 3.23847600e-07  3.10000000e-01  3.10982821e-01 
 3.24947600e-07  3.10000000e-01  3.11017820e-01 
 3.26047600e-07  3.10000000e-01  3.11052411e-01 
 3.27147600e-07  3.10000000e-01  3.11086749e-01 
 3.28247600e-07  3.10000000e-01  3.11120681e-01 
 3.29347600e-07  3.10000000e-01  3.11154361e-01 
 3.30447600e-07  3.10000000e-01  3.11187636e-01 
 3.31547600e-07  3.10000000e-01  3.11220661e-01 
 3.32647600e-07  3.10000000e-01  3.11253282e-01 
 3.33747600e-07  3.10000000e-01  3.11285654e-01 
 3.34847600e-07  3.10000000e-01  3.11317624e-01 
 3.35947600e-07  3.10000000e-01  3.11349347e-01 
 3.37047600e-07  3.10000000e-01  3.11380669e-01 
 3.38147600e-07  3.10000000e-01  3.11411746e-01 
 3.39247600e-07  3.10000000e-01  3.11442425e-01 
 3.40347600e-07  3.10000000e-01  3.11472860e-01 
 3.41447600e-07  3.10000000e-01  3.11502899e-01 
 3.42547600e-07  3.10000000e-01  3.11532696e-01 
 3.43647600e-07  3.10000000e-01  3.11562099e-01 
 3.44747600e-07  3.10000000e-01  3.11591263e-01 
 3.45847600e-07  3.10000000e-01  3.11620035e-01 
 3.46947600e-07  3.10000000e-01  3.11648570e-01 
 3.48047600e-07  3.10000000e-01  3.11676715e-01 
 3.49147600e-07  3.10000000e-01  3.11704627e-01 
 3.50247600e-07  3.10000000e-01  3.11732151e-01 
 3.51347600e-07  3.10000000e-01  3.11759443e-01 
 3.52447600e-07  3.10000000e-01  3.11786351e-01 
 3.53547600e-07  3.10000000e-01  3.11813030e-01 
 3.54647600e-07  3.10000000e-01  3.11839327e-01 
 3.55747600e-07  3.10000000e-01  3.11865398e-01 
 3.56847600e-07  3.10000000e-01  3.11891091e-01 
 3.57947600e-07  3.10000000e-01  3.11916559e-01 
 3.59047600e-07  3.10000000e-01  3.11941652e-01 
 3.60147600e-07  3.10000000e-01  3.11966525e-01 
 3.61247600e-07  3.10000000e-01  3.11991024e-01 
 3.62347600e-07  3.10000000e-01  3.12015307e-01 
 3.63447600e-07  3.10000000e-01  3.12039219e-01 
 3.64547600e-07  3.10000000e-01  3.12062917e-01 
 3.65647600e-07  3.10000000e-01  3.12086249e-01 
 3.66747600e-07  3.10000000e-01  3.12109370e-01 
 3.67847600e-07  3.10000000e-01  3.12132127e-01 
 3.68947600e-07  3.10000000e-01  3.12154677e-01 
 3.70047600e-07  3.10000000e-01  3.12176867e-01 
 3.71147600e-07  3.10000000e-01  3.12198852e-01 
 3.72247600e-07  3.10000000e-01  3.12220480e-01 
 3.73347600e-07  3.10000000e-01  3.12241908e-01 
 3.74447600e-07  3.10000000e-01  3.12262983e-01 
 3.75547600e-07  3.10000000e-01  3.12283859e-01 
 3.76647600e-07  3.10000000e-01  3.12304387e-01 
 3.77747600e-07  3.10000000e-01  3.12324720e-01 
 3.78847600e-07  3.10000000e-01  3.12344707e-01 
 3.79947600e-07  3.10000000e-01  3.12364504e-01 
 3.81047600e-07  3.10000000e-01  3.12383958e-01 
 3.82147600e-07  3.10000000e-01  3.12403225e-01 
 3.83247600e-07  3.10000000e-01  3.12422153e-01 
 3.84347600e-07  3.10000000e-01  3.12440898e-01 
 3.85447600e-07  3.10000000e-01  3.12459308e-01 
 3.86547600e-07  3.10000000e-01  3.12477538e-01 
 3.87647600e-07  3.10000000e-01  3.12495437e-01 
 3.88747600e-07  3.10000000e-01  3.12513160e-01 
 3.89847600e-07  3.10000000e-01  3.12530555e-01 
 3.90947600e-07  3.10000000e-01  3.12547778e-01 
 3.92047600e-07  3.10000000e-01  3.12564677e-01 
 3.93147600e-07  3.10000000e-01  3.12581407e-01 
 3.94247600e-07  3.10000000e-01  3.12597817e-01 
 3.95347600e-07  3.10000000e-01  3.12614063e-01 
 3.96447600e-07  3.10000000e-01  3.12629992e-01 
 3.97547600e-07  3.10000000e-01  3.12645760e-01 
 3.98647600e-07  3.10000000e-01  3.12661216e-01 
 3.99747600e-07  3.10000000e-01  3.12676514e-01 
 4.00847600e-07  3.10000000e-01  3.12691504e-01 
 4.01947600e-07  3.10000000e-01  3.12706341e-01 
 4.03047600e-07  3.10000000e-01  3.12720872e-01 
 4.04147600e-07  3.10000000e-01  3.12735254e-01 
 4.05247600e-07  3.10000000e-01  3.12749335e-01 
 4.06347600e-07  3.10000000e-01  3.12763271e-01 
 4.07447600e-07  3.10000000e-01  3.12776909e-01 
 4.08547600e-07  3.10000000e-01  3.12790405e-01 
 4.09647600e-07  3.10000000e-01  3.12803608e-01 
 4.10747600e-07  3.10000000e-01  3.12816673e-01 
 4.11847600e-07  3.10000000e-01  3.12829449e-01 
 4.12947600e-07  3.10000000e-01  3.12842090e-01 
 4.14047600e-07  3.10000000e-01  3.12854446e-01 
 4.15147600e-07  3.10000000e-01  3.12866671e-01 
 4.16247600e-07  3.10000000e-01  3.12878615e-01 
 4.17347600e-07  3.10000000e-01  3.12890432e-01 
 4.18447600e-07  3.10000000e-01  3.12901971e-01 
 4.19547600e-07  3.10000000e-01  3.12913387e-01 
 4.20647600e-07  3.10000000e-01  3.12924529e-01 
 4.21747600e-07  3.10000000e-01  3.12935552e-01 
 4.22847600e-07  3.10000000e-01  3.12946305e-01 
 4.23947600e-07  3.10000000e-01  3.12956942e-01 
 4.25047600e-07  3.10000000e-01  3.12967313e-01 
 4.26147600e-07  3.10000000e-01  3.12977573e-01 
 4.27247600e-07  3.10000000e-01  3.12987570e-01 
 4.28347600e-07  3.10000000e-01  3.12997459e-01 
 4.29447600e-07  3.10000000e-01  3.13007089e-01 
 4.30547600e-07  3.10000000e-01  3.13016615e-01 
 4.31647600e-07  3.10000000e-01  3.13025886e-01 
 4.32747600e-07  3.10000000e-01  3.13035057e-01 
 4.33847600e-07  3.10000000e-01  3.13043976e-01 
 4.34947600e-07  3.10000000e-01  3.13052799e-01 
 4.36047600e-07  3.10000000e-01  3.13061373e-01 
 4.37147600e-07  3.10000000e-01  3.13069855e-01 
 4.38247600e-07  3.10000000e-01  3.13078093e-01 
 4.39347600e-07  3.10000000e-01  3.13086241e-01 
 4.40447600e-07  3.10000000e-01  3.13094149e-01 
 4.41547600e-07  3.10000000e-01  3.13101971e-01 
 4.42647600e-07  3.10000000e-01  3.13109556e-01 
 4.43747600e-07  3.10000000e-01  3.13117059e-01 
 4.44847600e-07  3.10000000e-01  3.13124329e-01 
 4.45947600e-07  3.10000000e-01  3.13131520e-01 
 4.47047600e-07  3.10000000e-01  3.13138481e-01 
 4.48147600e-07  3.10000000e-01  3.13145367e-01 
 4.49247600e-07  3.10000000e-01  3.13152027e-01 
 4.50347600e-07  3.10000000e-01  3.13158615e-01 
 4.51447600e-07  3.10000000e-01  3.13164981e-01 
 4.52547600e-07  3.10000000e-01  3.13171278e-01 
 4.53647600e-07  3.10000000e-01  3.13177357e-01 
 4.54747600e-07  3.10000000e-01  3.13183370e-01 
 4.55847600e-07  3.10000000e-01  3.13189168e-01 
 4.56947600e-07  3.10000000e-01  3.13194904e-01 
 4.58047600e-07  3.10000000e-01  3.13200427e-01 
 4.59147600e-07  3.10000000e-01  3.13205893e-01 
 4.60247600e-07  3.10000000e-01  3.13211149e-01 
 4.61347600e-07  3.10000000e-01  3.13216351e-01 
 4.62447600e-07  3.10000000e-01  3.13221347e-01 
 4.63547600e-07  3.10000000e-01  3.13226291e-01 
 4.64647600e-07  3.10000000e-01  3.13231033e-01 
 4.65747600e-07  3.10000000e-01  3.13235727e-01 
 4.66847600e-07  3.10000000e-01  3.13240221e-01 
 4.67947600e-07  3.10000000e-01  3.13244670e-01 
 4.69047600e-07  3.10000000e-01  3.13248923e-01 
 4.70147600e-07  3.10000000e-01  3.13253134e-01 
 4.71247600e-07  3.10000000e-01  3.13257152e-01 
 4.72347600e-07  3.10000000e-01  3.13261131e-01 
 4.73447600e-07  3.10000000e-01  3.13264921e-01 
 4.74547600e-07  3.10000000e-01  3.13268674e-01 
 4.75647600e-07  3.10000000e-01  3.13272241e-01 
 4.76747600e-07  3.10000000e-01  3.13275775e-01 
 4.77847600e-07  3.10000000e-01  3.13279126e-01 
 4.78947600e-07  3.10000000e-01  3.13282446e-01 
 4.80047600e-07  3.10000000e-01  3.13285586e-01 
 4.81147600e-07  3.10000000e-01  3.13288699e-01 
 4.82247600e-07  3.10000000e-01  3.13291634e-01 
 4.83347600e-07  3.10000000e-01  3.13294545e-01 
 4.84447600e-07  3.10000000e-01  3.13297281e-01 
 4.85547600e-07  3.10000000e-01  3.13299996e-01 
 4.86647600e-07  3.10000000e-01  3.13302539e-01 
 4.87747600e-07  3.10000000e-01  3.13305064e-01 
 4.88847600e-07  3.10000000e-01  3.13307419e-01 
 4.89947600e-07  3.10000000e-01  3.13309759e-01 
 4.91047600e-07  3.10000000e-01  3.13311933e-01 
 4.92147600e-07  3.10000000e-01  3.13314093e-01 
 4.93247600e-07  3.10000000e-01  3.13316090e-01 
 4.94347600e-07  3.10000000e-01  3.13318077e-01 
 4.95447600e-07  3.10000000e-01  3.13319903e-01 
 4.96547600e-07  3.10000000e-01  3.13321721e-01 
 4.97647600e-07  3.10000000e-01  3.13323380e-01 
 4.98747600e-07  3.10000000e-01  3.13325035e-01 
 4.99847600e-07  3.10000000e-01  3.13326534e-01 
 5.00947600e-07  3.10000000e-01  3.13328030e-01 
 5.02047600e-07  3.10000000e-01  3.13329374e-01 
 5.03147600e-07  3.10000000e-01  3.13330717e-01 
 5.04247600e-07  3.10000000e-01  3.13331909e-01 
 5.05347600e-07  3.10000000e-01  3.13333104e-01 
 5.06447600e-07  3.10000000e-01  3.13334151e-01 
 5.07547600e-07  3.10000000e-01  3.13335203e-01 
 5.08647600e-07  3.10000000e-01  3.13336109e-01 
 5.09747600e-07  3.10000000e-01  3.13337022e-01 
 5.10847600e-07  3.10000000e-01  3.13337791e-01 
 5.11947600e-07  3.10000000e-01  3.13338570e-01 
 5.13047600e-07  3.10000000e-01  3.13339208e-01 
 5.14147600e-07  3.10000000e-01  3.13339858e-01 
 5.15247600e-07  3.10000000e-01  3.13340369e-01 
 5.16347600e-07  3.10000000e-01  3.13340894e-01 
 5.17447600e-07  3.10000000e-01  3.13341283e-01 
 5.18547600e-07  3.10000000e-01  3.13341687e-01 
 5.19647600e-07  3.10000000e-01  3.13341958e-01 
 5.20747600e-07  3.10000000e-01  3.13342246e-01 
 5.21847600e-07  3.10000000e-01  3.13342403e-01 
 5.22947600e-07  3.10000000e-01  3.13342580e-01 
 5.24047600e-07  3.10000000e-01  3.13342626e-01 
 5.25147600e-07  3.10000000e-01  3.13342696e-01 
 5.26247600e-07  3.10000000e-01  3.13342637e-01 
 5.27347600e-07  3.10000000e-01  3.13342603e-01 
 5.28447600e-07  3.10000000e-01  3.13342442e-01 
 5.29547600e-07  3.10000000e-01  3.13342309e-01 
 5.30647600e-07  3.10000000e-01  3.13342051e-01 
 5.31747600e-07  3.10000000e-01  3.13341822e-01 
 5.32847600e-07  3.10000000e-01  3.13341470e-01 
 5.33947600e-07  3.10000000e-01  3.13341149e-01 
 5.35047600e-07  3.10000000e-01  3.13340708e-01 
 5.36147600e-07  3.10000000e-01  3.13340298e-01 
 5.37247600e-07  3.10000000e-01  3.13339771e-01 
 5.38347600e-07  3.10000000e-01  3.13339277e-01 
 5.39447600e-07  3.10000000e-01  3.13338667e-01 
 5.40547600e-07  3.10000000e-01  3.13338093e-01 
 5.41647600e-07  3.10000000e-01  3.13337403e-01 
 5.42747600e-07  3.10000000e-01  3.13336752e-01 
 5.43847600e-07  3.10000000e-01  3.13335987e-01 
 5.44947600e-07  3.10000000e-01  3.13335261e-01 
 5.46047600e-07  3.10000000e-01  3.13334424e-01 
 5.47147600e-07  3.10000000e-01  3.13333628e-01 
 5.48247600e-07  3.10000000e-01  3.13332722e-01 
 5.49347600e-07  3.10000000e-01  3.13331859e-01 
 5.50447600e-07  3.10000000e-01  3.13330887e-01 
 5.51547600e-07  3.10000000e-01  3.13329960e-01 
 5.52647600e-07  3.10000000e-01  3.13328926e-01 
 5.53747600e-07  3.10000000e-01  3.13327937e-01 
 5.54847600e-07  3.10000000e-01  3.13326843e-01 
 5.55947600e-07  3.10000000e-01  3.13325797e-01 
 5.57047600e-07  3.10000000e-01  3.13324646e-01 
 5.58147600e-07  3.10000000e-01  3.13323545e-01 
 5.59247600e-07  3.10000000e-01  3.13322341e-01 
 5.60347600e-07  3.10000000e-01  3.13321187e-01 
 5.61447600e-07  3.10000000e-01  3.13319932e-01 
 5.62547600e-07  3.10000000e-01  3.13318729e-01 
 5.63647600e-07  3.10000000e-01  3.13317426e-01 
 5.64747600e-07  3.10000000e-01  3.13316176e-01 
 5.65847600e-07  3.10000000e-01  3.13314829e-01 
 5.66947600e-07  3.10000000e-01  3.13313535e-01 
 5.68047600e-07  3.10000000e-01  3.13312144e-01 
 5.69147600e-07  3.10000000e-01  3.13310808e-01 
 5.70247600e-07  3.10000000e-01  3.13309378e-01 
 5.71347600e-07  3.10000000e-01  3.13308003e-01 
 5.72447600e-07  3.10000000e-01  3.13306535e-01 
 5.73547600e-07  3.10000000e-01  3.13305124e-01 
 5.74647600e-07  3.10000000e-01  3.13303620e-01 
 5.75747600e-07  3.10000000e-01  3.13302175e-01 
 5.76847600e-07  3.10000000e-01  3.13300639e-01 
 5.77947600e-07  3.10000000e-01  3.13299162e-01 
 5.79047600e-07  3.10000000e-01  3.13297594e-01 
 5.80147600e-07  3.10000000e-01  3.13296088e-01 
 5.81247600e-07  3.10000000e-01  3.13294492e-01 
 5.82347600e-07  3.10000000e-01  3.13292958e-01 
 5.83447600e-07  3.10000000e-01  3.13291336e-01 
 5.84547600e-07  3.10000000e-01  3.13289777e-01 
 5.85647600e-07  3.10000000e-01  3.13288131e-01 
 5.86747600e-07  3.10000000e-01  3.13286549e-01 
 5.87847600e-07  3.10000000e-01  3.13284880e-01 
 5.88947600e-07  3.10000000e-01  3.13283276e-01 
 5.90047600e-07  3.10000000e-01  3.13281588e-01 
 5.91147600e-07  3.10000000e-01  3.13279965e-01 
 5.92247600e-07  3.10000000e-01  3.13278257e-01 
 5.93347600e-07  3.10000000e-01  3.13276617e-01 
 5.94447600e-07  3.10000000e-01  3.13274893e-01 
 5.95547600e-07  3.10000000e-01  3.13273237e-01 
 5.96647600e-07  3.10000000e-01  3.13271499e-01 
 5.97747600e-07  3.10000000e-01  3.13269829e-01 
 5.98847600e-07  3.10000000e-01  3.13268077e-01 
 5.99947600e-07  3.10000000e-01  3.13266395e-01 
 6.01047600e-07  3.10000000e-01  3.13264632e-01 
 6.02147600e-07  3.10000000e-01  3.13262939e-01 
 6.03247600e-07  3.10000000e-01  3.13261167e-01 
 6.04347600e-07  3.10000000e-01  3.13259465e-01 
 6.05447600e-07  3.10000000e-01  3.13257684e-01 
 6.06547600e-07  3.10000000e-01  3.13255974e-01 
 6.07647600e-07  3.10000000e-01  3.13254187e-01 
 6.08747600e-07  3.10000000e-01  3.13252471e-01 
 6.09847600e-07  3.10000000e-01  3.13250678e-01 
 6.10947600e-07  3.10000000e-01  3.13248959e-01 
 6.12047600e-07  3.10000000e-01  3.13247162e-01 
 6.13147600e-07  3.10000000e-01  3.13245438e-01 
 6.14247600e-07  3.10000000e-01  3.13243639e-01 
 6.15347600e-07  3.10000000e-01  3.13241914e-01 
 6.16447600e-07  3.10000000e-01  3.13240113e-01 
 6.17547600e-07  3.10000000e-01  3.13238387e-01 
 6.18647600e-07  3.10000000e-01  3.13236587e-01 
 6.19747600e-07  3.10000000e-01  3.13234862e-01 
 6.20847600e-07  3.10000000e-01  3.13233062e-01 
 6.21947600e-07  3.10000000e-01  3.13231339e-01 
 6.23047600e-07  3.10000000e-01  3.13229541e-01 
 6.24147600e-07  3.10000000e-01  3.13227821e-01 
 6.25247600e-07  3.10000000e-01  3.13226027e-01 
 6.26347600e-07  3.10000000e-01  3.13224310e-01 
 6.27447600e-07  3.10000000e-01  3.13222521e-01 
 6.28547600e-07  3.10000000e-01  3.13220809e-01 
 6.29647600e-07  3.10000000e-01  3.13219026e-01 
 6.30747600e-07  3.10000000e-01  3.13217320e-01 
 6.31847600e-07  3.10000000e-01  3.13215543e-01 
 6.32947600e-07  3.10000000e-01  3.13213844e-01 
 6.34047600e-07  3.10000000e-01  3.13212074e-01 
 6.35147600e-07  3.10000000e-01  3.13210384e-01 
 6.36247600e-07  3.10000000e-01  3.13208622e-01 
 6.37347600e-07  3.10000000e-01  3.13206940e-01 
 6.38447600e-07  3.10000000e-01  3.13205188e-01 
 6.39547600e-07  3.10000000e-01  3.13203515e-01 
 6.40647600e-07  3.10000000e-01  3.13201773e-01 
 6.41747600e-07  3.10000000e-01  3.13200111e-01 
 6.42847600e-07  3.10000000e-01  3.13198379e-01 
 6.43947600e-07  3.10000000e-01  3.13196728e-01 
 6.45047600e-07  3.10000000e-01  3.13195008e-01 
 6.46147600e-07  3.10000000e-01  3.13193369e-01 
 6.47247600e-07  3.10000000e-01  3.13191661e-01 
 6.48347600e-07  3.10000000e-01  3.13190034e-01 
 6.49447600e-07  3.10000000e-01  3.13188339e-01 
 6.50547600e-07  3.10000000e-01  3.13186726e-01 
 6.51647600e-07  3.10000000e-01  3.13185044e-01 
 6.52747600e-07  3.10000000e-01  3.13183445e-01 
 6.53847600e-07  3.10000000e-01  3.13181777e-01 
 6.54947600e-07  3.10000000e-01  3.13180192e-01 
 6.56047600e-07  3.10000000e-01  3.13178539e-01 
 6.57147600e-07  3.10000000e-01  3.13176969e-01 
 6.58247600e-07  3.10000000e-01  3.13175331e-01 
 6.59347600e-07  3.10000000e-01  3.13173777e-01 
 6.60447600e-07  3.10000000e-01  3.13172155e-01 
 6.61547600e-07  3.10000000e-01  3.13170616e-01 
 6.62647600e-07  3.10000000e-01  3.13169010e-01 
 6.63747600e-07  3.10000000e-01  3.13167488e-01 
 6.64847600e-07  3.10000000e-01  3.13165899e-01 
 6.65947600e-07  3.10000000e-01  3.13164393e-01 
 6.67047600e-07  3.10000000e-01  3.13162821e-01 
 6.68147600e-07  3.10000000e-01  3.13161333e-01 
 6.69247600e-07  3.10000000e-01  3.13159779e-01 
 6.70347600e-07  3.10000000e-01  3.13158308e-01 
 6.71447600e-07  3.10000000e-01  3.13156771e-01 
 6.72547600e-07  3.10000000e-01  3.13155319e-01 
 6.73647600e-07  3.10000000e-01  3.13153800e-01 
 6.74747600e-07  3.10000000e-01  3.13152366e-01 
 6.75847600e-07  3.10000000e-01  3.13150866e-01 
 6.76947600e-07  3.10000000e-01  3.13149450e-01 
 6.78047600e-07  3.10000000e-01  3.13147969e-01 
 6.79147600e-07  3.10000000e-01  3.13146572e-01 
 6.80247600e-07  3.10000000e-01  3.13145110e-01 
 6.81347600e-07  3.10000000e-01  3.13143732e-01 
 6.82447600e-07  3.10000000e-01  3.13142289e-01 
 6.83547600e-07  3.10000000e-01  3.13140930e-01 
 6.84647600e-07  3.10000000e-01  3.13139507e-01 
 6.85747600e-07  3.10000000e-01  3.13138168e-01 
 6.86847600e-07  3.10000000e-01  3.13136765e-01 
 6.87947600e-07  3.10000000e-01  3.13135445e-01 
 6.89047600e-07  3.10000000e-01  3.13134062e-01 
 6.90147600e-07  3.10000000e-01  3.13132762e-01 
 6.91247600e-07  3.10000000e-01  3.13131399e-01 
 6.92347600e-07  3.10000000e-01  3.13130120e-01 
 6.93447600e-07  3.10000000e-01  3.13128776e-01 
 6.94547600e-07  3.10000000e-01  3.13127517e-01 
 6.95647600e-07  3.10000000e-01  3.13126194e-01 
 6.96747600e-07  3.10000000e-01  3.13124955e-01 
 6.97847600e-07  3.10000000e-01  3.13123652e-01 
 6.98947600e-07  3.10000000e-01  3.13122434e-01 
 7.00047600e-07  3.10000000e-01  3.13121152e-01 
 7.01147600e-07  3.10000000e-01  3.13119954e-01 
 7.02247600e-07  3.10000000e-01  3.13118692e-01 
 7.03347600e-07  3.10000000e-01  3.13117515e-01 
 7.04447600e-07  3.10000000e-01  3.13116273e-01 
 7.05547600e-07  3.10000000e-01  3.13115117e-01 
 7.06647600e-07  3.10000000e-01  3.13113896e-01 
 7.07747600e-07  3.10000000e-01  3.13112760e-01 
 7.08847600e-07  3.10000000e-01  3.13111560e-01 
 7.09947600e-07  3.10000000e-01  3.13110445e-01 
 7.11047600e-07  3.10000000e-01  3.13109265e-01 
 7.12147600e-07  3.10000000e-01  3.13108171e-01 
 7.13247600e-07  3.10000000e-01  3.13107012e-01 
 7.14347600e-07  3.10000000e-01  3.13105938e-01 
 7.15447600e-07  3.10000000e-01  3.13104799e-01 
 7.16547600e-07  3.10000000e-01  3.13103746e-01 
 7.17647600e-07  3.10000000e-01  3.13102628e-01 
 7.18747600e-07  3.10000000e-01  3.13101595e-01 
 7.19847600e-07  3.10000000e-01  3.13100498e-01 
 7.20947600e-07  3.10000000e-01  3.13099486e-01 
 7.22047600e-07  3.10000000e-01  3.13098409e-01 
 7.23147600e-07  3.10000000e-01  3.13097417e-01 
 7.24247600e-07  3.10000000e-01  3.13096360e-01 
 7.25347600e-07  3.10000000e-01  3.13095388e-01 
 7.26447600e-07  3.10000000e-01  3.13094352e-01 
 7.27547600e-07  3.10000000e-01  3.13093401e-01 
 7.28647600e-07  3.10000000e-01  3.13092385e-01 
 7.29747600e-07  3.10000000e-01  3.13091454e-01 
 7.30847600e-07  3.10000000e-01  3.13090458e-01 
 7.31947600e-07  3.10000000e-01  3.13089546e-01 
 7.33047600e-07  3.10000000e-01  3.13088570e-01 
 7.34147600e-07  3.10000000e-01  3.13087679e-01 
 7.35247600e-07  3.10000000e-01  3.13086723e-01 
 7.36347600e-07  3.10000000e-01  3.13085851e-01 
 7.37447600e-07  3.10000000e-01  3.13084915e-01 
 7.38547600e-07  3.10000000e-01  3.13084063e-01 
 7.39647600e-07  3.10000000e-01  3.13083146e-01 
 7.40747600e-07  3.10000000e-01  3.13082314e-01 
 7.41847600e-07  3.10000000e-01  3.13081416e-01 
 7.42947600e-07  3.10000000e-01  3.13080603e-01 
 7.44047600e-07  3.10000000e-01  3.13079725e-01 
 7.45147600e-07  3.10000000e-01  3.13078931e-01 
 7.46247600e-07  3.10000000e-01  3.13078072e-01 
 7.47347600e-07  3.10000000e-01  3.13077297e-01 
 7.48447600e-07  3.10000000e-01  3.13076457e-01 
 7.49547600e-07  3.10000000e-01  3.13075701e-01 
 7.50647600e-07  3.10000000e-01  3.13074880e-01 
 7.51747600e-07  3.10000000e-01  3.13074142e-01 
 7.52847600e-07  3.10000000e-01  3.13073340e-01 
 7.53947600e-07  3.10000000e-01  3.13072621e-01 
 7.55047600e-07  3.10000000e-01  3.13071837e-01 
 7.56147600e-07  3.10000000e-01  3.13071136e-01 
 7.57247600e-07  3.10000000e-01  3.13070370e-01 
 7.58347600e-07  3.10000000e-01  3.13069687e-01 
 7.59447600e-07  3.10000000e-01  3.13068939e-01 
 7.60547600e-07  3.10000000e-01  3.13068274e-01 
 7.61647600e-07  3.10000000e-01  3.13067544e-01 
 7.62747600e-07  3.10000000e-01  3.13066897e-01 
 7.63847600e-07  3.10000000e-01  3.13066184e-01 
 7.64947600e-07  3.10000000e-01  3.13065555e-01 
 7.66047600e-07  3.10000000e-01  3.13064860e-01 
 7.67147600e-07  3.10000000e-01  3.13064247e-01 
 7.68247600e-07  3.10000000e-01  3.13063569e-01 
 7.69347600e-07  3.10000000e-01  3.13062974e-01 
 7.70447600e-07  3.10000000e-01  3.13062313e-01 
 7.71547600e-07  3.10000000e-01  3.13061734e-01 
 7.72647600e-07  3.10000000e-01  3.13061090e-01 
 7.73747600e-07  3.10000000e-01  3.13060528e-01 
 7.74847600e-07  3.10000000e-01  3.13059900e-01 
 7.75947600e-07  3.10000000e-01  3.13059354e-01 
 7.77047600e-07  3.10000000e-01  3.13058743e-01 
 7.78147600e-07  3.10000000e-01  3.13058213e-01 
 7.79247600e-07  3.10000000e-01  3.13057618e-01 
 7.80347600e-07  3.10000000e-01  3.13057104e-01 
 7.81447600e-07  3.10000000e-01  3.13056524e-01 
 7.82547600e-07  3.10000000e-01  3.13056027e-01 
 7.83647600e-07  3.10000000e-01  3.13055462e-01 
 7.84747600e-07  3.10000000e-01  3.13054980e-01 
 7.85847600e-07  3.10000000e-01  3.13054431e-01 
 7.86947600e-07  3.10000000e-01  3.13053964e-01 
 7.88047600e-07  3.10000000e-01  3.13053430e-01 
 7.89147600e-07  3.10000000e-01  3.13052978e-01 
 7.90247600e-07  3.10000000e-01  3.13052459e-01 
 7.91347600e-07  3.10000000e-01  3.13052022e-01 
 7.92447600e-07  3.10000000e-01  3.13051517e-01 
 7.93547600e-07  3.10000000e-01  3.13051094e-01 
 7.94647600e-07  3.10000000e-01  3.13050604e-01 
 7.95747600e-07  3.10000000e-01  3.13050196e-01 
 7.96847600e-07  3.10000000e-01  3.13049720e-01 
 7.97947600e-07  3.10000000e-01  3.13049325e-01 
 7.99047600e-07  3.10000000e-01  3.13048863e-01 
 8.00147600e-07  3.10000000e-01  3.13048482e-01 
 8.01247600e-07  3.10000000e-01  3.13048034e-01 
 8.02347600e-07  3.10000000e-01  3.13047667e-01 
 8.03447600e-07  3.10000000e-01  3.13047232e-01 
 8.04547600e-07  3.10000000e-01  3.13046878e-01 
 8.05647600e-07  3.10000000e-01  3.13046456e-01 
 8.06747600e-07  3.10000000e-01  3.13046115e-01 
 8.07847600e-07  3.10000000e-01  3.13045707e-01 
 8.08947600e-07  3.10000000e-01  3.13045378e-01 
 8.10047600e-07  3.10000000e-01  3.13044982e-01 
 8.11147600e-07  3.10000000e-01  3.13044667e-01 
 8.12247600e-07  3.10000000e-01  3.13044283e-01 
 8.13347600e-07  3.10000000e-01  3.13043980e-01 
 8.14447600e-07  3.10000000e-01  3.13043608e-01 
 8.15547600e-07  3.10000000e-01  3.13043317e-01 
 8.16647600e-07  3.10000000e-01  3.13042958e-01 
 8.17747600e-07  3.10000000e-01  3.13042678e-01 
 8.18847600e-07  3.10000000e-01  3.13042331e-01 
 8.19947600e-07  3.10000000e-01  3.13042063e-01 
 8.21047600e-07  3.10000000e-01  3.13041727e-01 
 8.22147600e-07  3.10000000e-01  3.13041470e-01 
 8.23247600e-07  3.10000000e-01  3.13041146e-01 
 8.24347600e-07  3.10000000e-01  3.13040900e-01 
 8.25447600e-07  3.10000000e-01  3.13040587e-01 
 8.26547600e-07  3.10000000e-01  3.13040352e-01 
 8.27647600e-07  3.10000000e-01  3.13040049e-01 
 8.28747600e-07  3.10000000e-01  3.13039825e-01 
 8.29847600e-07  3.10000000e-01  3.13039533e-01 
 8.30947600e-07  3.10000000e-01  3.13039320e-01 
 8.32047600e-07  3.10000000e-01  3.13039038e-01 
 8.33147600e-07  3.10000000e-01  3.13038835e-01 
 8.34247600e-07  3.10000000e-01  3.13038563e-01 
 8.35347600e-07  3.10000000e-01  3.13038370e-01 
 8.36447600e-07  3.10000000e-01  3.13038108e-01 
 8.37547600e-07  3.10000000e-01  3.13037924e-01 
 8.38647600e-07  3.10000000e-01  3.13037672e-01 
 8.39747600e-07  3.10000000e-01  3.13037498e-01 
 8.40847600e-07  3.10000000e-01  3.13037255e-01 
 8.41947600e-07  3.10000000e-01  3.13037091e-01 
 8.43047600e-07  3.10000000e-01  3.13036857e-01 
 8.44147600e-07  3.10000000e-01  3.13036702e-01 
 8.45247600e-07  3.10000000e-01  3.13036477e-01 
 8.46347600e-07  3.10000000e-01  3.13036331e-01 
 8.47447600e-07  3.10000000e-01  3.13036115e-01 
 8.48547600e-07  3.10000000e-01  3.13035977e-01 
 8.49647600e-07  3.10000000e-01  3.13035770e-01 
 8.50747600e-07  3.10000000e-01  3.13035640e-01 
 8.51847600e-07  3.10000000e-01  3.13035441e-01 
 8.52947600e-07  3.10000000e-01  3.13035320e-01 
 8.54047600e-07  3.10000000e-01  3.13035129e-01 
 8.55147600e-07  3.10000000e-01  3.13035016e-01 
 8.56247600e-07  3.10000000e-01  3.13034833e-01 
 8.57347600e-07  3.10000000e-01  3.13034728e-01 
 8.58447600e-07  3.10000000e-01  3.13034553e-01 
 8.59547600e-07  3.10000000e-01  3.13034455e-01 
 8.60647600e-07  3.10000000e-01  3.13034288e-01 
 8.61747600e-07  3.10000000e-01  3.13034198e-01 
 8.62847600e-07  3.10000000e-01  3.13034038e-01 
 8.63947600e-07  3.10000000e-01  3.13033955e-01 
 8.65047600e-07  3.10000000e-01  3.13033802e-01 
 8.66147600e-07  3.10000000e-01  3.13033726e-01 
 8.67247600e-07  3.10000000e-01  3.13033580e-01 
 8.68347600e-07  3.10000000e-01  3.13033511e-01 
 8.69447600e-07  3.10000000e-01  3.13033371e-01 
 8.70547600e-07  3.10000000e-01  3.13033309e-01 
 8.71647600e-07  3.10000000e-01  3.13033176e-01 
 8.72747600e-07  3.10000000e-01  3.13033120e-01 
 8.73847600e-07  3.10000000e-01  3.13032994e-01 
 8.74947600e-07  3.10000000e-01  3.13032944e-01 
 8.76047600e-07  3.10000000e-01  3.13032824e-01 
 8.77147600e-07  3.10000000e-01  3.13032781e-01 
 8.78247600e-07  3.10000000e-01  3.13032667e-01 
 8.79347600e-07  3.10000000e-01  3.13032629e-01 
 8.80447600e-07  3.10000000e-01  3.13032521e-01 
 8.81547600e-07  3.10000000e-01  3.13032489e-01 
 8.82647600e-07  3.10000000e-01  3.13032386e-01 
 8.83747600e-07  3.10000000e-01  3.13032360e-01 
 8.84847600e-07  3.10000000e-01  3.13032263e-01 
 8.85947600e-07  3.10000000e-01  3.13032242e-01 
 8.87047600e-07  3.10000000e-01  3.13032151e-01 
 8.88147600e-07  3.10000000e-01  3.13032135e-01 
 8.89247600e-07  3.10000000e-01  3.13032049e-01 
 8.90347600e-07  3.10000000e-01  3.13032038e-01 
 8.91447600e-07  3.10000000e-01  3.13031957e-01 
 8.92547600e-07  3.10000000e-01  3.13031951e-01 
 8.93647600e-07  3.10000000e-01  3.13031874e-01 
 8.94747600e-07  3.10000000e-01  3.13031873e-01 
 8.95847600e-07  3.10000000e-01  3.13031801e-01 
 8.96947600e-07  3.10000000e-01  3.13031805e-01 
 8.98047600e-07  3.10000000e-01  3.13031738e-01 
 8.99147600e-07  3.10000000e-01  3.13031746e-01 
 9.00247600e-07  3.10000000e-01  3.13031683e-01 
 9.01347600e-07  3.10000000e-01  3.13031695e-01 
 9.02447600e-07  3.10000000e-01  3.13031637e-01 
 9.03547600e-07  3.10000000e-01  3.13031653e-01 
 9.04647600e-07  3.10000000e-01  3.13031599e-01 
 9.05747600e-07  3.10000000e-01  3.13031619e-01 
 9.06847600e-07  3.10000000e-01  3.13031568e-01 
 9.07947600e-07  3.10000000e-01  3.13031593e-01 
 9.09047600e-07  3.10000000e-01  3.13031546e-01 
 9.10147600e-07  3.10000000e-01  3.13031574e-01 
 9.11247600e-07  3.10000000e-01  3.13031531e-01 
 9.12347600e-07  3.10000000e-01  3.13031563e-01 
 9.13447600e-07  3.10000000e-01  3.13031523e-01 
 9.14547600e-07  3.10000000e-01  3.13031558e-01 
 9.15647600e-07  3.10000000e-01  3.13031522e-01 
 9.16747600e-07  3.10000000e-01  3.13031561e-01 
 9.17847600e-07  3.10000000e-01  3.13031527e-01 
 9.18947600e-07  3.10000000e-01  3.13031569e-01 
 9.20047600e-07  3.10000000e-01  3.13031539e-01 
 9.21147600e-07  3.10000000e-01  3.13031584e-01 
 9.22247600e-07  3.10000000e-01  3.13031557e-01 
 9.23347600e-07  3.10000000e-01  3.13031605e-01 
 9.24447600e-07  3.10000000e-01  3.13031581e-01 
 9.25547600e-07  3.10000000e-01  3.13031632e-01 
 9.26647600e-07  3.10000000e-01  3.13031611e-01 
 9.27747600e-07  3.10000000e-01  3.13031664e-01 
 9.28847600e-07  3.10000000e-01  3.13031645e-01 
 9.29947600e-07  3.10000000e-01  3.13031701e-01 
 9.31047600e-07  3.10000000e-01  3.13031685e-01 
 9.32147600e-07  3.10000000e-01  3.13031744e-01 
 9.33247600e-07  3.10000000e-01  3.13031730e-01 
 9.34347600e-07  3.10000000e-01  3.13031791e-01 
 9.35447600e-07  3.10000000e-01  3.13031780e-01 
 9.36547600e-07  3.10000000e-01  3.13031843e-01 
 9.37647600e-07  3.10000000e-01  3.13031834e-01 
 9.38747600e-07  3.10000000e-01  3.13031899e-01 
 9.39847600e-07  3.10000000e-01  3.13031892e-01 
 9.40947600e-07  3.10000000e-01  3.13031959e-01 
 9.42047600e-07  3.10000000e-01  3.13031954e-01 
 9.43147600e-07  3.10000000e-01  3.13032024e-01 
 9.44247600e-07  3.10000000e-01  3.13032021e-01 
 9.45347600e-07  3.10000000e-01  3.13032092e-01 
 9.46447600e-07  3.10000000e-01  3.13032091e-01 
 9.47547600e-07  3.10000000e-01  3.13032164e-01 
 9.48647600e-07  3.10000000e-01  3.13032164e-01 
 9.49747600e-07  3.10000000e-01  3.13032239e-01 
 9.50847600e-07  3.10000000e-01  3.13032241e-01 
 9.51947600e-07  3.10000000e-01  3.13032317e-01 
 9.53047600e-07  3.10000000e-01  3.13032321e-01 
 9.54147600e-07  3.10000000e-01  3.13032398e-01 
 9.55247600e-07  3.10000000e-01  3.13032404e-01 
 9.56347600e-07  3.10000000e-01  3.13032483e-01 
 9.57447600e-07  3.10000000e-01  3.13032489e-01 
 9.58547600e-07  3.10000000e-01  3.13032570e-01 
 9.59647600e-07  3.10000000e-01  3.13032578e-01 
 9.60747600e-07  3.10000000e-01  3.13032659e-01 
 9.61847600e-07  3.10000000e-01  3.13032669e-01 
 9.62947600e-07  3.10000000e-01  3.13032751e-01 
 9.64047600e-07  3.10000000e-01  3.13032762e-01 
 9.65147600e-07  3.10000000e-01  3.13032846e-01 
 9.66247600e-07  3.10000000e-01  3.13032857e-01 
 9.67347600e-07  3.10000000e-01  3.13032942e-01 
 9.68447600e-07  3.10000000e-01  3.13032954e-01 
 9.69547600e-07  3.10000000e-01  3.13033040e-01 
 9.70647600e-07  3.10000000e-01  3.13033053e-01 
 9.71747600e-07  3.10000000e-01  3.13033140e-01 
 9.72847600e-07  3.10000000e-01  3.13033154e-01 
 9.73947600e-07  3.10000000e-01  3.13033242e-01 
 9.75047600e-07  3.10000000e-01  3.13033257e-01 
 9.76147600e-07  3.10000000e-01  3.13033345e-01 
 9.77247600e-07  3.10000000e-01  3.13033361e-01 
 9.78347600e-07  3.10000000e-01  3.13033450e-01 
 9.79447600e-07  3.10000000e-01  3.13033466e-01 
 9.80547600e-07  3.10000000e-01  3.13033556e-01 
 9.81647600e-07  3.10000000e-01  3.13033573e-01 
 9.82747600e-07  3.10000000e-01  3.13033663e-01 
 9.83847600e-07  3.10000000e-01  3.13033680e-01 
 9.84947600e-07  3.10000000e-01  3.13033771e-01 
 9.86047600e-07  3.10000000e-01  3.13033789e-01 
 9.87147600e-07  3.10000000e-01  3.13033880e-01 
 9.88247600e-07  3.10000000e-01  3.13033898e-01 
 9.89347600e-07  3.10000000e-01  3.13033990e-01 
 9.90447600e-07  3.10000000e-01  3.13034009e-01 
 9.91547600e-07  3.10000000e-01  3.13034101e-01 
 9.92647600e-07  3.10000000e-01  3.13034120e-01 
 9.93747600e-07  3.10000000e-01  3.13034212e-01 
 9.94847600e-07  3.10000000e-01  3.13034231e-01 
 9.95947600e-07  3.10000000e-01  3.13034324e-01 
 9.97047600e-07  3.10000000e-01  3.13034343e-01 
 9.98147600e-07  3.10000000e-01  3.13034436e-01 
 9.99247600e-07  3.10000000e-01  3.13034455e-01 
 1.00034760e-06  3.10000000e-01  3.13034548e-01 
 1.00144760e-06  3.10000000e-01  3.13034568e-01 
 1.00254760e-06  3.10000000e-01  3.13034661e-01 
 1.00364760e-06  3.10000000e-01  3.13034681e-01 
 1.00474760e-06  3.10000000e-01  3.13034774e-01 
 1.00584760e-06  3.10000000e-01  3.13034794e-01 
 1.00694760e-06  3.10000000e-01  3.13034887e-01 
 1.00804760e-06  3.10000000e-01  3.13034907e-01 
 1.00914760e-06  3.10000000e-01  3.13035000e-01 
 1.01024760e-06  3.10000000e-01  3.13035020e-01 
 1.01134760e-06  3.10000000e-01  3.13035112e-01 
 1.01244760e-06  3.10000000e-01  3.13035132e-01 
 1.01354760e-06  3.10000000e-01  3.13035225e-01 
 1.01464760e-06  3.10000000e-01  3.13035245e-01 
 1.01574760e-06  3.10000000e-01  3.13035338e-01 
 1.01684760e-06  3.10000000e-01  3.13035357e-01 
 1.01794760e-06  3.10000000e-01  3.13035450e-01 
 1.01904760e-06  3.10000000e-01  3.13035469e-01 
 1.02014760e-06  3.10000000e-01  3.13035562e-01 
 1.02124760e-06  3.10000000e-01  3.13035581e-01 
 1.02234760e-06  3.10000000e-01  3.13035673e-01 
 1.02344760e-06  3.10000000e-01  3.13035692e-01 
 1.02454760e-06  3.10000000e-01  3.13035784e-01 
 1.02564760e-06  3.10000000e-01  3.13035803e-01 
 1.02674760e-06  3.10000000e-01  3.13035894e-01 
 1.02784760e-06  3.10000000e-01  3.13035913e-01 
 1.02894760e-06  3.10000000e-01  3.13036004e-01 
 1.03004760e-06  3.10000000e-01  3.13036022e-01 
 1.03114760e-06  3.10000000e-01  3.13036113e-01 
 1.03224760e-06  3.10000000e-01  3.13036131e-01 
 1.03334760e-06  3.10000000e-01  3.13036221e-01 
 1.03444760e-06  3.10000000e-01  3.13036239e-01 
 1.03554760e-06  3.10000000e-01  3.13036329e-01 
 1.03664760e-06  3.10000000e-01  3.13036346e-01 
 1.03774760e-06  3.10000000e-01  3.13036436e-01 
 1.03884760e-06  3.10000000e-01  3.13036453e-01 
 1.03994760e-06  3.10000000e-01  3.13036542e-01 
 1.04104760e-06  3.10000000e-01  3.13036559e-01 
 1.04214760e-06  3.10000000e-01  3.13036647e-01 
 1.04324760e-06  3.10000000e-01  3.13036663e-01 
 1.04434760e-06  3.10000000e-01  3.13036752e-01 
 1.04544760e-06  3.10000000e-01  3.13036767e-01 
 1.04654760e-06  3.10000000e-01  3.13036855e-01 
 1.04764760e-06  3.10000000e-01  3.13036870e-01 
 1.04874760e-06  3.10000000e-01  3.13036957e-01 
 1.04984760e-06  3.10000000e-01  3.13036972e-01 
 1.05094760e-06  3.10000000e-01  3.13037059e-01 
 1.05204760e-06  3.10000000e-01  3.13037073e-01 
 1.05314760e-06  3.10000000e-01  3.13037159e-01 
 1.05424760e-06  3.10000000e-01  3.13037172e-01 
 1.05534760e-06  3.10000000e-01  3.13037258e-01 
 1.05644760e-06  3.10000000e-01  3.13037271e-01 
 1.05754760e-06  3.10000000e-01  3.13037356e-01 
 1.05864760e-06  3.10000000e-01  3.13037369e-01 
 1.05974760e-06  3.10000000e-01  3.13037453e-01 
 1.06084760e-06  3.10000000e-01  3.13037465e-01 
 1.06194760e-06  3.10000000e-01  3.13037549e-01 
 1.06304760e-06  3.10000000e-01  3.13037560e-01 
 1.06414760e-06  3.10000000e-01  3.13037644e-01 
 1.06524760e-06  3.10000000e-01  3.13037654e-01 
 1.06634760e-06  3.10000000e-01  3.13037737e-01 
 1.06744760e-06  3.10000000e-01  3.13037747e-01 
 1.06854760e-06  3.10000000e-01  3.13037830e-01 
 1.06964760e-06  3.10000000e-01  3.13037839e-01 
 1.07074760e-06  3.10000000e-01  3.13037921e-01 
 1.07184760e-06  3.10000000e-01  3.13037930e-01 
 1.07294760e-06  3.10000000e-01  3.13038011e-01 
 1.07404760e-06  3.10000000e-01  3.13038019e-01 
 1.07514760e-06  3.10000000e-01  3.13038099e-01 
 1.07624760e-06  3.10000000e-01  3.13038107e-01 
 1.07734760e-06  3.10000000e-01  3.13038186e-01 
 1.07844760e-06  3.10000000e-01  3.13038194e-01 
 1.07954760e-06  3.10000000e-01  3.13038273e-01 
 1.08064760e-06  3.10000000e-01  3.13038279e-01 
 1.08174760e-06  3.10000000e-01  3.13038357e-01 
 1.08284760e-06  3.10000000e-01  3.13038363e-01 
 1.08394760e-06  3.10000000e-01  3.13038441e-01 
 1.08504760e-06  3.10000000e-01  3.13038446e-01 
 1.08614760e-06  3.10000000e-01  3.13038523e-01 
 1.08724760e-06  3.10000000e-01  3.13038528e-01 
 1.08834760e-06  3.10000000e-01  3.13038604e-01 
 1.08944760e-06  3.10000000e-01  3.13038608e-01 
 1.09054760e-06  3.10000000e-01  3.13038684e-01 
 1.09164760e-06  3.10000000e-01  3.13038687e-01 
 1.09274760e-06  3.10000000e-01  3.13038762e-01 
 1.09384760e-06  3.10000000e-01  3.13038764e-01 
 1.09494760e-06  3.10000000e-01  3.13038839e-01 
 1.09604760e-06  3.10000000e-01  3.13038841e-01 
 1.09714760e-06  3.10000000e-01  3.13038914e-01 
 1.09824760e-06  3.10000000e-01  3.13038916e-01 
 1.09934760e-06  3.10000000e-01  3.13038989e-01 
 1.10000000e-06  3.10000000e-01  3.13038974e-01 
