 frequency       AmagdB          Aphdeg         
 1.00000000e+04  4.82254556e+01  1.78751082e+02 
 1.02305973e+04  4.82253594e+01  1.78722292e+02 
 1.04665121e+04  4.82252586e+01  1.78692838e+02 
 1.07078670e+04  4.82251532e+01  1.78662706e+02 
 1.09547876e+04  4.82250429e+01  1.78631880e+02 
 1.12074020e+04  4.82249274e+01  1.78600344e+02 
 1.14658417e+04  4.82248065e+01  1.78568082e+02 
 1.17302409e+04  4.82246800e+01  1.78535076e+02 
 1.20007371e+04  4.82245476e+01  1.78501311e+02 
 1.22774708e+04  4.82244090e+01  1.78466768e+02 
 1.25605860e+04  4.82242640e+01  1.78431429e+02 
 1.28502297e+04  4.82241121e+01  1.78395277e+02 
 1.31465525e+04  4.82239533e+01  1.78358293e+02 
 1.34497085e+04  4.82237870e+01  1.78320457e+02 
 1.37598551e+04  4.82236129e+01  1.78281750e+02 
 1.40771537e+04  4.82234308e+01  1.78242152e+02 
 1.44017690e+04  4.82232402e+01  1.78201643e+02 
 1.47338699e+04  4.82230406e+01  1.78160202e+02 
 1.50736290e+04  4.82228318e+01  1.78117807e+02 
 1.54212228e+04  4.82226133e+01  1.78074436e+02 
 1.57768320e+04  4.82223845e+01  1.78030068e+02 
 1.61406415e+04  4.82221451e+01  1.77984678e+02 
 1.65128404e+04  4.82218946e+01  1.77938245e+02 
 1.68936220e+04  4.82216324e+01  1.77890744e+02 
 1.72831844e+04  4.82213579e+01  1.77842151e+02 
 1.76817299e+04  4.82210707e+01  1.77792440e+02 
 1.80894658e+04  4.82207701e+01  1.77741587e+02 
 1.85066040e+04  4.82204555e+01  1.77689564e+02 
 1.89333613e+04  4.82201263e+01  1.77636346e+02 
 1.93699595e+04  4.82197817e+01  1.77581904e+02 
 1.98166255e+04  4.82194211e+01  1.77526212e+02 
 2.02735916e+04  4.82190436e+01  1.77469241e+02 
 2.07410951e+04  4.82186486e+01  1.77410961e+02 
 2.12193792e+04  4.82182353e+01  1.77351342e+02 
 2.17086923e+04  4.82178026e+01  1.77290355e+02 
 2.22092889e+04  4.82173499e+01  1.77227967e+02 
 2.27214291e+04  4.82168760e+01  1.77164148e+02 
 2.32453791e+04  4.82163802e+01  1.77098865e+02 
 2.37814113e+04  4.82158612e+01  1.77032084e+02 
 2.43298042e+04  4.82153181e+01  1.76963771e+02 
 2.48908429e+04  4.82147497e+01  1.76893892e+02 
 2.54648190e+04  4.82141549e+01  1.76822411e+02 
 2.60520309e+04  4.82135325e+01  1.76749292e+02 
 2.66527837e+04  4.82128811e+01  1.76674498e+02 
 2.72673897e+04  4.82121994e+01  1.76597991e+02 
 2.78961683e+04  4.82114860e+01  1.76519732e+02 
 2.85394464e+04  4.82107395e+01  1.76439682e+02 
 2.91975583e+04  4.82099583e+01  1.76357801e+02 
 2.98708461e+04  4.82091408e+01  1.76274046e+02 
 3.05596598e+04  4.82082853e+01  1.76188377e+02 
 3.12643573e+04  4.82073901e+01  1.76100750e+02 
 3.19853049e+04  4.82064533e+01  1.76011122e+02 
 3.27228774e+04  4.82054731e+01  1.75919447e+02 
 3.34774581e+04  4.82044473e+01  1.75825679e+02 
 3.42494392e+04  4.82033740e+01  1.75729772e+02 
 3.50392221e+04  4.82022508e+01  1.75631679e+02 
 3.58472171e+04  4.82010756e+01  1.75531350e+02 
 3.66738442e+04  4.81998459e+01  1.75428736e+02 
 3.75195331e+04  4.81985592e+01  1.75323786e+02 
 3.83847234e+04  4.81972129e+01  1.75216449e+02 
 3.92698648e+04  4.81958042e+01  1.75106671e+02 
 4.01754173e+04  4.81943303e+01  1.74994399e+02 
 4.11018515e+04  4.81927881e+01  1.74879578e+02 
 4.20496491e+04  4.81911747e+01  1.74762152e+02 
 4.30193027e+04  4.81894865e+01  1.74642063e+02 
 4.40113162e+04  4.81877204e+01  1.74519255e+02 
 4.50262052e+04  4.81858726e+01  1.74393666e+02 
 4.60644974e+04  4.81839394e+01  1.74265238e+02 
 4.71267322e+04  4.81819170e+01  1.74133907e+02 
 4.82134619e+04  4.81798013e+01  1.73999613e+02 
 4.93252513e+04  4.81775879e+01  1.73862290e+02 
 5.04626783e+04  4.81752725e+01  1.73721873e+02 
 5.16263340e+04  4.81728504e+01  1.73578297e+02 
 5.28168234e+04  4.81703168e+01  1.73431494e+02 
 5.40347650e+04  4.81676665e+01  1.73281396e+02 
 5.52807921e+04  4.81648944e+01  1.73127931e+02 
 5.65555523e+04  4.81619948e+01  1.72971031e+02 
 5.78597080e+04  4.81589620e+01  1.72810622e+02 
 5.91939372e+04  4.81557900e+01  1.72646631e+02 
 6.05589334e+04  4.81524725e+01  1.72478984e+02 
 6.19554061e+04  4.81490029e+01  1.72307605e+02 
 6.33840810e+04  4.81453744e+01  1.72132417e+02 
 6.48457008e+04  4.81415800e+01  1.71953343e+02 
 6.63410251e+04  4.81376120e+01  1.71770302e+02 
 6.78708313e+04  4.81334628e+01  1.71583216e+02 
 6.94359143e+04  4.81291243e+01  1.71392003e+02 
 7.10370877e+04  4.81245880e+01  1.71196580e+02 
 7.26751838e+04  4.81198452e+01  1.70996864e+02 
 7.43510539e+04  4.81148867e+01  1.70792770e+02 
 7.60655691e+04  4.81097029e+01  1.70584214e+02 
 7.78196206e+04  4.81042839e+01  1.70371109e+02 
 7.96141200e+04  4.80986193e+01  1.70153368e+02 
 8.14500001e+04  4.80926984e+01  1.69930903e+02 
 8.33282151e+04  4.80865098e+01  1.69703625e+02 
 8.52497412e+04  4.80800420e+01  1.69471444e+02 
 8.72155772e+04  4.80732828e+01  1.69234271e+02 
 8.92267449e+04  4.80662195e+01  1.68992014e+02 
 9.12842895e+04  4.80588390e+01  1.68744583e+02 
 9.33892805e+04  4.80511276e+01  1.68491886e+02 
 9.55428121e+04  4.80430710e+01  1.68233830e+02 
 9.77460036e+04  4.80346546e+01  1.67970323e+02 
 1.00000000e+05  4.80258630e+01  1.67701274e+02 
 1.02305973e+05  4.80166803e+01  1.67426590e+02 
 1.04665121e+05  4.80070899e+01  1.67146178e+02 
 1.07078670e+05  4.79970748e+01  1.66859946e+02 
 1.09547876e+05  4.79866171e+01  1.66567804e+02 
 1.12074020e+05  4.79756985e+01  1.66269659e+02 
 1.14658417e+05  4.79642998e+01  1.65965422e+02 
 1.17302409e+05  4.79524014e+01  1.65655003e+02 
 1.20007371e+05  4.79399826e+01  1.65338313e+02 
 1.22774708e+05  4.79270225e+01  1.65015266e+02 
 1.25605860e+05  4.79134990e+01  1.64685776e+02 
 1.28502297e+05  4.78993896e+01  1.64349758e+02 
 1.31465525e+05  4.78846709e+01  1.64007131e+02 
 1.34497085e+05  4.78693188e+01  1.63657814e+02 
 1.37598551e+05  4.78533084e+01  1.63301730e+02 
 1.40771537e+05  4.78366142e+01  1.62938804e+02 
 1.44017690e+05  4.78192095e+01  1.62568963e+02 
 1.47338699e+05  4.78010673e+01  1.62192139e+02 
 1.50736290e+05  4.77821596e+01  1.61808267e+02 
 1.54212228e+05  4.77624576e+01  1.61417284e+02 
 1.57768320e+05  4.77419317e+01  1.61019133e+02 
 1.61406415e+05  4.77205517e+01  1.60613762e+02 
 1.65128404e+05  4.76982865e+01  1.60201121e+02 
 1.68936220e+05  4.76751042e+01  1.59781168e+02 
 1.72831844e+05  4.76509722e+01  1.59353864e+02 
 1.76817299e+05  4.76258572e+01  1.58919179e+02 
 1.80894658e+05  4.75997252e+01  1.58477086e+02 
 1.85066040e+05  4.75725415e+01  1.58027565e+02 
 1.89333613e+05  4.75442707e+01  1.57570606e+02 
 1.93699595e+05  4.75148769e+01  1.57106202e+02 
 1.98166255e+05  4.74843234e+01  1.56634356e+02 
 2.02735916e+05  4.74525731e+01  1.56155080e+02 
 2.07410951e+05  4.74195883e+01  1.55668393e+02 
 2.12193792e+05  4.73853311e+01  1.55174322e+02 
 2.17086923e+05  4.73497628e+01  1.54672905e+02 
 2.22092889e+05  4.73128445e+01  1.54164189e+02 
 2.27214291e+05  4.72745372e+01  1.53648229e+02 
 2.32453791e+05  4.72348015e+01  1.53125092e+02 
 2.37814113e+05  4.71935978e+01  1.52594856e+02 
 2.43298042e+05  4.71508866e+01  1.52057608e+02 
 2.48908429e+05  4.71066282e+01  1.51513447e+02 
 2.54648190e+05  4.70607832e+01  1.50962483e+02 
 2.60520309e+05  4.70133122e+01  1.50404836e+02 
 2.66527837e+05  4.69641762e+01  1.49840641e+02 
 2.72673897e+05  4.69133365e+01  1.49270040e+02 
 2.78961683e+05  4.68607550e+01  1.48693191e+02 
 2.85394464e+05  4.68063939e+01  1.48110260e+02 
 2.91975583e+05  4.67502163e+01  1.47521429e+02 
 2.98708461e+05  4.66921860e+01  1.46926888e+02 
 3.05596598e+05  4.66322678e+01  1.46326841e+02 
 3.12643573e+05  4.65704274e+01  1.45721502e+02 
 3.19853049e+05  4.65066315e+01  1.45111096e+02 
 3.27228774e+05  4.64408483e+01  1.44495862e+02 
 3.34774581e+05  4.63730470e+01  1.43876046e+02 
 3.42494392e+05  4.63031985e+01  1.43251907e+02 
 3.50392221e+05  4.62312751e+01  1.42623713e+02 
 3.58472171e+05  4.61572508e+01  1.41991741e+02 
 3.66738442e+05  4.60811013e+01  1.41356278e+02 
 3.75195331e+05  4.60028040e+01  1.40717619e+02 
 3.83847234e+05  4.59223384e+01  1.40076066e+02 
 3.92698648e+05  4.58396859e+01  1.39431930e+02 
 4.01754173e+05  4.57548300e+01  1.38785527e+02 
 4.11018515e+05  4.56677562e+01  1.38137178e+02 
 4.20496491e+05  4.55784524e+01  1.37487212e+02 
 4.30193027e+05  4.54869085e+01  1.36835960e+02 
 4.40113162e+05  4.53931169e+01  1.36183755e+02 
 4.50262052e+05  4.52970721e+01  1.35530935e+02 
 4.60644974e+05  4.51987711e+01  1.34877839e+02 
 4.71267322e+05  4.50982131e+01  1.34224805e+02 
 4.82134619e+05  4.49953997e+01  1.33572173e+02 
 4.93252513e+05  4.48903349e+01  1.32920281e+02 
 5.04626783e+05  4.47830249e+01  1.32269465e+02 
 5.16263340e+05  4.46734784e+01  1.31620059e+02 
 5.28168234e+05  4.45617061e+01  1.30972392e+02 
 5.40347650e+05  4.44477210e+01  1.30326789e+02 
 5.52807921e+05  4.43315384e+01  1.29683571e+02 
 5.65555523e+05  4.42131756e+01  1.29043052e+02 
 5.78597080e+05  4.40926519e+01  1.28405539e+02 
 5.91939372e+05  4.39699887e+01  1.27771332e+02 
 6.05589334e+05  4.38452090e+01  1.27140723e+02 
 6.19554061e+05  4.37183379e+01  1.26513995e+02 
 6.33840810e+05  4.35894019e+01  1.25891423e+02 
 6.48457008e+05  4.34584295e+01  1.25273270e+02 
 6.63410251e+05  4.33254502e+01  1.24659791e+02 
 6.78708313e+05  4.31904953e+01  1.24051229e+02 
 6.94359143e+05  4.30535972e+01  1.23447819e+02 
 7.10370877e+05  4.29147895e+01  1.22849780e+02 
 7.26751838e+05  4.27741068e+01  1.22257324e+02 
 7.43510539e+05  4.26315849e+01  1.21670649e+02 
 7.60655691e+05  4.24872600e+01  1.21089943e+02 
 7.78196206e+05  4.23411696e+01  1.20515380e+02 
 7.96141200e+05  4.21933515e+01  1.19947125e+02 
 8.14500001e+05  4.20438440e+01  1.19385329e+02 
 8.33282151e+05  4.18926859e+01  1.18830132e+02 
 8.52497412e+05  4.17399165e+01  1.18281663e+02 
 8.72155772e+05  4.15855752e+01  1.17740038e+02 
 8.92267449e+05  4.14297014e+01  1.17205364e+02 
 9.12842895e+05  4.12723348e+01  1.16677734e+02 
 9.33892805e+05  4.11135149e+01  1.16157233e+02 
 9.55428121e+05  4.09532812e+01  1.15643933e+02 
 9.77460036e+05  4.07916731e+01  1.15137898e+02 
 1.00000000e+06  4.06287296e+01  1.14639180e+02 
 1.02305973e+06  4.04644894e+01  1.14147822e+02 
 1.04665121e+06  4.02989908e+01  1.13663858e+02 
 1.07078670e+06  4.01322719e+01  1.13187313e+02 
 1.09547876e+06  3.99643700e+01  1.12718202e+02 
 1.12074020e+06  3.97953222e+01  1.12256533e+02 
 1.14658417e+06  3.96251648e+01  1.11802307e+02 
 1.17302409e+06  3.94539335e+01  1.11355515e+02 
 1.20007371e+06  3.92816635e+01  1.10916142e+02 
 1.22774708e+06  3.91083892e+01  1.10484168e+02 
 1.25605860e+06  3.89341444e+01  1.10059563e+02 
 1.28502297e+06  3.87589621e+01  1.09642294e+02 
 1.31465525e+06  3.85828747e+01  1.09232321e+02 
 1.34497085e+06  3.84059137e+01  1.08829599e+02 
 1.37598551e+06  3.82281098e+01  1.08434076e+02 
 1.40771537e+06  3.80494933e+01  1.08045700e+02 
 1.44017690e+06  3.78700932e+01  1.07664410e+02 
 1.47338699e+06  3.76899381e+01  1.07290144e+02 
 1.50736290e+06  3.75090556e+01  1.06922834e+02 
 1.54212228e+06  3.73274728e+01  1.06562411e+02 
 1.57768320e+06  3.71452156e+01  1.06208801e+02 
 1.61406415e+06  3.69623095e+01  1.05861928e+02 
 1.65128404e+06  3.67787790e+01  1.05521714e+02 
 1.68936220e+06  3.65946480e+01  1.05188078e+02 
 1.72831844e+06  3.64099396e+01  1.04860937e+02 
 1.76817299e+06  3.62246761e+01  1.04540205e+02 
 1.80894658e+06  3.60388792e+01  1.04225798e+02 
 1.85066040e+06  3.58525696e+01  1.03917626e+02 
 1.89333613e+06  3.56657677e+01  1.03615602e+02 
 1.93699595e+06  3.54784929e+01  1.03319635e+02 
 1.98166255e+06  3.52907641e+01  1.03029634e+02 
 2.02735916e+06  3.51025994e+01  1.02745509e+02 
 2.07410951e+06  3.49140164e+01  1.02467168e+02 
 2.12193792e+06  3.47250320e+01  1.02194518e+02 
 2.17086923e+06  3.45356625e+01  1.01927467e+02 
 2.22092889e+06  3.43459235e+01  1.01665923e+02 
 2.27214291e+06  3.41558302e+01  1.01409793e+02 
 2.32453791e+06  3.39653972e+01  1.01158985e+02 
 2.37814113e+06  3.37746383e+01  1.00913408e+02 
 2.43298042e+06  3.35835673e+01  1.00672969e+02 
 2.48908429e+06  3.33921969e+01  1.00437577e+02 
 2.54648190e+06  3.32005396e+01  1.00207142e+02 
 2.60520309e+06  3.30086075e+01  9.99815746e+01 
 2.66527837e+06  3.28164120e+01  9.97607844e+01 
 2.72673897e+06  3.26239642e+01  9.95446834e+01 
 2.78961683e+06  3.24312748e+01  9.93331837e+01 
 2.85394464e+06  3.22383539e+01  9.91261984e+01 
 2.91975583e+06  3.20452113e+01  9.89236416e+01 
 2.98708461e+06  3.18518564e+01  9.87254282e+01 
 3.05596598e+06  3.16582984e+01  9.85314740e+01 
 3.12643573e+06  3.14645457e+01  9.83416962e+01 
 3.19853049e+06  3.12706068e+01  9.81560126e+01 
 3.27228774e+06  3.10764895e+01  9.79743424e+01 
 3.34774581e+06  3.08822016e+01  9.77966056e+01 
 3.42494392e+06  3.06877504e+01  9.76227236e+01 
 3.50392221e+06  3.04931428e+01  9.74526188e+01 
 3.58472171e+06  3.02983856e+01  9.72862148e+01 
 3.66738442e+06  3.01034854e+01  9.71234363e+01 
 3.75195331e+06  2.99084481e+01  9.69642091e+01 
 3.83847234e+06  2.97132799e+01  9.68084603e+01 
 3.92698648e+06  2.95179863e+01  9.66561181e+01 
 4.01754173e+06  2.93225728e+01  9.65071121e+01 
 4.11018515e+06  2.91270445e+01  9.63613727e+01 
 4.20496491e+06  2.89314066e+01  9.62188317e+01 
 4.30193027e+06  2.87356637e+01  9.60794221e+01 
 4.40113162e+06  2.85398205e+01  9.59430780e+01 
 4.50262052e+06  2.83438812e+01  9.58097347e+01 
 4.60644974e+06  2.81478502e+01  9.56793286e+01 
 4.71267322e+06  2.79517313e+01  9.55517975e+01 
 4.82134619e+06  2.77555286e+01  9.54270799e+01 
 4.93252513e+06  2.75592455e+01  9.53051158e+01 
 5.04626783e+06  2.73628857e+01  9.51858463e+01 
 5.16263340e+06  2.71664524e+01  9.50692133e+01 
 5.28168234e+06  2.69699490e+01  9.49551603e+01 
 5.40347650e+06  2.67733786e+01  9.48436314e+01 
 5.52807921e+06  2.65767439e+01  9.47345721e+01 
 5.65555523e+06  2.63800479e+01  9.46279288e+01 
 5.78597080e+06  2.61832934e+01  9.45236491e+01 
 5.91939372e+06  2.59864827e+01  9.44216815e+01 
 6.05589334e+06  2.57896185e+01  9.43219755e+01 
 6.19554061e+06  2.55927031e+01  9.42244818e+01 
 6.33840810e+06  2.53957387e+01  9.41291519e+01 
 6.48457008e+06  2.51987275e+01  9.40359384e+01 
 6.63410251e+06  2.50016715e+01  9.39447947e+01 
 6.78708313e+06  2.48045728e+01  9.38556754e+01 
 6.94359143e+06  2.46074332e+01  9.37685358e+01 
 7.10370877e+06  2.44102546e+01  9.36833322e+01 
 7.26751838e+06  2.42130386e+01  9.36000219e+01 
 7.43510539e+06  2.40157870e+01  9.35185629e+01 
 7.60655691e+06  2.38185012e+01  9.34389142e+01 
 7.78196206e+06  2.36211828e+01  9.33610356e+01 
 7.96141200e+06  2.34238333e+01  9.32848878e+01 
 8.14500001e+06  2.32264540e+01  9.32104323e+01 
 8.33282151e+06  2.30290462e+01  9.31376313e+01 
 8.52497412e+06  2.28316112e+01  9.30664480e+01 
 8.72155772e+06  2.26341503e+01  9.29968462e+01 
 8.92267449e+06  2.24366645e+01  9.29287906e+01 
 9.12842895e+06  2.22391549e+01  9.28622465e+01 
 9.33892805e+06  2.20416227e+01  9.27971801e+01 
 9.55428121e+06  2.18440688e+01  9.27335582e+01 
 9.77460036e+06  2.16464942e+01  9.26713483e+01 
 1.00000000e+07  2.14488997e+01  9.26105188e+01 
 1.02305973e+07  2.12512864e+01  9.25510384e+01 
 1.04665121e+07  2.10536550e+01  9.24928769e+01 
 1.07078670e+07  2.08560063e+01  9.24360044e+01 
 1.09547876e+07  2.06583410e+01  9.23803918e+01 
 1.12074020e+07  2.04606601e+01  9.23260107e+01 
 1.14658417e+07  2.02629640e+01  9.22728331e+01 
 1.17302409e+07  2.00652535e+01  9.22208318e+01 
 1.20007371e+07  1.98675293e+01  9.21699800e+01 
 1.22774708e+07  1.96697919e+01  9.21202517e+01 
 1.25605860e+07  1.94720419e+01  9.20716213e+01 
 1.28502297e+07  1.92742799e+01  9.20240638e+01 
 1.31465525e+07  1.90765065e+01  9.19775548e+01 
 1.34497085e+07  1.88787221e+01  9.19320702e+01 
 1.37598551e+07  1.86809272e+01  9.18875868e+01 
 1.40771537e+07  1.84831223e+01  9.18440814e+01 
 1.44017690e+07  1.82853078e+01  9.18015319e+01 
 1.47338699e+07  1.80874842e+01  9.17599161e+01 
 1.50736290e+07  1.78896519e+01  9.17192127e+01 
 1.54212228e+07  1.76918112e+01  9.16794007e+01 
 1.57768320e+07  1.74939625e+01  9.16404594e+01 
 1.61406415e+07  1.72961062e+01  9.16023689e+01 
 1.65128404e+07  1.70982426e+01  9.15651094e+01 
 1.68936220e+07  1.69003721e+01  9.15286616e+01 
 1.72831844e+07  1.67024949e+01  9.14930069e+01 
 1.76817299e+07  1.65046114e+01  9.14581267e+01 
 1.80894658e+07  1.63067218e+01  9.14240029e+01 
 1.85066040e+07  1.61088265e+01  9.13906181e+01 
 1.89333613e+07  1.59109255e+01  9.13579548e+01 
 1.93699595e+07  1.57130193e+01  9.13259962e+01 
 1.98166255e+07  1.55151080e+01  9.12947257e+01 
 2.02735916e+07  1.53171919e+01  9.12641272e+01 
 2.07410951e+07  1.51192712e+01  9.12341849e+01 
 2.12193792e+07  1.49213461e+01  9.12048832e+01 
 2.17086923e+07  1.47234167e+01  9.11762069e+01 
 2.22092889e+07  1.45254833e+01  9.11481412e+01 
 2.27214291e+07  1.43275461e+01  9.11206717e+01 
 2.32453791e+07  1.41296052e+01  9.10937839e+01 
 2.37814113e+07  1.39316608e+01  9.10674640e+01 
 2.43298042e+07  1.37337131e+01  9.10416984e+01 
 2.48908429e+07  1.35357621e+01  9.10164737e+01 
 2.54648190e+07  1.33378081e+01  9.09917769e+01 
 2.60520309e+07  1.31398511e+01  9.09675950e+01 
 2.66527837e+07  1.29418914e+01  9.09439157e+01 
 2.72673897e+07  1.27439289e+01  9.09207266e+01 
 2.78961683e+07  1.25459640e+01  9.08980156e+01 
 2.85394464e+07  1.23479965e+01  9.08757711e+01 
 2.91975583e+07  1.21500268e+01  9.08539814e+01 
 2.98708461e+07  1.19520548e+01  9.08326353e+01 
 3.05596598e+07  1.17540808e+01  9.08117216e+01 
 3.12643573e+07  1.15561046e+01  9.07912296e+01 
 3.19853049e+07  1.13581266e+01  9.07711486e+01 
 3.27228774e+07  1.11601467e+01  9.07514682e+01 
 3.34774581e+07  1.09621650e+01  9.07321782e+01 
 3.42494392e+07  1.07641816e+01  9.07132685e+01 
 3.50392221e+07  1.05661967e+01  9.06947293e+01 
 3.58472171e+07  1.03682101e+01  9.06765511e+01 
 3.66738442e+07  1.01702221e+01  9.06587244e+01 
 3.75195331e+07  9.97223273e+00  9.06412399e+01 
 3.83847234e+07  9.77424198e+00  9.06240885e+01 
 3.92698648e+07  9.57624995e+00  9.06072614e+01 
 4.01754173e+07  9.37825669e+00  9.05907498e+01 
 4.11018515e+07  9.18026227e+00  9.05745451e+01 
 4.20496491e+07  8.98226672e+00  9.05586389e+01 
 4.30193027e+07  8.78427011e+00  9.05430230e+01 
 4.40113162e+07  8.58627248e+00  9.05276892e+01 
 4.50262052e+07  8.38827387e+00  9.05126297e+01 
 4.60644974e+07  8.19027434e+00  9.04978365e+01 
 4.71267322e+07  7.99227392e+00  9.04833019e+01 
 4.82134619e+07  7.79427265e+00  9.04690185e+01 
 4.93252513e+07  7.59627058e+00  9.04549788e+01 
 5.04626783e+07  7.39826774e+00  9.04411756e+01 
 5.16263340e+07  7.20026415e+00  9.04276015e+01 
 5.28168234e+07  7.00225987e+00  9.04142497e+01 
 5.40347650e+07  6.80425492e+00  9.04011132e+01 
 5.52807921e+07  6.60624933e+00  9.03881850e+01 
 5.65555523e+07  6.40824312e+00  9.03754586e+01 
 5.78597080e+07  6.21023634e+00  9.03629273e+01 
 5.91939372e+07  6.01222901e+00  9.03505846e+01 
 6.05589334e+07  5.81422114e+00  9.03384241e+01 
 6.19554061e+07  5.61621277e+00  9.03264394e+01 
 6.33840810e+07  5.41820392e+00  9.03146244e+01 
 6.48457008e+07  5.22019462e+00  9.03029729e+01 
 6.63410251e+07  5.02218488e+00  9.02914789e+01 
 6.78708313e+07  4.82417473e+00  9.02801363e+01 
 6.94359143e+07  4.62616418e+00  9.02689393e+01 
 7.10370877e+07  4.42815326e+00  9.02578820e+01 
 7.26751838e+07  4.23014198e+00  9.02469588e+01 
 7.43510539e+07  4.03213036e+00  9.02361639e+01 
 7.60655691e+07  3.83411842e+00  9.02254918e+01 
 7.78196206e+07  3.63610618e+00  9.02149368e+01 
 7.96141200e+07  3.43809364e+00  9.02044935e+01 
 8.14500001e+07  3.24008083e+00  9.01941565e+01 
 8.33282151e+07  3.04206777e+00  9.01839204e+01 
 8.52497412e+07  2.84405445e+00  9.01737799e+01 
 8.72155772e+07  2.64604090e+00  9.01637297e+01 
 8.92267449e+07  2.44802714e+00  9.01537646e+01 
 9.12842895e+07  2.25001317e+00  9.01438794e+01 
 9.33892805e+07  2.05199900e+00  9.01340690e+01 
 9.55428121e+07  1.85398465e+00  9.01243282e+01 
 9.77460036e+07  1.65597013e+00  9.01146521e+01 
 1.00000000e+08  1.45795544e+00  9.01050356e+01 
 1.02305973e+08  1.25994061e+00  9.00954736e+01 
 1.04665121e+08  1.06192564e+00  9.00859612e+01 
 1.07078670e+08  8.63910536e-01  9.00764936e+01 
 1.09547876e+08  6.65895314e-01  9.00670657e+01 
 1.12074020e+08  4.67879982e-01  9.00576726e+01 
 1.14658417e+08  2.69864548e-01  9.00483095e+01 
 1.17302409e+08  7.18490227e-02  9.00389715e+01 
 1.20007371e+08 -1.26166586e-01  9.00296538e+01 
 1.22774708e+08 -3.24182269e-01  9.00203515e+01 
 1.25605860e+08 -5.22198018e-01  9.00110597e+01 
 1.28502297e+08 -7.20213824e-01  9.00017737e+01 
 1.31465525e+08 -9.18229679e-01  8.99924886e+01 
 1.34497085e+08 -1.11624557e+00  8.99831996e+01 
 1.37598551e+08 -1.31426150e+00  8.99739019e+01 
 1.40771537e+08 -1.51227746e+00  8.99645906e+01 
 1.44017690e+08 -1.71029343e+00  8.99552609e+01 
 1.47338699e+08 -1.90830941e+00  8.99459080e+01 
 1.50736290e+08 -2.10632539e+00  8.99365269e+01 
 1.54212228e+08 -2.30434136e+00  8.99271128e+01 
 1.57768320e+08 -2.50235732e+00  8.99176609e+01 
 1.61406415e+08 -2.70037325e+00  8.99081661e+01 
 1.65128404e+08 -2.89838915e+00  8.98986237e+01 
 1.68936220e+08 -3.09640502e+00  8.98890285e+01 
 1.72831844e+08 -3.29442083e+00  8.98793757e+01 
 1.76817299e+08 -3.49243659e+00  8.98696601e+01 
 1.80894658e+08 -3.69045229e+00  8.98598769e+01 
 1.85066040e+08 -3.88846792e+00  8.98500208e+01 
 1.89333613e+08 -4.08648346e+00  8.98400867e+01 
 1.93699595e+08 -4.28449891e+00  8.98300695e+01 
 1.98166255e+08 -4.48251426e+00  8.98199640e+01 
 2.02735916e+08 -4.68052951e+00  8.98097650e+01 
 2.07410951e+08 -4.87854463e+00  8.97994670e+01 
 2.12193792e+08 -5.07655963e+00  8.97890649e+01 
 2.17086923e+08 -5.27457449e+00  8.97785531e+01 
 2.22092889e+08 -5.47258921e+00  8.97679262e+01 
 2.27214291e+08 -5.67060376e+00  8.97571787e+01 
 2.32453791e+08 -5.86861815e+00  8.97463050e+01 
 2.37814113e+08 -6.06663235e+00  8.97352994e+01 
 2.43298042e+08 -6.26464636e+00  8.97241563e+01 
 2.48908429e+08 -6.46266017e+00  8.97128697e+01 
 2.54648190e+08 -6.66067376e+00  8.97014340e+01 
 2.60520309e+08 -6.85868712e+00  8.96898431e+01 
 2.66527837e+08 -7.05670024e+00  8.96780910e+01 
 2.72673897e+08 -7.25471310e+00  8.96661716e+01 
 2.78961683e+08 -7.45272569e+00  8.96540787e+01 
 2.85394464e+08 -7.65073799e+00  8.96418060e+01 
 2.91975583e+08 -7.84874999e+00  8.96293471e+01 
 2.98708461e+08 -8.04676167e+00  8.96166956e+01 
 3.05596598e+08 -8.24477302e+00  8.96038449e+01 
 3.12643573e+08 -8.44278401e+00  8.95907883e+01 
 3.19853049e+08 -8.64079464e+00  8.95775190e+01 
 3.27228774e+08 -8.83880487e+00  8.95640301e+01 
 3.34774581e+08 -9.03681469e+00  8.95503147e+01 
 3.42494392e+08 -9.23482408e+00  8.95363656e+01 
 3.50392221e+08 -9.43283302e+00  8.95221755e+01 
 3.58472171e+08 -9.63084149e+00  8.95077371e+01 
 3.66738442e+08 -9.82884945e+00  8.94930428e+01 
 3.75195331e+08 -1.00268569e+01  8.94780851e+01 
 3.83847234e+08 -1.02248638e+01  8.94628561e+01 
 3.92698648e+08 -1.04228701e+01  8.94473480e+01 
 4.01754173e+08 -1.06208758e+01  8.94315527e+01 
 4.11018515e+08 -1.08188809e+01  8.94154619e+01 
 4.20496491e+08 -1.10168853e+01  8.93990674e+01 
 4.30193027e+08 -1.12148890e+01  8.93823605e+01 
 4.40113162e+08 -1.14128920e+01  8.93653327e+01 
 4.50262052e+08 -1.16108943e+01  8.93479751e+01 
 4.60644974e+08 -1.18088957e+01  8.93302786e+01 
 4.71267322e+08 -1.20068963e+01  8.93122341e+01 
 4.82134619e+08 -1.22048960e+01  8.92938322e+01 
 4.93252513e+08 -1.24028948e+01  8.92750633e+01 
 5.04626783e+08 -1.26008926e+01  8.92559177e+01 
 5.16263340e+08 -1.27988894e+01  8.92363854e+01 
 5.28168234e+08 -1.29968852e+01  8.92164563e+01 
 5.40347650e+08 -1.31948798e+01  8.91961200e+01 
 5.52807921e+08 -1.33928733e+01  8.91753660e+01 
 5.65555523e+08 -1.35908656e+01  8.91541835e+01 
 5.78597080e+08 -1.37888566e+01  8.91325615e+01 
 5.91939372e+08 -1.39868463e+01  8.91104887e+01 
 6.05589334e+08 -1.41848345e+01  8.90879538e+01 
 6.19554061e+08 -1.43828214e+01  8.90649449e+01 
 6.33840810e+08 -1.45808066e+01  8.90414501e+01 
 6.48457008e+08 -1.47787903e+01  8.90174573e+01 
 6.63410251e+08 -1.49767724e+01  8.89929540e+01 
 6.78708313e+08 -1.51747526e+01  8.89679274e+01 
 6.94359143e+08 -1.53727310e+01  8.89423646e+01 
 7.10370877e+08 -1.55707075e+01  8.89162523e+01 
 7.26751838e+08 -1.57686820e+01  8.88895769e+01 
 7.43510539e+08 -1.59666544e+01  8.88623245e+01 
 7.60655691e+08 -1.61646246e+01  8.88344811e+01 
 7.78196206e+08 -1.63625925e+01  8.88060322e+01 
 7.96141200e+08 -1.65605579e+01  8.87769630e+01 
 8.14500001e+08 -1.67585208e+01  8.87472584e+01 
 8.33282151e+08 -1.69564811e+01  8.87169031e+01 
 8.52497412e+08 -1.71544386e+01  8.86858811e+01 
 8.72155772e+08 -1.73523932e+01  8.86541766e+01 
 8.92267449e+08 -1.75503448e+01  8.86217729e+01 
 9.12842895e+08 -1.77482932e+01  8.85886533e+01 
 9.33892805e+08 -1.79462383e+01  8.85548006e+01 
 9.55428121e+08 -1.81441799e+01  8.85201973e+01 
 9.77460036e+08 -1.83421178e+01  8.84848254e+01 
 1.00000000e+09 -1.85400520e+01  8.84486665e+01 
 1.02305973e+09 -1.87379821e+01  8.84117019e+01 
 1.04665121e+09 -1.89359081e+01  8.83739124e+01 
 1.07078670e+09 -1.91338297e+01  8.83352784e+01 
 1.09547876e+09 -1.93317467e+01  8.82957800e+01 
 1.12074020e+09 -1.95296589e+01  8.82553966e+01 
 1.14658417e+09 -1.97275661e+01  8.82141072e+01 
 1.17302409e+09 -1.99254681e+01  8.81718906e+01 
 1.20007371e+09 -2.01233646e+01  8.81287248e+01 
 1.22774708e+09 -2.03212553e+01  8.80845874e+01 
 1.25605860e+09 -2.05191400e+01  8.80394556e+01 
 1.28502297e+09 -2.07170184e+01  8.79933061e+01 
 1.31465525e+09 -2.09148903e+01  8.79461148e+01 
 1.34497085e+09 -2.11127552e+01  8.78978574e+01 
 1.37598551e+09 -2.13106129e+01  8.78485090e+01 
 1.40771537e+09 -2.15084631e+01  8.77980438e+01 
 1.44017690e+09 -2.17063053e+01  8.77464359e+01 
 1.47338699e+09 -2.19041393e+01  8.76936586e+01 
 1.50736290e+09 -2.21019646e+01  8.76396844e+01 
 1.54212228e+09 -2.22997808e+01  8.75844856e+01 
 1.57768320e+09 -2.24975876e+01  8.75280336e+01 
 1.61406415e+09 -2.26953844e+01  8.74702992e+01 
 1.65128404e+09 -2.28931709e+01  8.74112526e+01 
 1.68936220e+09 -2.30909464e+01  8.73508632e+01 
 1.72831844e+09 -2.32887106e+01  8.72890998e+01 
 1.76817299e+09 -2.34864629e+01  8.72259307e+01 
 1.80894658e+09 -2.36842027e+01  8.71613232e+01 
 1.85066040e+09 -2.38819295e+01  8.70952438e+01 
 1.89333613e+09 -2.40796426e+01  8.70276587e+01 
 1.93699595e+09 -2.42773414e+01  8.69585328e+01 
 1.98166255e+09 -2.44750253e+01  8.68878306e+01 
 2.02735916e+09 -2.46726935e+01  8.68155156e+01 
 2.07410951e+09 -2.48703453e+01  8.67415507e+01 
 2.12193792e+09 -2.50679800e+01  8.66658976e+01 
 2.17086923e+09 -2.52655968e+01  8.65885176e+01 
 2.22092889e+09 -2.54631947e+01  8.65093707e+01 
 2.27214291e+09 -2.56607731e+01  8.64284164e+01 
 2.32453791e+09 -2.58583309e+01  8.63456129e+01 
 2.37814113e+09 -2.60558671e+01  8.62609179e+01 
 2.43298042e+09 -2.62533809e+01  8.61742877e+01 
 2.48908429e+09 -2.64508711e+01  8.60856780e+01 
 2.54648190e+09 -2.66483366e+01  8.59950434e+01 
 2.60520309e+09 -2.68457764e+01  8.59023374e+01 
 2.66527837e+09 -2.70431891e+01  8.58075125e+01 
 2.72673897e+09 -2.72405736e+01  8.57105203e+01 
 2.78961683e+09 -2.74379285e+01  8.56113111e+01 
 2.85394464e+09 -2.76352525e+01  8.55098344e+01 
 2.91975583e+09 -2.78325442e+01  8.54060382e+01 
 2.98708461e+09 -2.80298019e+01  8.52998697e+01 
 3.05596598e+09 -2.82270242e+01  8.51912747e+01 
 3.12643573e+09 -2.84242094e+01  8.50801980e+01 
 3.19853049e+09 -2.86213559e+01  8.49665831e+01 
 3.27228774e+09 -2.88184617e+01  8.48503723e+01 
 3.34774581e+09 -2.90155250e+01  8.47315066e+01 
 3.42494392e+09 -2.92125439e+01  8.46099257e+01 
 3.50392221e+09 -2.94095162e+01  8.44855682e+01 
 3.58472171e+09 -2.96064400e+01  8.43583710e+01 
 3.66738442e+09 -2.98033127e+01  8.42282700e+01 
 3.75195331e+09 -3.00001323e+01  8.40951996e+01 
 3.83847234e+09 -3.01968961e+01  8.39590927e+01 
 3.92698648e+09 -3.03936016e+01  8.38198808e+01 
 4.01754173e+09 -3.05902461e+01  8.36774942e+01 
 4.11018515e+09 -3.07868268e+01  8.35318614e+01 
 4.20496491e+09 -3.09833407e+01  8.33829095e+01 
 4.30193027e+09 -3.11797848e+01  8.32305641e+01 
 4.40113162e+09 -3.13761558e+01  8.30747492e+01 
 4.50262052e+09 -3.15724505e+01  8.29153874e+01 
 4.60644974e+09 -3.17686652e+01  8.27523994e+01 
 4.71267322e+09 -3.19647963e+01  8.25857045e+01 
 4.82134619e+09 -3.21608399e+01  8.24152203e+01 
 4.93252513e+09 -3.23567921e+01  8.22408626e+01 
 5.04626783e+09 -3.25526486e+01  8.20625456e+01 
 5.16263340e+09 -3.27484050e+01  8.18801820e+01 
 5.28168234e+09 -3.29440568e+01  8.16936822e+01 
 5.40347650e+09 -3.31395991e+01  8.15029554e+01 
 5.52807921e+09 -3.33350270e+01  8.13079087e+01 
 5.65555523e+09 -3.35303353e+01  8.11084475e+01 
 5.78597080e+09 -3.37255183e+01  8.09044753e+01 
 5.91939372e+09 -3.39205706e+01  8.06958938e+01 
 6.05589334e+09 -3.41154860e+01  8.04826029e+01 
 6.19554061e+09 -3.43102583e+01  8.02645004e+01 
 6.33840810e+09 -3.45048811e+01  8.00414825e+01 
 6.48457008e+09 -3.46993475e+01  7.98134433e+01 
 6.63410251e+09 -3.48936505e+01  7.95802751e+01 
 6.78708313e+09 -3.50877827e+01  7.93418681e+01 
 6.94359143e+09 -3.52817362e+01  7.90981108e+01 
 7.10370877e+09 -3.54755031e+01  7.88488895e+01 
 7.26751838e+09 -3.56690749e+01  7.85940887e+01 
 7.43510539e+09 -3.58624428e+01  7.83335911e+01 
 7.60655691e+09 -3.60555977e+01  7.80672771e+01 
 7.78196206e+09 -3.62485300e+01  7.77950256e+01 
 7.96141200e+09 -3.64412296e+01  7.75167131e+01 
 8.14500001e+09 -3.66336863e+01  7.72322146e+01 
 8.33282151e+09 -3.68258891e+01  7.69414030e+01 
 8.52497412e+09 -3.70178268e+01  7.66441493e+01 
 8.72155772e+09 -3.72094875e+01  7.63403228e+01 
 8.92267449e+09 -3.74008590e+01  7.60297908e+01 
 9.12842895e+09 -3.75919284e+01  7.57124189e+01 
 9.33892805e+09 -3.77826823e+01  7.53880708e+01 
 9.55428121e+09 -3.79731070e+01  7.50566089e+01 
 9.77460036e+09 -3.81631880e+01  7.47178934e+01 
 1.00000000e+10 -3.83529101e+01  7.43717833e+01 
