 v-sweep         ID              Gds            
 0.00000000e+00 -4.75413563e-12  1.49391508e-05 
 6.00000000e-03  8.48300366e-08  1.33553372e-05 
 1.20000000e-02  1.60457691e-07  1.18707022e-05 
 1.80000000e-02  2.27483338e-07  1.04884772e-05 
 2.40000000e-02  2.86529124e-07  9.21107165e-06 
 3.00000000e-02  3.38228709e-07  8.03988219e-06 
 3.60000000e-02  3.83220653e-07  6.97511980e-06 
 4.20000000e-02  4.22140875e-07  6.01567470e-06 
 4.80000000e-02  4.55614457e-07  5.15903599e-06 
 5.40000000e-02  4.84247162e-07  4.40127935e-06 
 6.00000000e-02  5.08617100e-07  3.73712707e-06 
 6.60000000e-02  5.29266958e-07  3.16007522e-06 
 7.20000000e-02  5.46697164e-07  2.66257639e-06 
 7.80000000e-02  5.61360291e-07  2.23626780e-06 
 8.40000000e-02  5.73656975e-07  1.87225185e-06 
 9.00000000e-02  5.83933768e-07  1.56147644e-06 
 9.60000000e-02  5.92483859e-07  1.29532990e-06 
 1.02000000e-01  5.99552394e-07  1.06660855e-06 
 1.08000000e-01  6.05952046e-07  8.70830619e-07 
 1.14000000e-01  6.10573774e-07  7.07130175e-07 
 1.20000000e-01  6.14309108e-07  5.77111023e-07 
 1.26000000e-01  6.17364460e-07  4.81260391e-07 
 1.32000000e-01  6.19947867e-07  4.15990203e-07 
 1.38000000e-01  6.22234265e-07  3.74330943e-07 
 1.44000000e-01  6.24345419e-07  3.48788617e-07 
 1.50000000e-01  6.26355147e-07  3.33359619e-07 
 1.56000000e-01  6.28305147e-07  3.23967837e-07 
 1.62000000e-01  6.30218509e-07  3.18085981e-07 
 1.68000000e-01  6.32108071e-07  3.14217994e-07 
 1.74000000e-01  6.33981028e-07  3.11496465e-07 
 1.80000000e-01  6.35841419e-07  3.09421927e-07 
 1.86000000e-01  6.37691490e-07  3.07706870e-07 
 1.92000000e-01  6.39532456e-07  3.06185538e-07 
 1.98000000e-01  6.41364937e-07  3.04762372e-07 
 2.04000000e-01  6.43189209e-07  3.03382570e-07 
 2.10000000e-01  6.45005353e-07  3.02015141e-07 
 2.16000000e-01  6.46813340e-07  3.00643109e-07 
 2.22000000e-01  6.48613088e-07  2.99257770e-07 
 2.28000000e-01  6.50404487e-07  2.97855296e-07 
 2.34000000e-01  6.52187420e-07  2.96434707e-07 
 2.40000000e-01  6.53961775e-07  2.94996657e-07 
 2.46000000e-01  6.55727450e-07  2.93542697e-07 
 2.52000000e-01  6.57484351e-07  2.92074832e-07 
 2.58000000e-01  6.59232403e-07  2.90595257e-07 
 2.64000000e-01  6.60971541e-07  2.89106192e-07 
 2.70000000e-01  6.62701715e-07  2.87609796e-07 
 2.76000000e-01  6.64422888e-07  2.86108110e-07 
 2.82000000e-01  6.66135034e-07  2.84603036e-07 
 2.88000000e-01  6.67838138e-07  2.83096322e-07 
 2.94000000e-01  6.69532196e-07  2.81589565e-07 
 3.00000000e-01  6.71217213e-07  2.80084213e-07 
 3.06000000e-01  6.72893201e-07  2.78581572e-07 
 3.12000000e-01  6.74560181e-07  2.77082819e-07 
 3.18000000e-01  6.76218180e-07  2.75589005e-07 
 3.24000000e-01  6.77867230e-07  2.74101073e-07 
 3.30000000e-01  6.79507369e-07  2.72619861e-07 
 3.36000000e-01  6.81138641e-07  2.71146114e-07 
 3.42000000e-01  6.82761093e-07  2.69680492e-07 
 3.48000000e-01  6.84374774e-07  2.68223578e-07 
 3.54000000e-01  6.85979741e-07  2.66775884e-07 
 3.60000000e-01  6.87576048e-07  2.65337860e-07 
 3.66000000e-01  6.89163756e-07  2.63909898e-07 
 3.72000000e-01  6.90742927e-07  2.62492337e-07 
 3.78000000e-01  6.92313623e-07  2.61085471e-07 
 3.84000000e-01  6.93875910e-07  2.59689549e-07 
 3.90000000e-01  6.95429854e-07  2.58304785e-07 
 3.96000000e-01  6.96975522e-07  2.56931355e-07 
 4.02000000e-01  6.98512985e-07  2.55569406e-07 
 4.08000000e-01  7.00042309e-07  2.54219055e-07 
 4.14000000e-01  7.01563567e-07  2.52880396e-07 
 4.20000000e-01  7.03076827e-07  2.51553496e-07 
 4.26000000e-01  7.04582162e-07  2.50238406e-07 
 4.32000000e-01  7.06079641e-07  2.48935154e-07 
 4.38000000e-01  7.07569336e-07  2.47643754e-07 
 4.44000000e-01  7.09051319e-07  2.46364205e-07 
 4.50000000e-01  7.10525659e-07  2.45096490e-07 
 4.56000000e-01  7.11992429e-07  2.43840581e-07 
 4.62000000e-01  7.13451699e-07  2.42596440e-07 
 4.68000000e-01  7.14903539e-07  2.41364019e-07 
 4.74000000e-01  7.16348020e-07  2.40143259e-07 
 4.80000000e-01  7.17785212e-07  2.38934096e-07 
 4.86000000e-01  7.19215183e-07  2.37736457e-07 
 4.92000000e-01  7.20638003e-07  2.36550265e-07 
 4.98000000e-01  7.22053741e-07  2.35375435e-07 
 5.04000000e-01  7.23462463e-07  2.34211879e-07 
 5.10000000e-01  7.24864238e-07  2.33059504e-07 
 5.16000000e-01  7.26259132e-07  2.31918214e-07 
 5.22000000e-01  7.27647212e-07  2.30787908e-07 
 5.28000000e-01  7.29028543e-07  2.29668485e-07 
 5.34000000e-01  7.30403191e-07  2.28559839e-07 
 5.40000000e-01  7.31771218e-07  2.27461864e-07 
 5.46000000e-01  7.33132690e-07  2.26374451e-07 
 5.52000000e-01  7.34487670e-07  2.25297490e-07 
 5.58000000e-01  7.35836218e-07  2.24230870e-07 
 5.64000000e-01  7.37178399e-07  2.23174478e-07 
 5.70000000e-01  7.38514271e-07  2.22128204e-07 
 5.76000000e-01  7.39843897e-07  2.21091933e-07 
 5.82000000e-01  7.41167334e-07  2.20065552e-07 
 5.88000000e-01  7.42484644e-07  2.19048948e-07 
 5.94000000e-01  7.43795883e-07  2.18042008e-07 
 6.00000000e-01  7.45101109e-07  2.17044619e-07 
 6.06000000e-01  7.46400380e-07  2.16056667e-07 
 6.12000000e-01  7.47693751e-07  2.15078042e-07 
 6.18000000e-01  7.48981279e-07  2.14108630e-07 
 6.24000000e-01  7.50263018e-07  2.13148322e-07 
 6.30000000e-01  7.51539023e-07  2.12197006e-07 
 6.36000000e-01  7.52809346e-07  2.11254573e-07 
 6.42000000e-01  7.54074042e-07  2.10320914e-07 
 6.48000000e-01  7.55333162e-07  2.09395921e-07 
 6.54000000e-01  7.56586758e-07  2.08479488e-07 
 6.60000000e-01  7.57834882e-07  2.07571508e-07 
 6.66000000e-01  7.59077583e-07  2.06671876e-07 
 6.72000000e-01  7.60314911e-07  2.05780490e-07 
 6.78000000e-01  7.61546916e-07  2.04897245e-07 
 6.84000000e-01  7.62773645e-07  2.04022041e-07 
 6.90000000e-01  7.63995148e-07  2.03154777e-07 
 6.96000000e-01  7.65211471e-07  2.02295353e-07 
 7.02000000e-01  7.66422661e-07  2.01443672e-07 
 7.08000000e-01  7.67628764e-07  2.00599636e-07 
 7.14000000e-01  7.68829826e-07  1.99763150e-07 
 7.20000000e-01  7.70025892e-07  1.98934119e-07 
 7.26000000e-01  7.71217006e-07  1.98112450e-07 
 7.32000000e-01  7.72403212e-07  1.97298051e-07 
 7.38000000e-01  7.73584553e-07  1.96490830e-07 
 7.44000000e-01  7.74761073e-07  1.95690698e-07 
 7.50000000e-01  7.75932813e-07  1.94897567e-07 
 7.56000000e-01  7.77099816e-07  1.94111349e-07 
 7.62000000e-01  7.78262122e-07  1.93331958e-07 
 7.68000000e-01  7.79419772e-07  1.92559309e-07 
 7.74000000e-01  7.80572806e-07  1.91793318e-07 
 7.80000000e-01  7.81721265e-07  1.91033902e-07 
 7.86000000e-01  7.82865187e-07  1.90280981e-07 
 7.92000000e-01  7.84004611e-07  1.89534474e-07 
 7.98000000e-01  7.85139575e-07  1.88794301e-07 
 8.04000000e-01  7.86270117e-07  1.88060385e-07 
 8.10000000e-01  7.87396275e-07  1.87332649e-07 
 8.16000000e-01  7.88518084e-07  1.86611017e-07 
 8.22000000e-01  7.89635582e-07  1.85895415e-07 
 8.28000000e-01  7.90748805e-07  1.85185769e-07 
 8.34000000e-01  7.91857788e-07  1.84482006e-07 
 8.40000000e-01  7.92962566e-07  1.83784055e-07 
 8.46000000e-01  7.94063173e-07  1.83091846e-07 
 8.52000000e-01  7.95159645e-07  1.82405309e-07 
 8.58000000e-01  7.96252014e-07  1.81724376e-07 
 8.64000000e-01  7.97340315e-07  1.81048979e-07 
 8.70000000e-01  7.98424580e-07  1.80379054e-07 
 8.76000000e-01  7.99504842e-07  1.79714533e-07 
 8.82000000e-01  8.00581133e-07  1.79055353e-07 
 8.88000000e-01  8.01653485e-07  1.78401451e-07 
 8.94000000e-01  8.02721929e-07  1.77752765e-07 
 9.00000000e-01  8.03786497e-07  1.77109232e-07 
 9.06000000e-01  8.04847219e-07  1.76470792e-07 
 9.12000000e-01  8.05904126e-07  1.75837386e-07 
 9.18000000e-01  8.06957248e-07  1.75208955e-07 
 9.24000000e-01  8.08006614e-07  1.74585441e-07 
 9.30000000e-01  8.09052253e-07  1.73966788e-07 
 9.36000000e-01  8.10094196e-07  1.73352939e-07 
 9.42000000e-01  8.11132469e-07  1.72743840e-07 
 9.48000000e-01  8.12167103e-07  1.72139435e-07 
 9.54000000e-01  8.13198124e-07  1.71539673e-07 
 9.60000000e-01  8.14225560e-07  1.70944499e-07 
 9.66000000e-01  8.15249439e-07  1.70353862e-07 
 9.72000000e-01  8.16269788e-07  1.69767711e-07 
 9.78000000e-01  8.17286634e-07  1.69185997e-07 
 9.84000000e-01  8.18300003e-07  1.68608670e-07 
 9.90000000e-01  8.19309921e-07  1.68035680e-07 
 9.96000000e-01  8.20316414e-07  1.67466981e-07 
 1.00200000e+00  8.21319507e-07  1.66902525e-07 
 1.00800000e+00  8.22319227e-07  1.66342267e-07 
 1.01400000e+00  8.23315598e-07  1.65786160e-07 
 1.02000000e+00  8.24308644e-07  1.65234160e-07 
 1.02600000e+00  8.25298391e-07  1.64686223e-07 
 1.03200000e+00  8.26284863e-07  1.64142306e-07 
 1.03800000e+00  8.27268083e-07  1.63602365e-07 
 1.04400000e+00  8.28248075e-07  1.63066360e-07 
 1.05000000e+00  8.29224863e-07  1.62534249e-07 
 1.05600000e+00  8.30198471e-07  1.62005992e-07 
 1.06200000e+00  8.31168920e-07  1.61481549e-07 
 1.06800000e+00  8.32136234e-07  1.60960881e-07 
 1.07400000e+00  8.33100435e-07  1.60443950e-07 
 1.08000000e+00  8.34061546e-07  1.59930718e-07 
 1.08600000e+00  8.35019589e-07  1.59421149e-07 
 1.09200000e+00  8.35974585e-07  1.58915205e-07 
 1.09800000e+00  8.36926557e-07  1.58412852e-07 
 1.10400000e+00  8.37875525e-07  1.57914055e-07 
 1.11000000e+00  8.38821512e-07  1.57418778e-07 
 1.11600000e+00  8.39764537e-07  1.56926990e-07 
 1.12200000e+00  8.40704621e-07  1.56438656e-07 
 1.12800000e+00  8.41641787e-07  1.55953745e-07 
 1.13400000e+00  8.42576053e-07  1.55472226e-07 
 1.14000000e+00  8.43507440e-07  1.54994066e-07 
 1.14600000e+00  8.44435968e-07  1.54519236e-07 
 1.15200000e+00  8.45361657e-07  1.54047706e-07 
 1.15800000e+00  8.46284527e-07  1.53579447e-07 
 1.16400000e+00  8.47204598e-07  1.53114430e-07 
 1.17000000e+00  8.48121888e-07  1.52652629e-07 
 1.17600000e+00  8.49036416e-07  1.52194016e-07 
 1.18200000e+00  8.49948203e-07  1.51738564e-07 
 1.18800000e+00  8.50857266e-07  1.51286248e-07 
 1.19400000e+00  8.51763625e-07  1.50837042e-07 
 1.20000000e+00  8.52667299e-07  1.50390922e-07 
