 frequency       inoise_spectrum onoise_spectrum
 1.00000000e+00  1.43838865e-06  1.18306996e-05 
 1.11588399e+00  1.36168377e-06  1.11998046e-05 
 1.24519708e+00  1.28907262e-06  1.06025802e-05 
 1.38949549e+00  1.22033689e-06  1.00372310e-05 
 1.55051578e+00  1.15526993e-06  9.50205742e-06 
 1.73019574e+00  1.09367613e-06  8.99545045e-06 
 1.93069773e+00  1.03537032e-06  8.51588706e-06 
 2.15443469e+00  9.80177209e-07  8.06192552e-06 
 2.40409918e+00  9.27930864e-07  7.63220105e-06 
 2.68269580e+00  8.78474216e-07  7.22542173e-06 
 2.99357729e+00  8.31658578e-07  6.84036464e-06 
 3.34048498e+00  7.87343206e-07  6.47587215e-06 
 3.72759372e+00  7.45394870e-07  6.13084845e-06 
 4.15956216e+00  7.05687457e-07  5.80425629e-06 
 4.64158883e+00  6.68101593e-07  5.49511378e-06 
 5.17947468e+00  6.32524280e-07  5.20249154e-06 
 5.77969288e+00  5.98848557e-07  4.92550982e-06 
 6.44946677e+00  5.66973182e-07  4.66333590e-06 
 7.19685673e+00  5.36802325e-07  4.41518159e-06 
 8.03085722e+00  5.08245279e-07  4.18030082e-06 
 8.96150502e+00  4.81216190e-07  3.95798744e-06 
 1.00000000e+01  4.55633795e-07  3.74757308e-06 
 1.11588399e+01  4.31421181e-07  3.54842512e-06 
 1.24519708e+01  4.08505553e-07  3.35994483e-06 
 1.38949549e+01  3.86818015e-07  3.18156554e-06 
 1.55051578e+01  3.66293360e-07  3.01275092e-06 
 1.73019574e+01  3.46869879e-07  2.85299343e-06 
 1.93069773e+01  3.28489171e-07  2.70181270e-06 
 2.15443469e+01  3.11095968e-07  2.55875418e-06 
 2.40409918e+01  2.94637972e-07  2.42338769e-06 
 2.68269580e+01  2.79065691e-07  2.29530620e-06 
 2.99357729e+01  2.64332299e-07  2.17412453e-06 
 3.34048498e+01  2.50393486e-07  2.05947824e-06 
 3.72759372e+01  2.37207328e-07  1.95102253e-06 
 4.15956216e+01  2.24734163e-07  1.84843115e-06 
 4.64158883e+01  2.12936468e-07  1.75139549e-06 
 5.17947468e+01  2.01778745e-07  1.65962358e-06 
 5.77969288e+01  1.91227416e-07  1.57283925e-06 
 6.44946677e+01  1.81250722e-07  1.49078127e-06 
 7.19685673e+01  1.71818622e-07  1.41320256e-06 
 8.03085722e+01  1.62902706e-07  1.33986944e-06 
 8.96150502e+01  1.54476106e-07  1.27056093e-06 
 1.00000000e+02  1.46513415e-07  1.20506805e-06 
 1.11588399e+02  1.38990607e-07  1.14319320e-06 
 1.24519708e+02  1.31884965e-07  1.08474953e-06 
 1.38949549e+02  1.25175010e-07  1.02956036e-06 
 1.55051578e+02  1.18840431e-07  9.77458659e-07 
 1.73019574e+02  1.12862025e-07  9.28286468e-07 
 1.93069773e+02  1.07221634e-07  8.81894440e-07 
 2.15443469e+02  1.01902088e-07  8.38141343e-07 
 2.40409918e+02  9.68871445e-08  7.96893599e-07 
 2.68269580e+02  9.21614418e-08  7.58024848e-07 
 2.99357729e+02  8.77104428e-08  7.21415527e-07 
 3.34048498e+02  8.35203874e-08  6.86952458e-07 
 3.72759372e+02  7.95782444e-08  6.54528461e-07 
 4.15956216e+02  7.58716663e-08  6.24041977e-07 
 4.64158883e+02  7.23889443e-08  5.95396702e-07 
 5.17947468e+02  6.91189664e-08  5.68501241e-07 
 5.77969288e+02  6.60511757e-08  5.43268763e-07 
 6.44946677e+02  6.31755313e-08  5.19616682e-07 
 7.19685673e+02  6.04824704e-08  4.97466344e-07 
 8.03085722e+02  5.79628718e-08  4.76742727e-07 
 8.96150502e+02  5.56080217e-08  4.57374163e-07 
 1.00000000e+03  5.34095816e-08  4.39292065e-07 
 1.11588399e+03  5.13595582e-08  4.22430689e-07 
 1.24519708e+03  4.94502754e-08  4.06726900e-07 
 1.38949549e+03  4.76743498e-08  3.92119971e-07 
 1.55051578e+03  4.60246686e-08  3.78551397e-07 
 1.73019574e+03  4.44943703e-08  3.65964743e-07 
 1.93069773e+03  4.30768291e-08  3.54305514e-07 
 2.15443469e+03  4.17656421e-08  3.43521044e-07 
 2.40409918e+03  4.05546198e-08  3.33560425e-07 
 2.68269580e+03  3.94377794e-08  3.24374450e-07 
 2.99357729e+03  3.84093410e-08  3.15915579e-07 
 3.34048498e+03  3.74637265e-08  3.08137931e-07 
 3.72759372e+03  3.65955597e-08  3.00997288e-07 
 4.15956216e+03  3.57996683e-08  2.94451109e-07 
 4.64158883e+03  3.50710877e-08  2.88458558e-07 
 5.17947468e+03  3.44050637e-08  2.82980534e-07 
 5.77969288e+03  3.37970564e-08  2.77979696e-07 
 6.44946677e+03  3.32427435e-08  2.73420493e-07 
 7.19685673e+03  3.27380226e-08  2.69269182e-07 
 8.03085722e+03  3.22790121e-08  2.65493840e-07 
 8.96150502e+03  3.18620518e-08  2.62064360e-07 
 1.00000000e+04  3.14837011e-08  2.58952443e-07 
 1.11588399e+04  3.11407364e-08  2.56131577e-07 
 1.24519708e+04  3.08301469e-08  2.53576997e-07 
 1.38949549e+04  3.05491288e-08  2.51265643e-07 
 1.55051578e+04  3.02950792e-08  2.49176107e-07 
 1.73019574e+04  3.00655882e-08  2.47288567e-07 
 1.93069773e+04  2.98584306e-08  2.45584723e-07 
 2.15443469e+04  2.96715565e-08  2.44047715e-07 
 2.40409918e+04  2.95030826e-08  2.42662054e-07 
 2.68269580e+04  2.93512818e-08  2.41413536e-07 
 2.99357729e+04  2.92145737e-08  2.40289165e-07 
 3.34048498e+04  2.90915149e-08  2.39277070e-07 
 3.72759372e+04  2.89807894e-08  2.38366431e-07 
 4.15956216e+04  2.88811990e-08  2.37547396e-07 
 4.64158883e+04  2.87916546e-08  2.36811012e-07 
 5.17947468e+04  2.87111674e-08  2.36149151e-07 
 5.77969288e+04  2.86388408e-08  2.35554445e-07 
 6.44946677e+04  2.85738626e-08  2.35020223e-07 
 7.19685673e+04  2.85154975e-08  2.34540448e-07 
 8.03085722e+04  2.84630808e-08  2.34109665e-07 
 8.96150502e+04  2.84160115e-08  2.33722948e-07 
 1.00000000e+05  2.83737467e-08  2.33375853e-07 
 1.11588399e+05  2.83357959e-08  2.33064370e-07 
 1.24519708e+05  2.83017163e-08  2.32784889e-07 
 1.38949549e+05  2.82711076e-08  2.32534156e-07 
 1.55051578e+05  2.82436079e-08  2.32309245e-07 
 1.73019574e+05  2.82188894e-08  2.32107521e-07 
 1.93069773e+05  2.81966552e-08  2.31926618e-07 
 2.15443469e+05  2.81766348e-08  2.31764406e-07 
 2.40409918e+05  2.81585817e-08  2.31618975e-07 
 2.68269580e+05  2.81422691e-08  2.31488610e-07 
 2.99357729e+05  2.81274879e-08  2.31371769e-07 
 3.34048498e+05  2.81140424e-08  2.31267074e-07 
 3.72759372e+05  2.81017479e-08  2.31173289e-07 
 4.15956216e+05  2.80904271e-08  2.31089308e-07 
 4.64158883e+05  2.80799064e-08  2.31014143e-07 
 5.17947468e+05  2.80700124e-08  2.30946913e-07 
 5.77969288e+05  2.80605672e-08  2.30886837e-07 
 6.44946677e+05  2.80513839e-08  2.30833221e-07 
 7.19685673e+05  2.80422604e-08  2.30785454e-07 
 8.03085722e+05  2.80329732e-08  2.30743004e-07 
 8.96150502e+05  2.80232689e-08  2.30705410e-07 
 1.00000000e+06  2.80128553e-08  2.30672281e-07 
 1.11588399e+06  2.80013892e-08  2.30643293e-07 
 1.24519708e+06  2.79884631e-08  2.30618190e-07 
 1.38949549e+06  2.79735882e-08  2.30596783e-07 
 1.55051578e+06  2.79561745e-08  2.30578957e-07 
 1.73019574e+06  2.79355063e-08  2.30564669e-07 
 1.93069773e+06  2.79107143e-08  2.30553961e-07 
 2.15443469e+06  2.78807410e-08  2.30546970e-07 
 2.40409918e+06  2.78443021e-08  2.30543934e-07 
 2.68269580e+06  2.77998419e-08  2.30545213e-07 
 2.99357729e+06  2.77454839e-08  2.30551307e-07 
 3.34048498e+06  2.76789780e-08  2.30562875e-07 
 3.72759372e+06  2.75976489e-08  2.30580764e-07 
 4.15956216e+06  2.74983489e-08  2.30606035e-07 
 4.64158883e+06  2.73774259e-08  2.30639988e-07 
 5.17947468e+06  2.72307173e-08  2.30684193e-07 
 5.77969288e+06  2.70535886e-08  2.30740501e-07 
 6.44946677e+06  2.68410359e-08  2.30811049e-07 
 7.19685673e+06  2.65878772e-08  2.30898228e-07 
 8.03085722e+06  2.62890540e-08  2.31004610e-07 
 8.96150502e+06  2.59400545e-08  2.31132793e-07 
 1.00000000e+07  2.55374521e-08  2.31285142e-07 
 1.11588399e+07  2.50795196e-08  2.31463387e-07 
 1.24519708e+07  2.45668404e-08  2.31668019e-07 
 1.38949549e+07  2.40027997e-08  2.31897463e-07 
 1.55051578e+07  2.33938196e-08  2.32146999e-07 
 1.73019574e+07  2.27492181e-08  2.32407450e-07 
 1.93069773e+07  2.20806311e-08  2.32663712e-07 
 2.15443469e+07  2.14010343e-08  2.32893277e-07 
 2.40409918e+07  2.07235003e-08  2.33064960e-07 
 2.68269580e+07  2.00598997e-08  2.33138044e-07 
 2.99357729e+07  1.94197644e-08  2.33062072e-07 
 3.34048498e+07  1.88094855e-08  2.32777334e-07 
 3.72759372e+07  1.82319285e-08  2.32215999e-07 
 4.15956216e+07  1.76864579e-08  2.31303719e-07 
 4.64158883e+07  1.71692954e-08  2.29961471e-07 
 5.17947468e+07  1.66741041e-08  2.28107555e-07 
 5.77969288e+07  1.61926987e-08  2.25659847e-07 
 6.44946677e+07  1.57158051e-08  2.22538580e-07 
 7.19685673e+07  1.52338275e-08  2.18670061e-07 
 8.03085722e+07  1.47376033e-08  2.13991624e-07 
 8.96150502e+07  1.42191298e-08  2.08457818e-07 
 1.00000000e+08  1.36722404e-08  2.02047401e-07 
