 frequency       AmagdB          Aphdeg         
 1.00000000e+04  4.82248373e+01  1.78524648e+02 
 1.02305973e+04  4.82247037e+01  1.78490642e+02 
 1.04665121e+04  4.82245639e+01  1.78455853e+02 
 1.07078670e+04  4.82244176e+01  1.78420263e+02 
 1.09547876e+04  4.82242645e+01  1.78383854e+02 
 1.12074020e+04  4.82241042e+01  1.78346606e+02 
 1.14658417e+04  4.82239364e+01  1.78308501e+02 
 1.17302409e+04  4.82237609e+01  1.78269519e+02 
 1.20007371e+04  4.82235771e+01  1.78229640e+02 
 1.22774708e+04  4.82233848e+01  1.78188842e+02 
 1.25605860e+04  4.82231835e+01  1.78147106e+02 
 1.28502297e+04  4.82229729e+01  1.78104409e+02 
 1.31465525e+04  4.82227524e+01  1.78060730e+02 
 1.34497085e+04  4.82225216e+01  1.78016046e+02 
 1.37598551e+04  4.82222801e+01  1.77970334e+02 
 1.40771537e+04  4.82220274e+01  1.77923571e+02 
 1.44017690e+04  4.82217628e+01  1.77875732e+02 
 1.47338699e+04  4.82214860e+01  1.77826793e+02 
 1.50736290e+04  4.82211962e+01  1.77776729e+02 
 1.54212228e+04  4.82208930e+01  1.77725514e+02 
 1.57768320e+04  4.82205756e+01  1.77673121e+02 
 1.61406415e+04  4.82202435e+01  1.77619524e+02 
 1.65128404e+04  4.82198959e+01  1.77564696e+02 
 1.68936220e+04  4.82195321e+01  1.77508608e+02 
 1.72831844e+04  4.82191513e+01  1.77451232e+02 
 1.76817299e+04  4.82187528e+01  1.77392537e+02 
 1.80894658e+04  4.82183358e+01  1.77332495e+02 
 1.85066040e+04  4.82178994e+01  1.77271074e+02 
 1.89333613e+04  4.82174426e+01  1.77208244e+02 
 1.93699595e+04  4.82169646e+01  1.77143971e+02 
 1.98166255e+04  4.82164644e+01  1.77078224e+02 
 2.02735916e+04  4.82159409e+01  1.77010968e+02 
 2.07410951e+04  4.82153930e+01  1.76942170e+02 
 2.12193792e+04  4.82148196e+01  1.76871795e+02 
 2.17086923e+04  4.82142196e+01  1.76799806e+02 
 2.22092889e+04  4.82135917e+01  1.76726168e+02 
 2.27214291e+04  4.82129345e+01  1.76650843e+02 
 2.32453791e+04  4.82122469e+01  1.76573793e+02 
 2.37814113e+04  4.82115272e+01  1.76494978e+02 
 2.43298042e+04  4.82107741e+01  1.76414360e+02 
 2.48908429e+04  4.82099860e+01  1.76331898e+02 
 2.54648190e+04  4.82091614e+01  1.76247549e+02 
 2.60520309e+04  4.82082984e+01  1.76161273e+02 
 2.66527837e+04  4.82073953e+01  1.76073024e+02 
 2.72673897e+04  4.82064503e+01  1.75982760e+02 
 2.78961683e+04  4.82054614e+01  1.75890435e+02 
 2.85394464e+04  4.82044267e+01  1.75796003e+02 
 2.91975583e+04  4.82033439e+01  1.75699416e+02 
 2.98708461e+04  4.82022109e+01  1.75600628e+02 
 3.05596598e+04  4.82010254e+01  1.75499588e+02 
 3.12643573e+04  4.81997849e+01  1.75396247e+02 
 3.19853049e+04  4.81984869e+01  1.75290555e+02 
 3.27228774e+04  4.81971288e+01  1.75182457e+02 
 3.34774581e+04  4.81957078e+01  1.75071903e+02 
 3.42494392e+04  4.81942210e+01  1.74958836e+02 
 3.50392221e+04  4.81926653e+01  1.74843203e+02 
 3.58472171e+04  4.81910377e+01  1.74724947e+02 
 3.66738442e+04  4.81893348e+01  1.74604010e+02 
 3.75195331e+04  4.81875532e+01  1.74480333e+02 
 3.83847234e+04  4.81856893e+01  1.74353858e+02 
 3.92698648e+04  4.81837393e+01  1.74224523e+02 
 4.01754173e+04  4.81816992e+01  1.74092266e+02 
 4.11018515e+04  4.81795650e+01  1.73957024e+02 
 4.20496491e+04  4.81773323e+01  1.73818732e+02 
 4.30193027e+04  4.81749967e+01  1.73677326e+02 
 4.40113162e+04  4.81725535e+01  1.73532739e+02 
 4.50262052e+04  4.81699978e+01  1.73384902e+02 
 4.60644974e+04  4.81673245e+01  1.73233747e+02 
 4.71267322e+04  4.81645282e+01  1.73079203e+02 
 4.82134619e+04  4.81616034e+01  1.72921199e+02 
 4.93252513e+04  4.81585443e+01  1.72759663e+02 
 5.04626783e+04  4.81553447e+01  1.72594521e+02 
 5.16263340e+04  4.81519984e+01  1.72425697e+02 
 5.28168234e+04  4.81484988e+01  1.72253116e+02 
 5.40347650e+04  4.81448389e+01  1.72076701e+02 
 5.52807921e+04  4.81410116e+01  1.71896372e+02 
 5.65555523e+04  4.81370094e+01  1.71712051e+02 
 5.78597080e+04  4.81328244e+01  1.71523657e+02 
 5.91939372e+04  4.81284484e+01  1.71331107e+02 
 6.05589334e+04  4.81238731e+01  1.71134320e+02 
 6.19554061e+04  4.81190894e+01  1.70933211e+02 
 6.33840810e+04  4.81140882e+01  1.70727696e+02 
 6.48457008e+04  4.81088599e+01  1.70517688e+02 
 6.63410251e+04  4.81033944e+01  1.70303101e+02 
 6.78708313e+04  4.80976813e+01  1.70083847e+02 
 6.94359143e+04  4.80917097e+01  1.69859839e+02 
 7.10370877e+04  4.80854683e+01  1.69630985e+02 
 7.26751838e+04  4.80789453e+01  1.69397197e+02 
 7.43510539e+04  4.80721285e+01  1.69158384e+02 
 7.60655691e+04  4.80650052e+01  1.68914455e+02 
 7.78196206e+04  4.80575620e+01  1.68665318e+02 
 7.96141200e+04  4.80497852e+01  1.68410881e+02 
 8.14500001e+04  4.80416605e+01  1.68151051e+02 
 8.33282151e+04  4.80331730e+01  1.67885736e+02 
 8.52497412e+04  4.80243073e+01  1.67614843e+02 
 8.72155772e+04  4.80150474e+01  1.67338279e+02 
 8.92267449e+04  4.80053765e+01  1.67055952e+02 
 9.12842895e+04  4.79952776e+01  1.66767770e+02 
 9.33892805e+04  4.79847325e+01  1.66473640e+02 
 9.55428121e+04  4.79737229e+01  1.66173471e+02 
 9.77460036e+04  4.79622296e+01  1.65867172e+02 
 1.00000000e+05  4.79502325e+01  1.65554655e+02 
 1.02305973e+05  4.79377111e+01  1.65235829e+02 
 1.04665121e+05  4.79246442e+01  1.64910608e+02 
 1.07078670e+05  4.79110096e+01  1.64578905e+02 
 1.09547876e+05  4.78967847e+01  1.64240637e+02 
 1.12074020e+05  4.78819459e+01  1.63895721e+02 
 1.14658417e+05  4.78664690e+01  1.63544078e+02 
 1.17302409e+05  4.78503289e+01  1.63185628e+02 
 1.20007371e+05  4.78334998e+01  1.62820298e+02 
 1.22774708e+05  4.78159553e+01  1.62448016e+02 
 1.25605860e+05  4.77976678e+01  1.62068712e+02 
 1.28502297e+05  4.77786094e+01  1.61682321e+02 
 1.31465525e+05  4.77587510e+01  1.61288782e+02 
 1.34497085e+05  4.77380630e+01  1.60888037e+02 
 1.37598551e+05  4.77165149e+01  1.60480034e+02 
 1.40771537e+05  4.76940755e+01  1.60064724e+02 
 1.44017690e+05  4.76707129e+01  1.59642065e+02 
 1.47338699e+05  4.76463941e+01  1.59212020e+02 
 1.50736290e+05  4.76210859e+01  1.58774556e+02 
 1.54212228e+05  4.75947541e+01  1.58329649e+02 
 1.57768320e+05  4.75673638e+01  1.57877281e+02 
 1.61406415e+05  4.75388796e+01  1.57417439e+02 
 1.65128404e+05  4.75092652e+01  1.56950119e+02 
 1.68936220e+05  4.74784842e+01  1.56475326e+02 
 1.72831844e+05  4.74464991e+01  1.55993069e+02 
 1.76817299e+05  4.74132723e+01  1.55503371e+02 
 1.80894658e+05  4.73787655e+01  1.55006258e+02 
 1.85066040e+05  4.73429403e+01  1.54501771e+02 
 1.89333613e+05  4.73057576e+01  1.53989955e+02 
 1.93699595e+05  4.72671783e+01  1.53470869e+02 
 1.98166255e+05  4.72271630e+01  1.52944581e+02 
 2.02735916e+05  4.71856721e+01  1.52411168e+02 
 2.07410951e+05  4.71426660e+01  1.51870720e+02 
 2.12193792e+05  4.70981052e+01  1.51323336e+02 
 2.17086923e+05  4.70519502e+01  1.50769127e+02 
 2.22092889e+05  4.70041616e+01  1.50208216e+02 
 2.27214291e+05  4.69547006e+01  1.49640736e+02 
 2.32453791e+05  4.69035286e+01  1.49066834e+02 
 2.37814113e+05  4.68506073e+01  1.48486667e+02 
 2.43298042e+05  4.67958994e+01  1.47900403e+02 
 2.48908429e+05  4.67393680e+01  1.47308224e+02 
 2.54648190e+05  4.66809770e+01  1.46710322e+02 
 2.60520309e+05  4.66206915e+01  1.46106901e+02 
 2.66527837e+05  4.65584772e+01  1.45498178e+02 
 2.72673897e+05  4.64943013e+01  1.44884378e+02 
 2.78961683e+05  4.64281320e+01  1.44265740e+02 
 2.85394464e+05  4.63599390e+01  1.43642511e+02 
 2.91975583e+05  4.62896933e+01  1.43014951e+02 
 2.98708461e+05  4.62173677e+01  1.42383329e+02 
 3.05596598e+05  4.61429363e+01  1.41747921e+02 
 3.12643573e+05  4.60663752e+01  1.41109016e+02 
 3.19853049e+05  4.59876624e+01  1.40466907e+02 
 3.27228774e+05  4.59067775e+01  1.39821898e+02 
 3.34774581e+05  4.58237024e+01  1.39174298e+02 
 3.42494392e+05  4.57384210e+01  1.38524424e+02 
 3.50392221e+05  4.56509193e+01  1.37872597e+02 
 3.58472171e+05  4.55611855e+01  1.37219143e+02 
 3.66738442e+05  4.54692101e+01  1.36564393e+02 
 3.75195331e+05  4.53749857e+01  1.35908679e+02 
 3.83847234e+05  4.52785074e+01  1.35252338e+02 
 3.92698648e+05  4.51797726e+01  1.34595707e+02 
 4.01754173e+05  4.50787811e+01  1.33939122e+02 
 4.11018515e+05  4.49755348e+01  1.33282922e+02 
 4.20496491e+05  4.48700382e+01  1.32627441e+02 
 4.30193027e+05  4.47622980e+01  1.31973014e+02 
 4.40113162e+05  4.46523232e+01  1.31319972e+02 
 4.50262052e+05  4.45401251e+01  1.30668641e+02 
 4.60644974e+05  4.44257171e+01  1.30019343e+02 
 4.71267322e+05  4.43091148e+01  1.29372396e+02 
 4.82134619e+05  4.41903360e+01  1.28728110e+02 
 4.93252513e+05  4.40694003e+01  1.28086789e+02 
 5.04626783e+05  4.39463295e+01  1.27448729e+02 
 5.16263340e+05  4.38211471e+01  1.26814218e+02 
 5.28168234e+05  4.36938783e+01  1.26183535e+02 
 5.40347650e+05  4.35645502e+01  1.25556950e+02 
 5.52807921e+05  4.34331913e+01  1.24934723e+02 
 5.65555523e+05  4.32998317e+01  1.24317103e+02 
 5.78597080e+05  4.31645027e+01  1.23704329e+02 
 5.91939372e+05  4.30272371e+01  1.23096631e+02 
 6.05589334e+05  4.28880685e+01  1.22494223e+02 
 6.19554061e+05  4.27470321e+01  1.21897312e+02 
 6.33840810e+05  4.26041634e+01  1.21306091e+02 
 6.48457008e+05  4.24594992e+01  1.20720742e+02 
 6.63410251e+05  4.23130768e+01  1.20141436e+02 
 6.78708313e+05  4.21649343e+01  1.19568330e+02 
 6.94359143e+05  4.20151100e+01  1.19001570e+02 
 7.10370877e+05  4.18636430e+01  1.18441292e+02 
 7.26751838e+05  4.17105724e+01  1.17887618e+02 
 7.43510539e+05  4.15559377e+01  1.17340659e+02 
 7.60655691e+05  4.13997784e+01  1.16800517e+02 
 7.78196206e+05  4.12421342e+01  1.16267278e+02 
 7.96141200e+05  4.10830446e+01  1.15741023e+02 
 8.14500001e+05  4.09225492e+01  1.15221817e+02 
 8.33282151e+05  4.07606871e+01  1.14709718e+02 
 8.52497412e+05  4.05974974e+01  1.14204773e+02 
 8.72155772e+05  4.04330187e+01  1.13707019e+02 
 8.92267449e+05  4.02672894e+01  1.13216485e+02 
 9.12842895e+05  4.01003473e+01  1.12733188e+02 
 9.33892805e+05  3.99322299e+01  1.12257139e+02 
 9.55428121e+05  3.97629739e+01  1.11788340e+02 
 9.77460036e+05  3.95926156e+01  1.11326785e+02 
 1.00000000e+06  3.94211908e+01  1.10872460e+02 
 1.02305973e+06  3.92487343e+01  1.10425344e+02 
 1.04665121e+06  3.90752806e+01  1.09985409e+02 
 1.07078670e+06  3.89008633e+01  1.09552622e+02 
 1.09547876e+06  3.87255153e+01  1.09126942e+02 
 1.12074020e+06  3.85492688e+01  1.08708323e+02 
 1.14658417e+06  3.83721553e+01  1.08296713e+02 
 1.17302409e+06  3.81942054e+01  1.07892057e+02 
 1.20007371e+06  3.80154491e+01  1.07494293e+02 
 1.22774708e+06  3.78359154e+01  1.07103356e+02 
 1.25605860e+06  3.76556328e+01  1.06719175e+02 
 1.28502297e+06  3.74746288e+01  1.06341679e+02 
 1.31465525e+06  3.72929302e+01  1.05970789e+02 
 1.34497085e+06  3.71105629e+01  1.05606427e+02 
 1.37598551e+06  3.69275524e+01  1.05248509e+02 
 1.40771537e+06  3.67439230e+01  1.04896950e+02 
 1.44017690e+06  3.65596984e+01  1.04551661e+02 
 1.47338699e+06  3.63749017e+01  1.04212554e+02 
 1.50736290e+06  3.61895551e+01  1.03879535e+02 
 1.54212228e+06  3.60036801e+01  1.03552512e+02 
 1.57768320e+06  3.58172975e+01  1.03231390e+02 
 1.61406415e+06  3.56304274e+01  1.02916071e+02 
 1.65128404e+06  3.54430893e+01  1.02606459e+02 
 1.68936220e+06  3.52553019e+01  1.02302454e+02 
 1.72831844e+06  3.50670834e+01  1.02003958e+02 
 1.76817299e+06  3.48784511e+01  1.01710871e+02 
 1.80894658e+06  3.46894220e+01  1.01423092e+02 
 1.85066040e+06  3.45000123e+01  1.01140520e+02 
 1.89333613e+06  3.43102376e+01  1.00863055e+02 
 1.93699595e+06  3.41201130e+01  1.00590595e+02 
 1.98166255e+06  3.39296530e+01  1.00323039e+02 
 2.02735916e+06  3.37388717e+01  1.00060286e+02 
 2.07410951e+06  3.35477824e+01  9.98022357e+01 
 2.12193792e+06  3.33563981e+01  9.95487864e+01 
 2.17086923e+06  3.31647313e+01  9.92998382e+01 
 2.22092889e+06  3.29727940e+01  9.90552912e+01 
 2.27214291e+06  3.27805976e+01  9.88150458e+01 
 2.32453791e+06  3.25881533e+01  9.85790031e+01 
 2.37814113e+06  3.23954716e+01  9.83470647e+01 
 2.43298042e+06  3.22025630e+01  9.81191328e+01 
 2.48908429e+06  3.20094371e+01  9.78951104e+01 
 2.54648190e+06  3.18161034e+01  9.76749008e+01 
 2.60520309e+06  3.16225710e+01  9.74584086e+01 
 2.66527837e+06  3.14288487e+01  9.72455386e+01 
 2.72673897e+06  3.12349447e+01  9.70361967e+01 
 2.78961683e+06  3.10408673e+01  9.68302896e+01 
 2.85394464e+06  3.08466240e+01  9.66277246e+01 
 2.91975583e+06  3.06522223e+01  9.64284100e+01 
 2.98708461e+06  3.04576693e+01  9.62322549e+01 
 3.05596598e+06  3.02629720e+01  9.60391692e+01 
 3.12643573e+06  3.00681368e+01  9.58490636e+01 
 3.19853049e+06  2.98731702e+01  9.56618498e+01 
 3.27228774e+06  2.96780781e+01  9.54774402e+01 
 3.34774581e+06  2.94828665e+01  9.52957480e+01 
 3.42494392e+06  2.92875408e+01  9.51166874e+01 
 3.50392221e+06  2.90921066e+01  9.49401734e+01 
 3.58472171e+06  2.88965690e+01  9.47661217e+01 
 3.66738442e+06  2.87009330e+01  9.45944488e+01 
 3.75195331e+06  2.85052034e+01  9.44250721e+01 
 3.83847234e+06  2.83093848e+01  9.42579098e+01 
 3.92698648e+06  2.81134816e+01  9.40928808e+01 
 4.01754173e+06  2.79174981e+01  9.39299046e+01 
 4.11018515e+06  2.77214386e+01  9.37689018e+01 
 4.20496491e+06  2.75253068e+01  9.36097933e+01 
 4.30193027e+06  2.73291067e+01  9.34525010e+01 
 4.40113162e+06  2.71328419e+01  9.32969472e+01 
 4.50262052e+06  2.69365161e+01  9.31430552e+01 
 4.60644974e+06  2.67401326e+01  9.29907486e+01 
 4.71267322e+06  2.65436948e+01  9.28399518e+01 
 4.82134619e+06  2.63472060e+01  9.26905897e+01 
 4.93252513e+06  2.61506692e+01  9.25425877e+01 
 5.04626783e+06  2.59540876e+01  9.23958719e+01 
 5.16263340e+06  2.57574640e+01  9.22503687e+01 
 5.28168234e+06  2.55608013e+01  9.21060051e+01 
 5.40347650e+06  2.53641022e+01  9.19627087e+01 
 5.52807921e+06  2.51673696e+01  9.18204072e+01 
 5.65555523e+06  2.49706060e+01  9.16790289e+01 
 5.78597080e+06  2.47738140e+01  9.15385025e+01 
 5.91939372e+06  2.45769962e+01  9.13987569e+01 
 6.05589334e+06  2.43801550e+01  9.12597215e+01 
 6.19554061e+06  2.41832928e+01  9.11213259e+01 
 6.33840810e+06  2.39864120e+01  9.09834999e+01 
 6.48457008e+06  2.37895150e+01  9.08461737e+01 
 6.63410251e+06  2.35926041e+01  9.07092775e+01 
 6.78708313e+06  2.33956816e+01  9.05727419e+01 
 6.94359143e+06  2.31987496e+01  9.04364974e+01 
 7.10370877e+06  2.30018106e+01  9.03004749e+01 
 7.26751838e+06  2.28048666e+01  9.01646051e+01 
 7.43510539e+06  2.26079200e+01  9.00288191e+01 
 7.60655691e+06  2.24109729e+01  8.98930477e+01 
 7.78196206e+06  2.22140275e+01  8.97572220e+01 
 7.96141200e+06  2.20170861e+01  8.96212728e+01 
 8.14500001e+06  2.18201509e+01  8.94851310e+01 
 8.33282151e+06  2.16232241e+01  8.93487274e+01 
 8.52497412e+06  2.14263079e+01  8.92119928e+01 
 8.72155772e+06  2.12294047e+01  8.90748576e+01 
 8.92267449e+06  2.10325168e+01  8.89372523e+01 
 9.12842895e+06  2.08356464e+01  8.87991071e+01 
 9.33892805e+06  2.06387960e+01  8.86603519e+01 
 9.55428121e+06  2.04419679e+01  8.85209164e+01 
 9.77460036e+06  2.02451647e+01  8.83807302e+01 
 1.00000000e+07  2.00483887e+01  8.82397222e+01 
 1.02305973e+07  1.98516426e+01  8.80978214e+01 
 1.04665121e+07  1.96549290e+01  8.79549561e+01 
 1.07078670e+07  1.94582505e+01  8.78110544e+01 
 1.09547876e+07  1.92616099e+01  8.76660439e+01 
 1.12074020e+07  1.90650101e+01  8.75198519e+01 
 1.14658417e+07  1.88684539e+01  8.73724049e+01 
 1.17302409e+07  1.86719444e+01  8.72236293e+01 
 1.20007371e+07  1.84754845e+01  8.70734507e+01 
 1.22774708e+07  1.82790776e+01  8.69217943e+01 
 1.25605860e+07  1.80827269e+01  8.67685846e+01 
 1.28502297e+07  1.78864357e+01  8.66137457e+01 
 1.31465525e+07  1.76902077e+01  8.64572009e+01 
 1.34497085e+07  1.74940464e+01  8.62988729e+01 
 1.37598551e+07  1.72979557e+01  8.61386839e+01 
 1.40771537e+07  1.71019394e+01  8.59765552e+01 
 1.44017690e+07  1.69060016e+01  8.58124074e+01 
 1.47338699e+07  1.67101466e+01  8.56461606e+01 
 1.50736290e+07  1.65143786e+01  8.54777340e+01 
 1.54212228e+07  1.63187023e+01  8.53070460e+01 
 1.57768320e+07  1.61231223e+01  8.51340143e+01 
 1.61406415e+07  1.59276435e+01  8.49585558e+01 
 1.65128404e+07  1.57322711e+01  8.47805867e+01 
 1.68936220e+07  1.55370104e+01  8.46000221e+01 
 1.72831844e+07  1.53418668e+01  8.44167767e+01 
 1.76817299e+07  1.51468462e+01  8.42307640e+01 
 1.80894658e+07  1.49519544e+01  8.40418968e+01 
 1.85066040e+07  1.47571977e+01  8.38500871e+01 
 1.89333613e+07  1.45625826e+01  8.36552459e+01 
 1.93699595e+07  1.43681159e+01  8.34572837e+01 
 1.98166255e+07  1.41738044e+01  8.32561098e+01 
 2.02735916e+07  1.39796556e+01  8.30516327e+01 
 2.07410951e+07  1.37856769e+01  8.28437604e+01 
 2.12193792e+07  1.35918765e+01  8.26323996e+01 
 2.17086923e+07  1.33982624e+01  8.24174567e+01 
 2.22092889e+07  1.32048432e+01  8.21988369e+01 
 2.27214291e+07  1.30116279e+01  8.19764448e+01 
 2.32453791e+07  1.28186258e+01  8.17501844e+01 
 2.37814113e+07  1.26258465e+01  8.15199588e+01 
 2.43298042e+07  1.24333001e+01  8.12856704e+01 
 2.48908429e+07  1.22409971e+01  8.10472212e+01 
 2.54648190e+07  1.20489484e+01  8.08045124e+01 
 2.60520309e+07  1.18571652e+01  8.05574448e+01 
 2.66527837e+07  1.16656595e+01  8.03059186e+01 
 2.72673897e+07  1.14744433e+01  8.00498335e+01 
 2.78961683e+07  1.12835296e+01  7.97890891e+01 
 2.85394464e+07  1.10929314e+01  7.95235846e+01 
 2.91975583e+07  1.09026626e+01  7.92532189e+01 
 2.98708461e+07  1.07127375e+01  7.89778908e+01 
 3.05596598e+07  1.05231709e+01  7.86974993e+01 
 3.12643573e+07  1.03339781e+01  7.84119431e+01 
 3.19853049e+07  1.01451753e+01  7.81211215e+01 
 3.27228774e+07  9.95677894e+00  7.78249338e+01 
 3.34774581e+07  9.76880625e+00  7.75232798e+01 
 3.42494392e+07  9.58127507e+00  7.72160600e+01 
 3.50392221e+07  9.39420389e+00  7.69031756e+01 
 3.58472171e+07  9.20761183e+00  7.65845286e+01 
 3.66738442e+07  9.02151873e+00  7.62600220e+01 
 3.75195331e+07  8.83594509e+00  7.59295602e+01 
 3.83847234e+07  8.65091214e+00  7.55930488e+01 
 3.92698648e+07  8.46644180e+00  7.52503953e+01 
 4.01754173e+07  8.28255674e+00  7.49015088e+01 
 4.11018515e+07  8.09928038e+00  7.45463005e+01 
 4.20496491e+07  7.91663686e+00  7.41846839e+01 
 4.30193027e+07  7.73465112e+00  7.38165749e+01 
 4.40113162e+07  7.55334884e+00  7.34418925e+01 
 4.50262052e+07  7.37275649e+00  7.30605585e+01 
 4.60644974e+07  7.19290130e+00  7.26724980e+01 
 4.71267322e+07  7.01381129e+00  7.22776399e+01 
 4.82134619e+07  6.83551527e+00  7.18759170e+01 
 4.93252513e+07  6.65804282e+00  7.14672661e+01 
 5.04626783e+07  6.48142428e+00  7.10516289e+01 
 5.16263340e+07  6.30569078e+00  7.06289517e+01 
 5.28168234e+07  6.13087419e+00  7.01991863e+01 
 5.40347650e+07  5.95700713e+00  6.97622899e+01 
 5.52807921e+07  5.78412294e+00  6.93182257e+01 
 5.65555523e+07  5.61225567e+00  6.88669633e+01 
 5.78597080e+07  5.44144006e+00  6.84084787e+01 
 5.91939372e+07  5.27171149e+00  6.79427552e+01 
 6.05589334e+07  5.10310599e+00  6.74697834e+01 
 6.19554061e+07  4.93566016e+00  6.69895618e+01 
 6.33840810e+07  4.76941115e+00  6.65020970e+01 
 6.48457008e+07  4.60439664e+00  6.60074039e+01 
 6.63410251e+07  4.44065475e+00  6.55055067e+01 
 6.78708313e+07  4.27822401e+00  6.49964385e+01 
 6.94359143e+07  4.11714330e+00  6.44802422e+01 
 7.10370877e+07  3.95745178e+00  6.39569704e+01 
 7.26751838e+07  3.79918884e+00  6.34266861e+01 
 7.43510539e+07  3.64239403e+00  6.28894627e+01 
 7.60655691e+07  3.48710693e+00  6.23453845e+01 
 7.78196206e+07  3.33336717e+00  6.17945468e+01 
 7.96141200e+07  3.18121424e+00  6.12370561e+01 
 8.14500001e+07  3.03068746e+00  6.06730304e+01 
 8.33282151e+07  2.88182590e+00  6.01025993e+01 
 8.52497412e+07  2.73466823e+00  5.95259042e+01 
 8.72155772e+07  2.58925266e+00  5.89430982e+01 
 8.92267449e+07  2.44561684e+00  5.83543464e+01 
 9.12842895e+07  2.30379772e+00  5.77598255e+01 
 9.33892805e+07  2.16383147e+00  5.71597243e+01 
 9.55428121e+07  2.02575340e+00  5.65542430e+01 
 9.77460036e+07  1.88959777e+00  5.59435937e+01 
 1.00000000e+08  1.75539776e+00  5.53279997e+01 
 1.02305973e+08  1.62318534e+00  5.47076952e+01 
 1.04665121e+08  1.49299111e+00  5.40829256e+01 
 1.07078670e+08  1.36484429e+00  5.34539463e+01 
 1.09547876e+08  1.23877252e+00  5.28210232e+01 
 1.12074020e+08  1.11480185e+00  5.21844313e+01 
 1.14658417e+08  9.92956552e-01  5.15444550e+01 
 1.17302409e+08  8.73259106e-01  5.09013869e+01 
 1.20007371e+08  7.55730076e-01  5.02555277e+01 
 1.22774708e+08  6.40388034e-01  4.96071853e+01 
 1.25605860e+08  5.27249496e-01  4.89566737e+01 
 1.28502297e+08  4.16328848e-01  4.83043133e+01 
 1.31465525e+08  3.07638291e-01  4.76504289e+01 
 1.34497085e+08  2.01187793e-01  4.69953498e+01 
 1.37598551e+08  9.69850473e-02  4.63394085e+01 
 1.40771537e+08 -4.96456167e-03  4.56829402e+01 
 1.44017690e+08 -1.04657977e-01  4.50262816e+01 
 1.47338699e+08 -2.02094484e-01  4.43697699e+01 
 1.50736290e+08 -2.97275713e-01  4.37137427e+01 
 1.54212228e+08 -3.90205631e-01  4.30585361e+01 
 1.57768320e+08 -4.80890528e-01  4.24044846e+01 
 1.61406415e+08 -5.69338988e-01  4.17519198e+01 
 1.65128404e+08 -6.55561857e-01  4.11011698e+01 
 1.68936220e+08 -7.39572194e-01  4.04525583e+01 
 1.72831844e+08 -8.21385224e-01  3.98064037e+01 
 1.76817299e+08 -9.01018272e-01  3.91630185e+01 
 1.80894658e+08 -9.78490697e-01  3.85227085e+01 
 1.85066040e+08 -1.05382381e+00  3.78857721e+01 
 1.89333613e+08 -1.12704082e+00  3.72524996e+01 
 1.93699595e+08 -1.19816668e+00  3.66231729e+01 
 1.98166255e+08 -1.26722808e+00  3.59980644e+01 
 2.02735916e+08 -1.33425329e+00  3.53774373e+01 
 2.07410951e+08 -1.39927206e+00  3.47615442e+01 
 2.12193792e+08 -1.46231556e+00  3.41506275e+01 
 2.17086923e+08 -1.52341622e+00  3.35449187e+01 
 2.22092889e+08 -1.58260765e+00  3.29446382e+01 
 2.27214291e+08 -1.63992454e+00  3.23499950e+01 
 2.32453791e+08 -1.69540253e+00  3.17611866e+01 
 2.37814113e+08 -1.74907810e+00  3.11783988e+01 
 2.43298042e+08 -1.80098850e+00  3.06018056e+01 
 2.48908429e+08 -1.85117157e+00  3.00315696e+01 
 2.54648190e+08 -1.89966573e+00  2.94678412e+01 
 2.60520309e+08 -1.94650979e+00  2.89107593e+01 
 2.66527837e+08 -1.99174293e+00  2.83604513e+01 
 2.72673897e+08 -2.03540453e+00  2.78170330e+01 
 2.78961683e+08 -2.07753414e+00  2.72806090e+01 
 2.85394464e+08 -2.11817136e+00  2.67512728e+01 
 2.91975583e+08 -2.15735577e+00  2.62291070e+01 
 2.98708461e+08 -2.19512684e+00  2.57141837e+01 
 3.05596598e+08 -2.23152386e+00  2.52065647e+01 
 3.12643573e+08 -2.26658589e+00  2.47063019e+01 
 3.19853049e+08 -2.30035165e+00  2.42134372e+01 
 3.27228774e+08 -2.33285951e+00  2.37280035e+01 
 3.34774581e+08 -2.36414740e+00  2.32500245e+01 
 3.42494392e+08 -2.39425278e+00  2.27795154e+01 
 3.50392221e+08 -2.42321258e+00  2.23164832e+01 
 3.58472171e+08 -2.45106315e+00  2.18609267e+01 
 3.66738442e+08 -2.47784026e+00  2.14128376e+01 
 3.75195331e+08 -2.50357902e+00  2.09722000e+01 
 3.83847234e+08 -2.52831387e+00  2.05389916e+01 
 3.92698648e+08 -2.55207858e+00  2.01131835e+01 
 4.01754173e+08 -2.57490617e+00  1.96947408e+01 
 4.11018515e+08 -2.59682896e+00  1.92836230e+01 
 4.20496491e+08 -2.61787850e+00  1.88797843e+01 
 4.30193027e+08 -2.63808557e+00  1.84831738e+01 
 4.40113162e+08 -2.65748020e+00  1.80937360e+01 
 4.50262052e+08 -2.67609164e+00  1.77114112e+01 
 4.60644974e+08 -2.69394835e+00  1.73361358e+01 
 4.71267322e+08 -2.71107802e+00  1.69678422e+01 
 4.82134619e+08 -2.72750754e+00  1.66064597e+01 
 4.93252513e+08 -2.74326304e+00  1.62519146e+01 
 5.04626783e+08 -2.75836987e+00  1.59041303e+01 
 5.16263340e+08 -2.77285261e+00  1.55630275e+01 
 5.28168234e+08 -2.78673510e+00  1.52285250e+01 
 5.40347650e+08 -2.80004040e+00  1.49005392e+01 
 5.52807921e+08 -2.81279085e+00  1.45789850e+01 
 5.65555523e+08 -2.82500806e+00  1.42637755e+01 
 5.78597080e+08 -2.83671291e+00  1.39548226e+01 
 5.91939372e+08 -2.84792561e+00  1.36520370e+01 
 6.05589334e+08 -2.85866565e+00  1.33553284e+01 
 6.19554061e+08 -2.86895185e+00  1.30646056e+01 
 6.33840810e+08 -2.87880239e+00  1.27797770e+01 
 6.48457008e+08 -2.88823478e+00  1.25007503e+01 
 6.63410251e+08 -2.89726594e+00  1.22274331e+01 
 6.78708313e+08 -2.90591214e+00  1.19597325e+01 
 6.94359143e+08 -2.91418907e+00  1.16975559e+01 
 7.10370877e+08 -2.92211185e+00  1.14408104e+01 
 7.26751838e+08 -2.92969502e+00  1.11894036e+01 
 7.43510539e+08 -2.93695259e+00  1.09432432e+01 
 7.60655691e+08 -2.94389802e+00  1.07022372e+01 
 7.78196206e+08 -2.95054427e+00  1.04662943e+01 
 7.96141200e+08 -2.95690380e+00  1.02353236e+01 
 8.14500001e+08 -2.96298858e+00  1.00092347e+01 
 8.33282151e+08 -2.96881013e+00  9.78793809e+00 
 8.52497412e+08 -2.97437950e+00  9.57134496e+00 
 8.72155772e+08 -2.97970732e+00  9.35936727e+00 
 8.92267449e+08 -2.98480377e+00  9.15191786e+00 
 9.12842895e+08 -2.98967867e+00  8.94891047e+00 
 9.33892805e+08 -2.99434139e+00  8.75025981e+00 
 9.55428121e+08 -2.99880097e+00  8.55588158e+00 
 9.77460036e+08 -3.00306606e+00  8.36569248e+00 
 1.00000000e+09 -3.00714497e+00  8.17961029e+00 
 1.02305973e+09 -3.01104565e+00  7.99755386e+00 
 1.04665121e+09 -3.01477574e+00  7.81944314e+00 
 1.07078670e+09 -3.01834258e+00  7.64519921e+00 
 1.09547876e+09 -3.02175317e+00  7.47474429e+00 
 1.12074020e+09 -3.02501425e+00  7.30800175e+00 
 1.14658417e+09 -3.02813227e+00  7.14489611e+00 
 1.17302409e+09 -3.03111340e+00  6.98535309e+00 
 1.20007371e+09 -3.03396357e+00  6.82929958e+00 
 1.22774708e+09 -3.03668846e+00  6.67666364e+00 
 1.25605860e+09 -3.03929348e+00  6.52737453e+00 
 1.28502297e+09 -3.04178386e+00  6.38136269e+00 
 1.31465525e+09 -3.04416457e+00  6.23855976e+00 
 1.34497085e+09 -3.04644039e+00  6.09889853e+00 
 1.37598551e+09 -3.04861588e+00  5.96231300e+00 
 1.40771537e+09 -3.05069543e+00  5.82873833e+00 
 1.44017690e+09 -3.05268322e+00  5.69811085e+00 
 1.47338699e+09 -3.05458326e+00  5.57036804e+00 
 1.50736290e+09 -3.05639939e+00  5.44544856e+00 
 1.54212228e+09 -3.05813528e+00  5.32329216e+00 
 1.57768320e+09 -3.05979445e+00  5.20383976e+00 
 1.61406415e+09 -3.06138025e+00  5.08703340e+00 
 1.65128404e+09 -3.06289592e+00  4.97281619e+00 
 1.68936220e+09 -3.06434452e+00  4.86113239e+00 
 1.72831844e+09 -3.06572901e+00  4.75192729e+00 
 1.76817299e+09 -3.06705220e+00  4.64514728e+00 
 1.80894658e+09 -3.06831679e+00  4.54073981e+00 
 1.85066040e+09 -3.06952536e+00  4.43865334e+00 
 1.89333613e+09 -3.07068038e+00  4.33883738e+00 
 1.93699595e+09 -3.07178420e+00  4.24124246e+00 
 1.98166255e+09 -3.07283909e+00  4.14582009e+00 
 2.02735916e+09 -3.07384719e+00  4.05252277e+00 
 2.07410951e+09 -3.07481059e+00  3.96130396e+00 
 2.12193792e+09 -3.07573124e+00  3.87211808e+00 
 2.17086923e+09 -3.07661104e+00  3.78492049e+00 
 2.22092889e+09 -3.07745179e+00  3.69966747e+00 
 2.27214291e+09 -3.07825522e+00  3.61631619e+00 
 2.32453791e+09 -3.07902297e+00  3.53482472e+00 
 2.37814113e+09 -3.07975664e+00  3.45515203e+00 
 2.43298042e+09 -3.08045772e+00  3.37725790e+00 
 2.48908429e+09 -3.08112766e+00  3.30110301e+00 
 2.54648190e+09 -3.08176783e+00  3.22664882e+00 
 2.60520309e+09 -3.08237956e+00  3.15385763e+00 
 2.66527837e+09 -3.08296410e+00  3.08269253e+00 
 2.72673897e+09 -3.08352266e+00  3.01311742e+00 
 2.78961683e+09 -3.08405639e+00  2.94509692e+00 
 2.85394464e+09 -3.08456640e+00  2.87859645e+00 
 2.91975583e+09 -3.08505373e+00  2.81358215e+00 
 2.98708461e+09 -3.08551939e+00  2.75002088e+00 
 3.05596598e+09 -3.08596434e+00  2.68788023e+00 
 3.12643573e+09 -3.08638950e+00  2.62712848e+00 
 3.19853049e+09 -3.08679575e+00  2.56773459e+00 
 3.27228774e+09 -3.08718393e+00  2.50966818e+00 
 3.34774581e+09 -3.08755484e+00  2.45289956e+00 
 3.42494392e+09 -3.08790924e+00  2.39739965e+00 
 3.50392221e+09 -3.08824788e+00  2.34314001e+00 
 3.58472171e+09 -3.08857145e+00  2.29009283e+00 
 3.66738442e+09 -3.08888062e+00  2.23823090e+00 
 3.75195331e+09 -3.08917603e+00  2.18752758e+00 
 3.83847234e+09 -3.08945829e+00  2.13795685e+00 
 3.92698648e+09 -3.08972799e+00  2.08949322e+00 
 4.01754173e+09 -3.08998568e+00  2.04211178e+00 
 4.11018515e+09 -3.09023190e+00  1.99578816e+00 
 4.20496491e+09 -3.09046717e+00  1.95049852e+00 
 4.30193027e+09 -3.09069195e+00  1.90621953e+00 
 4.40113162e+09 -3.09090673e+00  1.86292840e+00 
 4.50262052e+09 -3.09111195e+00  1.82060281e+00 
 4.60644974e+09 -3.09130803e+00  1.77922095e+00 
 4.71267322e+09 -3.09149537e+00  1.73876147e+00 
 4.82134619e+09 -3.09167438e+00  1.69920351e+00 
 4.93252513e+09 -3.09184541e+00  1.66052665e+00 
 5.04626783e+09 -3.09200883e+00  1.62271092e+00 
 5.16263340e+09 -3.09216497e+00  1.58573681e+00 
 5.28168234e+09 -3.09231416e+00  1.54958521e+00 
 5.40347650e+09 -3.09245670e+00  1.51423744e+00 
 5.52807921e+09 -3.09259289e+00  1.47967524e+00 
 5.65555523e+09 -3.09272302e+00  1.44588074e+00 
 5.78597080e+09 -3.09284735e+00  1.41283646e+00 
 5.91939372e+09 -3.09296614e+00  1.38052532e+00 
 6.05589334e+09 -3.09307965e+00  1.34893060e+00 
 6.19554061e+09 -3.09318809e+00  1.31803596e+00 
 6.33840810e+09 -3.09329171e+00  1.28782540e+00 
 6.48457008e+09 -3.09339071e+00  1.25828329e+00 
 6.63410251e+09 -3.09348530e+00  1.22939434e+00 
 6.78708313e+09 -3.09357568e+00  1.20114358e+00 
 6.94359143e+09 -3.09366203e+00  1.17351638e+00 
 7.10370877e+09 -3.09374454e+00  1.14649844e+00 
 7.26751838e+09 -3.09382337e+00  1.12007576e+00 
 7.43510539e+09 -3.09389869e+00  1.09423465e+00 
 7.60655691e+09 -3.09397065e+00  1.06896171e+00 
 7.78196206e+09 -3.09403941e+00  1.04424385e+00 
 7.96141200e+09 -3.09410511e+00  1.02006825e+00 
 8.14500001e+09 -3.09416788e+00  9.96422386e-01 
 8.33282151e+09 -3.09422785e+00  9.73293995e-01 
 8.52497412e+09 -3.09428516e+00  9.50671085e-01 
 8.72155772e+09 -3.09433991e+00  9.28541923e-01 
 8.92267449e+09 -3.09439222e+00  9.06895032e-01 
 9.12842895e+09 -3.09444220e+00  8.85719184e-01 
 9.33892805e+09 -3.09448996e+00  8.65003396e-01 
 9.55428121e+09 -3.09453559e+00  8.44736918e-01 
 9.77460036e+09 -3.09457919e+00  8.24909237e-01 
 1.00000000e+10 -3.09462085e+00  8.05510066e-01 
