 frequency       inoise_spectrum onoise_spectrum
 1.00000000e+01  6.82018838e-06  2.73668491e-02 
 1.05776756e+01  6.63137045e-06  2.66068400e-02 
 1.11887221e+01  6.44778172e-06  2.58676727e-02 
 1.18350673e+01  6.26927743e-06  2.51487523e-02 
 1.25187503e+01  6.09571681e-06  2.44494987e-02 
 1.32419279e+01  5.92696300e-06  2.37693463e-02 
 1.40068818e+01  5.76288292e-06  2.31077432e-02 
 1.48160252e+01  5.60334720e-06  2.24641509e-02 
 1.56719108e+01  5.44823003e-06  2.18380439e-02 
 1.65772389e+01  5.29740909e-06  2.12289087e-02 
 1.75348655e+01  5.15076545e-06  2.06362435e-02 
 1.85478119e+01  5.00818347e-06  2.00595581e-02 
 1.96192737e+01  4.86955073e-06  1.94983725e-02 
 2.07526313e+01  4.73475789e-06  1.89522173e-02 
 2.19514602e+01  4.60369867e-06  1.84206327e-02 
 2.32195425e+01  4.47626973e-06  1.79031678e-02 
 2.45608788e+01  4.35237056e-06  1.73993807e-02 
 2.59797009e+01  4.23190349e-06  1.69088375e-02 
 2.74804848e+01  4.11477350e-06  1.64311120e-02 
 2.90679654e+01  4.00088824e-06  1.59657852e-02 
 3.07471508e+01  3.89015790e-06  1.55124446e-02 
 3.25233387e+01  3.78249517e-06  1.50706842e-02 
 3.44021326e+01  3.67781514e-06  1.46401037e-02 
 3.63894599e+01  3.57603527e-06  1.42203080e-02 
 3.84915902e+01  3.47707530e-06  1.38109071e-02 
 4.07151555e+01  3.38085720e-06  1.34115157e-02 
 4.30671707e+01  3.28730509e-06  1.30217527e-02 
 4.55550561e+01  3.19634520e-06  1.26412410e-02 
 4.81866605e+01  3.10790581e-06  1.22696078e-02 
 5.09702863e+01  3.02191717e-06  1.19064838e-02 
 5.39147154e+01  2.93831147e-06  1.15515037e-02 
 5.70292370e+01  2.85702280e-06  1.12043064e-02 
 6.03236769e+01  2.77798704e-06  1.08645352e-02 
 6.38084285e+01  2.70114188e-06  1.05318385e-02 
 6.74944857e+01  2.62642672e-06  1.02058703e-02 
 7.13934775e+01  2.55378264e-06  9.88629148e-03 
 7.55177045e+01  2.48315235e-06  9.57277078e-03 
 7.98801781e+01  2.41448017e-06  9.26498668e-03 
 8.44946611e+01  2.34771193e-06  8.96262911e-03 
 8.93757115e+01  2.28279499e-06  8.66540176e-03 
 9.45387283e+01  2.21967816e-06  8.37302465e-03 
 1.00000000e+02  2.15831166e-06  8.08523704e-03 
 1.05776756e+02  2.09864710e-06  7.80180073e-03 
 1.11887221e+02  2.04063744e-06  7.52250353e-03 
 1.18350673e+02  1.98423693e-06  7.24716296e-03 
 1.25187503e+02  1.92940110e-06  6.97563000e-03 
 1.32419279e+02  1.87608670e-06  6.70779287e-03 
 1.40068818e+02  1.82425169e-06  6.44358042e-03 
 1.48160252e+02  1.77385519e-06  6.18296523e-03 
 1.56719108e+02  1.72485747e-06  5.92596596e-03 
 1.65772389e+02  1.67721989e-06  5.67264885e-03 
 1.75348655e+02  1.63090488e-06  5.42312808e-03 
 1.85478119e+02  1.58587592e-06  5.17756477e-03 
 1.96192737e+02  1.54209750e-06  4.93616461e-03 
 2.07526313e+02  1.49953509e-06  4.69917377e-03 
 2.19514602e+02  1.45815514e-06  4.46687335e-03 
 2.32195425e+02  1.41792501e-06  4.23957227e-03 
 2.45608788e+02  1.37881297e-06  4.01759898e-03 
 2.59797009e+02  1.34078819e-06  3.80129209e-03 
 2.74804848e+02  1.30382068e-06  3.59099046e-03 
 2.90679654e+02  1.26788128e-06  3.38702314e-03 
 3.07471508e+02  1.23294165e-06  3.18969956e-03 
 3.25233387e+02  1.19897424e-06  2.99930055e-03 
 3.44021326e+02  1.16595226e-06  2.81607040e-03 
 3.63894599e+02  1.13384968e-06  2.64021044e-03 
 3.84915902e+02  1.10264116e-06  2.47187429e-03 
 4.07151555e+02  1.07230210e-06  2.31116485e-03 
 4.30671707e+02  1.04280858e-06  2.15813309e-03 
 4.55550561e+02  1.01413733e-06  2.01277846e-03 
 4.81866605e+02  9.86265741e-07  1.87505083e-03 
 5.09702863e+02  9.59171829e-07  1.74485364e-03 
 5.39147154e+02  9.32834226e-07  1.62204803e-03 
 5.70292370e+02  9.07232158e-07  1.50645764e-03 
 6.03236769e+02  8.82345433e-07  1.39787384e-03 
 6.38084285e+02  8.58154420e-07  1.29606119e-03 
 6.74944857e+02  8.34640038e-07  1.20076275e-03 
 7.13934775e+02  8.11783738e-07  1.11170526e-03 
 7.55177045e+02  7.89567491e-07  1.02860403e-03 
 7.98801781e+02  7.67973769e-07  9.51167254e-04 
 8.44946611e+02  7.46985537e-07  8.79100041e-04 
 8.93757115e+02  7.26586236e-07  8.12107769e-04 
 9.45387283e+02  7.06759771e-07  7.49899038e-04 
 1.00000000e+03  6.87490497e-07  6.92188095e-04 
 1.05776756e+03  6.68763208e-07  6.38696806e-04 
 1.11887221e+03  6.50563125e-07  5.89156212e-04 
 1.18350673e+03  6.32875883e-07  5.43307706e-04 
 1.25187503e+03  6.15687520e-07  5.00903877e-04 
 1.32419279e+03  5.98984467e-07  4.61709068e-04 
 1.40068818e+03  5.82753536e-07  4.25499701e-04 
 1.48160252e+03  5.66981911e-07  3.92064380e-04 
 1.56719108e+03  5.51657134e-07  3.61203849e-04 
 1.65772389e+03  5.36767100e-07  3.32730801e-04 
 1.75348655e+03  5.22300044e-07  3.06469586e-04 
 1.85478119e+03  5.08244534e-07  2.82255842e-04 
 1.96192737e+03  4.94589458e-07  2.59936065e-04 
 2.07526313e+03  4.81324020e-07  2.39367131e-04 
 2.19514602e+03  4.68437727e-07  2.20415802e-04 
 2.32195425e+03  4.55920383e-07  2.02958207e-04 
 2.45608788e+03  4.43762082e-07  1.86879327e-04 
 2.59797009e+03  4.31953193e-07  1.72072470e-04 
 2.74804848e+03  4.20484363e-07  1.58438772e-04 
 2.90679654e+03  4.09346500e-07  1.45886693e-04 
 3.07471508e+03  3.98530771e-07  1.34331544e-04 
 3.25233387e+03  3.88028591e-07  1.23695027e-04 
 3.44021326e+03  3.77831620e-07  1.13904794e-04 
 3.63894599e+03  3.67931752e-07  1.04894035e-04 
 3.84915902e+03  3.58321110e-07  9.66010816e-05 
 4.07151555e+03  3.48992043e-07  8.89690355e-05 
 4.30671707e+03  3.39937111e-07  8.19454214e-05 
 4.55550561e+03  3.31149089e-07  7.54818587e-05 
 4.81866605e+03  3.22620951e-07  6.95337559e-05 
 5.09702863e+03  3.14345871e-07  6.40600252e-05 
 5.39147154e+03  3.06317216e-07  5.90228164e-05 
 5.70292370e+03  2.98528536e-07  5.43872690e-05 
 6.03236769e+03  2.90973563e-07  5.01212828e-05 
 6.38084285e+03  2.83646205e-07  4.61953040e-05 
 6.74944857e+03  2.76540537e-07  4.25821275e-05 
 7.13934775e+03  2.69650799e-07  3.92567138e-05 
 7.55177045e+03  2.62971391e-07  3.61960191e-05 
 7.98801781e+03  2.56496865e-07  3.33788387e-05 
 8.44946611e+03  2.50221923e-07  3.07856621e-05 
 8.93757115e+03  2.44141410e-07  2.83985388e-05 
 9.45387283e+03  2.38250311e-07  2.62009553e-05 
 1.00000000e+04  2.32543743e-07  2.41777207e-05 
 1.05776756e+04  2.27016954e-07  2.23148619e-05 
 1.11887221e+04  2.21665319e-07  2.05995259e-05 
 1.18350673e+04  2.16484330e-07  1.90198916e-05 
 1.25187503e+04  2.11469596e-07  1.75650864e-05 
 1.32419279e+04  2.06616839e-07  1.62251110e-05 
 1.40068818e+04  2.01921887e-07  1.49907692e-05 
 1.48160252e+04  1.97380673e-07  1.38536039e-05 
 1.56719108e+04  1.92989228e-07  1.28058375e-05 
 1.65772389e+04  1.88743679e-07  1.18403178e-05 
 1.75348655e+04  1.84640244e-07  1.09504675e-05 
 1.85478119e+04  1.80675229e-07  1.01302383e-05 
 1.96192737e+04  1.76845025e-07  9.37406813e-06 
 2.07526313e+04  1.73146103e-07  8.67684239e-06 
 2.19514602e+04  1.69575011e-07  8.03385776e-06 
 2.32195425e+04  1.66128372e-07  7.44078922e-06 
 2.45608788e+04  1.62802879e-07  6.89365960e-06 
 2.59797009e+04  1.59595294e-07  6.38881162e-06 
 2.74804848e+04  1.56502443e-07  5.92288213e-06 
 2.90679654e+04  1.53521216e-07  5.49277846e-06 
 3.07471508e+04  1.50648562e-07  5.09565663e-06 
 3.25233387e+04  1.47881487e-07  4.72890133e-06 
 3.44021326e+04  1.45217054e-07  4.39010752e-06 
 3.63894599e+04  1.42652380e-07  4.07706349e-06 
 3.84915902e+04  1.40184631e-07  3.78773529e-06 
 4.07151555e+04  1.37811026e-07  3.52025241e-06 
 4.30671707e+04  1.35528832e-07  3.27289460e-06 
 4.55550561e+04  1.33335361e-07  3.04407978e-06 
 4.81866605e+04  1.31227975e-07  2.83235290e-06 
 5.09702863e+04  1.29204078e-07  2.63637570e-06 
 5.39147154e+04  1.27261121e-07  2.45491726e-06 
 5.70292370e+04  1.25396599e-07  2.28684541e-06 
 6.03236769e+04  1.23608049e-07  2.13111868e-06 
 6.38084285e+04  1.21893052e-07  1.98677906e-06 
 6.74944857e+04  1.20249232e-07  1.85294520e-06 
 7.13934775e+04  1.18674257e-07  1.72880626e-06 
 7.55177045e+04  1.17165838e-07  1.61361620e-06 
 7.98801781e+04  1.15721727e-07  1.50668853e-06 
 8.44946611e+04  1.14339723e-07  1.40739153e-06 
 8.93757115e+04  1.13017667e-07  1.31514379e-06 
 9.45387283e+04  1.11753443e-07  1.22941014e-06 
 1.00000000e+05  1.10544983e-07  1.14969794e-06 
 1.05776756e+05  1.09390260e-07  1.07555362e-06 
 1.11887221e+05  1.08287296e-07  1.00655950e-06 
 1.18350673e+05  1.07234157e-07  9.42330915e-07 
 1.25187503e+05  1.06228955e-07  8.82513518e-07 
 1.32419279e+05  1.05269849e-07  8.26780842e-07 
 1.40068818e+05  1.04355046e-07  7.74832032e-07 
 1.48160252e+05  1.03482798e-07  7.26389776e-07 
 1.56719108e+05  1.02651407e-07  6.81198400e-07 
 1.65772389e+05  1.01859221e-07  6.39022117e-07 
 1.75348655e+05  1.01104635e-07  5.99643420e-07 
 1.85478119e+05  1.00386094e-07  5.62861605e-07 
 1.96192737e+05  9.97020893e-08  5.28491415e-07 
 2.07526313e+05  9.90511590e-08  4.96361797e-07 
 2.19514602e+05  9.84318900e-08  4.66314755e-07 
 2.32195425e+05  9.78429155e-08  4.38204304e-07 
 2.45608788e+05  9.72829157e-08  4.11895504e-07 
 2.59797009e+05  9.67506172e-08  3.87263577e-07 
 2.74804848e+05  9.62447922e-08  3.64193095e-07 
 2.90679654e+05  9.57642584e-08  3.42577234e-07 
 3.07471508e+05  9.53078782e-08  3.22317092e-07 
 3.25233387e+05  9.48745581e-08  3.03321058e-07 
 3.44021326e+05  9.44632482e-08  2.85504240e-07 
 3.63894599e+05  9.40729410e-08  2.68787933e-07 
 3.84915902e+05  9.37026714e-08  2.53099137e-07 
 4.07151555e+05  9.33515153e-08  2.38370108e-07 
 4.30671707e+05  9.30185894e-08  2.24537951e-07 
 4.55550561e+05  9.27030498e-08  2.11544245e-07 
 4.81866605e+05  9.24040919e-08  1.99334696e-07 
 5.09702863e+05  9.21209492e-08  1.87858825e-07 
 5.39147154e+05  9.18528930e-08  1.77069671e-07 
 5.70292370e+05  9.15992312e-08  1.66923529e-07 
 6.03236769e+05  9.13593082e-08  1.57379703e-07 
 6.38084285e+05  9.11325039e-08  1.48400276e-07 
 6.74944857e+05  9.09182335e-08  1.39949911e-07 
 7.13934775e+05  9.07159467e-08  1.31995653e-07 
 7.55177045e+05  9.05251279e-08  1.24506755e-07 
 7.98801781e+05  9.03452952e-08  1.17454518e-07 
 8.44946611e+05  9.01760007e-08  1.10812142e-07 
 8.93757115e+05  9.00168306e-08  1.04554588e-07 
 9.45387283e+05  8.98674047e-08  9.86584484e-08 
 1.00000000e+06  8.97273771e-08  9.31018381e-08 
 1.05776756e+06  8.95964366e-08  8.78642805e-08 
 1.11887221e+06  8.94743070e-08  8.29266108e-08 
 1.18350673e+06  8.93607480e-08  7.82708845e-08 
 1.25187503e+06  8.92555563e-08  7.38802921e-08 
 1.32419279e+06  8.91585666e-08  6.97390815e-08 
 1.40068818e+06  8.90696534e-08  6.58324858e-08 
 1.48160252e+06  8.89887326e-08  6.21466558e-08 
 1.56719108e+06  8.89157637e-08  5.86685985e-08 
 1.65772389e+06  8.88507520e-08  5.53861200e-08 
 1.75348655e+06  8.87937521e-08  5.22877719e-08 
 1.85478119e+06  8.87448705e-08  4.93628025e-08 
 1.96192737e+06  8.87042698e-08  4.66011108e-08 
 2.07526313e+06  8.86721731e-08  4.39932044e-08 
 2.19514602e+06  8.86488684e-08  4.15301602e-08 
 2.32195425e+06  8.86347147e-08  3.92035875e-08 
 2.45608788e+06  8.86301478e-08  3.70055950e-08 
 2.59797009e+06  8.86356874e-08  3.49287582e-08 
 2.74804848e+06  8.86519451e-08  3.29660912e-08 
 2.90679654e+06  8.86796328e-08  3.11110191e-08 
 3.07471508e+06  8.87195728e-08  2.93573526e-08 
 3.25233387e+06  8.87727086e-08  2.76992653e-08 
 3.44021326e+06  8.88401164e-08  2.61312714e-08 
 3.63894599e+06  8.89230192e-08  2.46482057e-08 
 3.84915902e+06  8.90228010e-08  2.32452056e-08 
 4.07151555e+06  8.91410233e-08  2.19176929e-08 
 4.30671707e+06  8.92794428e-08  2.06613590e-08 
 4.55550561e+06  8.94400311e-08  1.94721494e-08 
 4.81866605e+06  8.96249965e-08  1.83462508e-08 
 5.09702863e+06  8.98368073e-08  1.72800782e-08 
 5.39147154e+06  9.00782178e-08  1.62702644e-08 
 5.70292370e+06  9.03522965e-08  1.53136486e-08 
 6.03236769e+06  9.06624566e-08  1.44072676e-08 
 6.38084285e+06  9.10124895e-08  1.35483469e-08 
 6.74944857e+06  9.14066014e-08  1.27342922e-08 
 7.13934775e+06  9.18494521e-08  1.19626826e-08 
 7.55177045e+06  9.23461982e-08  1.12312630e-08 
 7.98801781e+06  9.29025393e-08  1.05379375e-08 
 8.44946611e+06  9.35247675e-08  9.88076247e-09 
 8.93757115e+06  9.42198219e-08  9.25794030e-09 
 9.45387283e+06  9.49953460e-08  8.66781193e-09 
 1.00000000e+07  9.58597501e-08  8.10884960e-09 
 1.05776756e+07  9.68222772e-08  7.57964875e-09 
 1.11887221e+07  9.78930730e-08  7.07891919e-09 
 1.18350673e+07  9.90832580e-08  6.60547533e-09 
 1.25187503e+07  1.00405003e-07  6.15822553e-09 
 1.32419279e+07  1.01871604e-07  5.73616046e-09 
 1.40068818e+07  1.03497555e-07  5.33834076e-09 
 1.48160252e+07  1.05298617e-07  4.96388409e-09 
 1.56719108e+07  1.07291876e-07  4.61195190e-09 
 1.65772389e+07  1.09495789e-07  4.28173647e-09 
 1.75348655e+07  1.11930207e-07  3.97244855e-09 
 1.85478119e+07  1.14616375e-07  3.68330613e-09 
 1.96192737e+07  1.17576894e-07  3.41352498e-09 
 2.07526313e+07  1.20835642e-07  3.16231112e-09 
 2.19514602e+07  1.24417641e-07  2.92885574e-09 
 2.32195425e+07  1.28348867e-07  2.71233270e-09 
 2.45608788e+07  1.32656000e-07  2.51189845e-09 
 2.59797009e+07  1.37366086e-07  2.32669446e-09 
 2.74804848e+07  1.42506147e-07  2.15585155e-09 
 2.90679654e+07  1.48102700e-07  1.99849590e-09 
 3.07471508e+07  1.54181216e-07  1.85375611e-09 
 3.25233387e+07  1.60765518e-07  1.72077079e-09 
 3.44021326e+07  1.67877134e-07  1.59869619e-09 
 3.63894599e+07  1.75534624e-07  1.48671337e-09 
 3.84915902e+07  1.83752907e-07  1.38403460e-09 
 4.07151555e+07  1.92542617e-07  1.28990864e-09 
 4.30671707e+07  2.01909521e-07  1.20362491e-09 
 4.55550561e+07  2.11854038e-07  1.12451633e-09 
 4.81866605e+07  2.22370883e-07  1.05196098e-09 
 5.09702863e+07  2.33448876e-07  9.85382602e-10 
 5.39147154e+07  2.45070942e-07  9.24250141e-10 
 5.70292370e+07  2.57214309e-07  8.68076500e-10 
 6.03236769e+07  2.69850919e-07  8.16416616e-10 
 6.38084285e+07  2.82948042e-07  7.68865082e-10 
 6.74944857e+07  2.96469066e-07  7.25053456e-10 
 7.13934775e+07  3.10374439e-07  6.84647391e-10 
 7.55177045e+07  3.24622709e-07  6.47343698e-10 
 7.98801781e+07  3.39171613e-07  6.12867433e-10 
 8.44946611e+07  3.53979160e-07  5.80969088e-10 
 8.93757115e+07  3.69004641e-07  5.51421934e-10 
 9.45387283e+07  3.84209537e-07  5.24019554e-10 
 1.00000000e+08  3.99558251e-07  4.98573592e-10 
