 v-sweep         ID              Gds            
 0.00000000e+00 -2.99646494e-11  6.01865726e-06 
 6.00000000e-03  3.45234663e-08  5.50138410e-06 
 1.20000000e-02  6.60213297e-08  5.00119754e-06 
 1.80000000e-02  9.45793332e-08  4.52173274e-06 
 2.40000000e-02  1.20326740e-07  4.06457176e-06 
 3.00000000e-02  1.43401561e-07  3.63109056e-06 
 3.60000000e-02  1.63949706e-07  3.22254367e-06 
 4.20000000e-02  1.82124156e-07  2.84002441e-06 
 4.80000000e-02  1.98083811e-07  2.48440128e-06 
 5.40000000e-02  2.11991948e-07  2.15625541e-06 
 6.00000000e-02  2.24014348e-07  1.85583395e-06 
 6.60000000e-02  2.34317214e-07  1.58303026e-06 
 7.20000000e-02  2.43065072e-07  1.33739697e-06 
 7.80000000e-02  2.50418849e-07  1.11819193e-06 
 8.40000000e-02  2.56534310e-07  9.24449472e-07 
 9.00000000e-02  2.61560955e-07  7.55060488e-07 
 9.60000000e-02  2.65641367e-07  6.08835578e-07 
 1.02000000e-01  2.68910811e-07  4.84521761e-07 
 1.08000000e-01  2.71496734e-07  3.80753753e-07 
 1.14000000e-01  2.73781257e-07  2.95953548e-07 
 1.20000000e-01  2.75293534e-07  2.28235997e-07 
 1.26000000e-01  2.76451781e-07  1.75397075e-07 
 1.32000000e-01  2.77338799e-07  1.35023997e-07 
 1.38000000e-01  2.78022206e-07  1.04692251e-07 
 1.44000000e-01  2.78554928e-07  8.21667294e-08 
 1.50000000e-01  2.78976959e-07  6.55374173e-08 
 1.56000000e-01  2.79317766e-07  5.32687778e-08 
 1.62000000e-01  2.79598718e-07  4.41816114e-08 
 1.68000000e-01  2.79835199e-07  3.73990841e-08 
 1.74000000e-01  2.80038273e-07  3.22828059e-08 
 1.80000000e-01  2.80215916e-07  2.83737418e-08 
 1.86000000e-01  2.80373920e-07  2.53437944e-08 
 1.92000000e-01  2.80516519e-07  2.29587529e-08 
 1.98000000e-01  2.80646841e-07  2.10510724e-08 
 2.04000000e-01  2.80767220e-07  1.95003550e-08 
 2.10000000e-01  2.80879415e-07  1.82195414e-08 
 2.16000000e-01  2.80984773e-07  1.71452097e-08 
 2.22000000e-01  2.81084331e-07  1.62307735e-08 
 2.28000000e-01  2.81178902e-07  1.54417074e-08 
 2.34000000e-01  2.81269129e-07  1.47521848e-08 
 2.40000000e-01  2.81355529e-07  1.41426996e-08 
 2.46000000e-01  2.81438521e-07  1.35983736e-08 
 2.52000000e-01  2.81518449e-07  1.31077446e-08 
 2.58000000e-01  2.81595599e-07  1.26618926e-08 
 2.64000000e-01  2.81670213e-07  1.22538052e-08 
 2.70000000e-01  2.81742494e-07  1.18779137e-08 
 2.76000000e-01  2.81812619e-07  1.15297513e-08 
 2.82000000e-01  2.81880740e-07  1.12056989e-08 
 2.88000000e-01  2.81946991e-07  1.09027956e-08 
 2.94000000e-01  2.82011489e-07  1.06185957e-08 
 3.00000000e-01  2.82074339e-07  1.03510596e-08 
 3.06000000e-01  2.82135635e-07  1.00984719e-08 
 3.12000000e-01  2.82195461e-07  9.85937617e-09 
 3.18000000e-01  2.82253893e-07  9.63252642e-09 
 3.24000000e-01  2.82311002e-07  9.41684773e-09 
 3.30000000e-01  2.82366851e-07  9.21140602e-09 
 3.36000000e-01  2.82421498e-07  9.01538384e-09 
 3.42000000e-01  2.82474998e-07  8.82806114e-09 
 3.48000000e-01  2.82527400e-07  8.64879981e-09 
 3.54000000e-01  2.82578751e-07  8.47703126e-09 
 3.60000000e-01  2.82629094e-07  8.31224622e-09 
 3.66000000e-01  2.82678470e-07  8.15398646e-09 
 3.72000000e-01  2.82726916e-07  8.00183793e-09 
 3.78000000e-01  2.82774468e-07  7.85542502e-09 
 3.84000000e-01  2.82821158e-07  7.71440573e-09 
 3.90000000e-01  2.82867019e-07  7.57846762e-09 
 3.96000000e-01  2.82912080e-07  7.44732438e-09 
 4.02000000e-01  2.82956368e-07  7.32081998e-09 
 4.08000000e-01  2.82999911e-07  7.19882159e-09 
 4.14000000e-01  2.83042736e-07  7.08089209e-09 
 4.20000000e-01  2.83084865e-07  6.96681933e-09 
 4.26000000e-01  2.83126322e-07  6.85640549e-09 
 4.32000000e-01  2.83167127e-07  6.74946495e-09 
 4.38000000e-01  2.83207302e-07  6.64582282e-09 
 4.44000000e-01  2.83246864e-07  6.54531385e-09 
 4.50000000e-01  2.83285833e-07  6.44778189e-09 
 4.56000000e-01  2.83324226e-07  6.35308036e-09 
 4.62000000e-01  2.83362059e-07  6.26107390e-09 
 4.68000000e-01  2.83399348e-07  6.17164105e-09 
 4.74000000e-01  2.83436108e-07  6.08467668e-09 
 4.80000000e-01  2.83472354e-07  6.00009176e-09 
 4.86000000e-01  2.83508100e-07  5.91780927e-09 
 4.92000000e-01  2.83543359e-07  5.83775744e-09 
 4.98000000e-01  2.83578144e-07  5.75986383e-09 
 5.04000000e-01  2.83612468e-07  5.68405292e-09 
 5.10000000e-01  2.83646344e-07  5.61024677e-09 
 5.16000000e-01  2.83679783e-07  5.53836722e-09 
 5.22000000e-01  2.83712797e-07  5.46833782e-09 
 5.28000000e-01  2.83745396e-07  5.40008521e-09 
 5.34000000e-01  2.83777591e-07  5.33353967e-09 
 5.40000000e-01  2.83809392e-07  5.26863532e-09 
 5.46000000e-01  2.83840808e-07  5.20530995e-09 
 5.52000000e-01  2.83871849e-07  5.14350480e-09 
 5.58000000e-01  2.83902524e-07  5.08316434e-09 
 5.64000000e-01  2.83932841e-07  5.02423598e-09 
 5.70000000e-01  2.83962809e-07  4.96666984e-09 
 5.76000000e-01  2.83992436e-07  4.91041852e-09 
 5.82000000e-01  2.84021729e-07  4.85543697e-09 
 5.88000000e-01  2.84050696e-07  4.80168225e-09 
 5.94000000e-01  2.84079344e-07  4.74911346e-09 
 6.00000000e-01  2.84107680e-07  4.69769152e-09 
 6.06000000e-01  2.84135712e-07  4.64737914e-09 
 6.12000000e-01  2.84163445e-07  4.59814066e-09 
 6.18000000e-01  2.84190885e-07  4.54994196e-09 
 6.24000000e-01  2.84218040e-07  4.50275040e-09 
 6.30000000e-01  2.84244914e-07  4.45653468e-09 
 6.36000000e-01  2.84271514e-07  4.41126483e-09 
 6.42000000e-01  2.84297846e-07  4.36691210e-09 
 6.48000000e-01  2.84323914e-07  4.32344890e-09 
 6.54000000e-01  2.84349723e-07  4.28084876e-09 
 6.60000000e-01  2.84375280e-07  4.23908624e-09 
 6.66000000e-01  2.84400589e-07  4.19813691e-09 
 6.72000000e-01  2.84425655e-07  4.15797729e-09 
 6.78000000e-01  2.84450482e-07  4.11858478e-09 
 6.84000000e-01  2.84475075e-07  4.07993766e-09 
 6.90000000e-01  2.84499438e-07  4.04201501e-09 
 6.96000000e-01  2.84523576e-07  4.00479670e-09 
 7.02000000e-01  2.84547493e-07  3.96826334e-09 
 7.08000000e-01  2.84571192e-07  3.93239623e-09 
 7.14000000e-01  2.84594679e-07  3.89717738e-09 
 7.20000000e-01  2.84617956e-07  3.86258941e-09 
 7.26000000e-01  2.84641027e-07  3.82861557e-09 
 7.32000000e-01  2.84663897e-07  3.79523971e-09 
 7.38000000e-01  2.84686568e-07  3.76244622e-09 
 7.44000000e-01  2.84709044e-07  3.73022005e-09 
 7.50000000e-01  2.84731328e-07  3.69854666e-09 
 7.56000000e-01  2.84753424e-07  3.66741199e-09 
 7.62000000e-01  2.84775335e-07  3.63680247e-09 
 7.68000000e-01  2.84797064e-07  3.60670497e-09 
 7.74000000e-01  2.84818614e-07  3.57710680e-09 
 7.80000000e-01  2.84839987e-07  3.54799570e-09 
 7.86000000e-01  2.84861188e-07  3.51935979e-09 
 7.92000000e-01  2.84882218e-07  3.49118757e-09 
 7.98000000e-01  2.84903080e-07  3.46346792e-09 
 8.04000000e-01  2.84923777e-07  3.43619008e-09 
 8.10000000e-01  2.84944312e-07  3.40934362e-09 
 8.16000000e-01  2.84964688e-07  3.38291842e-09 
 8.22000000e-01  2.84984906e-07  3.35690471e-09 
 8.28000000e-01  2.85004969e-07  3.33129299e-09 
 8.34000000e-01  2.85024880e-07  3.30607406e-09 
 8.40000000e-01  2.85044640e-07  3.28123900e-09 
 8.46000000e-01  2.85064253e-07  3.25677916e-09 
 8.52000000e-01  2.85083720e-07  3.23268615e-09 
 8.58000000e-01  2.85103044e-07  3.20895182e-09 
 8.64000000e-01  2.85122226e-07  3.18556826e-09 
 8.70000000e-01  2.85141269e-07  3.16252781e-09 
 8.76000000e-01  2.85160175e-07  3.13982300e-09 
 8.82000000e-01  2.85178946e-07  3.11744661e-09 
 8.88000000e-01  2.85197583e-07  3.09539160e-09 
 8.94000000e-01  2.85216089e-07  3.07365115e-09 
 9.00000000e-01  2.85234466e-07  3.05221860e-09 
 9.06000000e-01  2.85252715e-07  3.03108752e-09 
 9.12000000e-01  2.85270838e-07  3.01025162e-09 
 9.18000000e-01  2.85288837e-07  2.98970481e-09 
 9.24000000e-01  2.85306713e-07  2.96944116e-09 
 9.30000000e-01  2.85324469e-07  2.94945488e-09 
 9.36000000e-01  2.85342105e-07  2.92974037e-09 
 9.42000000e-01  2.85359625e-07  2.91029217e-09 
 9.48000000e-01  2.85377028e-07  2.89110495e-09 
 9.54000000e-01  2.85394317e-07  2.87217353e-09 
 9.60000000e-01  2.85411493e-07  2.85349288e-09 
 9.66000000e-01  2.85428558e-07  2.83505808e-09 
 9.72000000e-01  2.85445513e-07  2.81686435e-09 
 9.78000000e-01  2.85462359e-07  2.79890704e-09 
 9.84000000e-01  2.85479099e-07  2.78118160e-09 
 9.90000000e-01  2.85495732e-07  2.76368362e-09 
 9.96000000e-01  2.85512262e-07  2.74640877e-09 
 1.00200000e+00  2.85528688e-07  2.72935286e-09 
 1.00800000e+00  2.85545013e-07  2.71251179e-09 
 1.01400000e+00  2.85561238e-07  2.69588157e-09 
 1.02000000e+00  2.85577363e-07  2.67945829e-09 
 1.02600000e+00  2.85593390e-07  2.66323816e-09 
 1.03200000e+00  2.85609321e-07  2.64721747e-09 
 1.03800000e+00  2.85625156e-07  2.63139260e-09 
 1.04400000e+00  2.85640897e-07  2.61576001e-09 
 1.05000000e+00  2.85656545e-07  2.60031627e-09 
 1.05600000e+00  2.85672100e-07  2.58505802e-09 
 1.06200000e+00  2.85687565e-07  2.56998195e-09 
 1.06800000e+00  2.85702939e-07  2.55508488e-09 
 1.07400000e+00  2.85718225e-07  2.54036367e-09 
 1.08000000e+00  2.85733423e-07  2.52581526e-09 
 1.08600000e+00  2.85748534e-07  2.51143667e-09 
 1.09200000e+00  2.85763559e-07  2.49722498e-09 
 1.09800000e+00  2.85778500e-07  2.48317735e-09 
 1.10400000e+00  2.85793357e-07  2.46929098e-09 
 1.11000000e+00  2.85808131e-07  2.45556316e-09 
 1.11600000e+00  2.85822823e-07  2.44199123e-09 
 1.12200000e+00  2.85837434e-07  2.42857260e-09 
 1.12800000e+00  2.85851965e-07  2.41530472e-09 
 1.13400000e+00  2.85866417e-07  2.40218513e-09 
 1.14000000e+00  2.85880791e-07  2.38921139e-09 
 1.14600000e+00  2.85895087e-07  2.37638114e-09 
 1.15200000e+00  2.85909307e-07  2.36369207e-09 
 1.15800000e+00  2.85923451e-07  2.35114191e-09 
 1.16400000e+00  2.85937520e-07  2.33872845e-09 
 1.17000000e+00  2.85951515e-07  2.32644955e-09 
 1.17600000e+00  2.85965437e-07  2.31430309e-09 
 1.18200000e+00  2.85979286e-07  2.30228701e-09 
 1.18800000e+00  2.85993064e-07  2.29039930e-09 
 1.19400000e+00  2.86006771e-07  2.27863801e-09 
 1.20000000e+00  2.86020407e-07  2.26700121e-09 
