 time            v(inp)          v(out)         
 0.00000000e+00  3.00000000e-01  3.08876002e-01 
 1.10000000e-11  3.00000000e-01  3.08876002e-01 
 2.20000000e-11  3.00000000e-01  3.08876002e-01 
 4.40000000e-11  3.00000000e-01  3.08876002e-01 
 8.80000000e-11  3.00000000e-01  3.08876002e-01 
 1.76000000e-10  3.00000000e-01  3.08876002e-01 
 3.52000000e-10  3.00000000e-01  3.08876002e-01 
 7.04000000e-10  3.00000000e-01  3.08876002e-01 
 1.40800000e-09  3.00000000e-01  3.08876002e-01 
 2.50800000e-09  3.00000000e-01  3.08876002e-01 
 3.60800000e-09  3.00000000e-01  3.08876002e-01 
 4.70800000e-09  3.00000000e-01  3.08876002e-01 
 5.80800000e-09  3.00000000e-01  3.08876002e-01 
 6.90800000e-09  3.00000000e-01  3.08876002e-01 
 8.00800000e-09  3.00000000e-01  3.08876002e-01 
 9.10800000e-09  3.00000000e-01  3.08876002e-01 
 1.02080000e-08  3.00000000e-01  3.08876002e-01 
 1.13080000e-08  3.00000000e-01  3.08876002e-01 
 1.24080000e-08  3.00000000e-01  3.08876002e-01 
 1.35080000e-08  3.00000000e-01  3.08876002e-01 
 1.46080000e-08  3.00000000e-01  3.08876002e-01 
 1.57080000e-08  3.00000000e-01  3.08876002e-01 
 1.68080000e-08  3.00000000e-01  3.08876002e-01 
 1.79080000e-08  3.00000000e-01  3.08876002e-01 
 1.90080000e-08  3.00000000e-01  3.08876002e-01 
 2.01080000e-08  3.00000000e-01  3.08876002e-01 
 2.12080000e-08  3.00000000e-01  3.08876002e-01 
 2.23080000e-08  3.00000000e-01  3.08876002e-01 
 2.34080000e-08  3.00000000e-01  3.08876002e-01 
 2.45080000e-08  3.00000000e-01  3.08876002e-01 
 2.56080000e-08  3.00000000e-01  3.08876002e-01 
 2.67080000e-08  3.00000000e-01  3.08876002e-01 
 2.78080000e-08  3.00000000e-01  3.08876002e-01 
 2.89080000e-08  3.00000000e-01  3.08876002e-01 
 3.00080000e-08  3.00000000e-01  3.08876002e-01 
 3.11080000e-08  3.00000000e-01  3.08876002e-01 
 3.22080000e-08  3.00000000e-01  3.08876002e-01 
 3.33080000e-08  3.00000000e-01  3.08876002e-01 
 3.44080000e-08  3.00000000e-01  3.08876002e-01 
 3.55080000e-08  3.00000000e-01  3.08876002e-01 
 3.66080000e-08  3.00000000e-01  3.08876002e-01 
 3.77080000e-08  3.00000000e-01  3.08876002e-01 
 3.88080000e-08  3.00000000e-01  3.08876002e-01 
 3.99080000e-08  3.00000000e-01  3.08876002e-01 
 4.10080000e-08  3.00000000e-01  3.08876002e-01 
 4.21080000e-08  3.00000000e-01  3.08876002e-01 
 4.32080000e-08  3.00000000e-01  3.08876002e-01 
 4.43080000e-08  3.00000000e-01  3.08876002e-01 
 4.54080000e-08  3.00000000e-01  3.08876002e-01 
 4.65080000e-08  3.00000000e-01  3.08876002e-01 
 4.76080000e-08  3.00000000e-01  3.08876002e-01 
 4.87080000e-08  3.00000000e-01  3.08876002e-01 
 4.98080000e-08  3.00000000e-01  3.08876002e-01 
 5.09080000e-08  3.00000000e-01  3.08876002e-01 
 5.20080000e-08  3.00000000e-01  3.08876002e-01 
 5.31080000e-08  3.00000000e-01  3.08876002e-01 
 5.42080000e-08  3.00000000e-01  3.08876002e-01 
 5.53080000e-08  3.00000000e-01  3.08876002e-01 
 5.64080000e-08  3.00000000e-01  3.08876002e-01 
 5.75080000e-08  3.00000000e-01  3.08876002e-01 
 5.86080000e-08  3.00000000e-01  3.08876002e-01 
 5.97080000e-08  3.00000000e-01  3.08876002e-01 
 6.08080000e-08  3.00000000e-01  3.08876002e-01 
 6.19080000e-08  3.00000000e-01  3.08876002e-01 
 6.30080000e-08  3.00000000e-01  3.08876002e-01 
 6.41080000e-08  3.00000000e-01  3.08876002e-01 
 6.52080000e-08  3.00000000e-01  3.08876002e-01 
 6.63080000e-08  3.00000000e-01  3.08876002e-01 
 6.74080000e-08  3.00000000e-01  3.08876002e-01 
 6.85080000e-08  3.00000000e-01  3.08876002e-01 
 6.96080000e-08  3.00000000e-01  3.08876002e-01 
 7.07080000e-08  3.00000000e-01  3.08876002e-01 
 7.18080000e-08  3.00000000e-01  3.08876002e-01 
 7.29080000e-08  3.00000000e-01  3.08876002e-01 
 7.40080000e-08  3.00000000e-01  3.08876002e-01 
 7.51080000e-08  3.00000000e-01  3.08876002e-01 
 7.62080000e-08  3.00000000e-01  3.08876002e-01 
 7.73080000e-08  3.00000000e-01  3.08876002e-01 
 7.84080000e-08  3.00000000e-01  3.08876002e-01 
 7.95080000e-08  3.00000000e-01  3.08876002e-01 
 8.06080000e-08  3.00000000e-01  3.08876002e-01 
 8.17080000e-08  3.00000000e-01  3.08876002e-01 
 8.28080000e-08  3.00000000e-01  3.08876002e-01 
 8.39080000e-08  3.00000000e-01  3.08876002e-01 
 8.50080000e-08  3.00000000e-01  3.08876002e-01 
 8.61080000e-08  3.00000000e-01  3.08876002e-01 
 8.72080000e-08  3.00000000e-01  3.08876002e-01 
 8.83080000e-08  3.00000000e-01  3.08876002e-01 
 8.94080000e-08  3.00000000e-01  3.08876002e-01 
 9.05080000e-08  3.00000000e-01  3.08876002e-01 
 9.16080000e-08  3.00000000e-01  3.08876002e-01 
 9.27080000e-08  3.00000000e-01  3.08876002e-01 
 9.38080000e-08  3.00000000e-01  3.08876002e-01 
 9.49080000e-08  3.00000000e-01  3.08876002e-01 
 9.60080000e-08  3.00000000e-01  3.08876002e-01 
 9.71080000e-08  3.00000000e-01  3.08876002e-01 
 9.82080000e-08  3.00000000e-01  3.08876002e-01 
 9.93080000e-08  3.00000000e-01  3.08876002e-01 
 1.00000000e-07  3.00000000e-01  3.08876002e-01 
 1.00001000e-07  3.30000000e-01  3.09641220e-01 
 1.00003000e-07  3.90000000e-01  3.11266975e-01 
 1.00007000e-07  5.10000000e-01  3.14819730e-01 
 1.00010000e-07  6.00000000e-01  3.17714456e-01 
 1.00010800e-07  6.00000000e-01  3.17748415e-01 
 1.00012400e-07  6.00000000e-01  3.17751910e-01 
 1.00015600e-07  6.00000000e-01  3.17750412e-01 
 1.00022000e-07  6.00000000e-01  3.17755440e-01 
 1.00034800e-07  6.00000000e-01  3.17757658e-01 
 1.00060400e-07  6.00000000e-01  3.17769683e-01 
 1.00111600e-07  6.00000000e-01  3.17785398e-01 
 1.00214000e-07  6.00000000e-01  3.17822287e-01 
 1.00418800e-07  6.00000000e-01  3.17884011e-01 
 1.00828400e-07  6.00000000e-01  3.18011532e-01 
 1.01647600e-07  6.00000000e-01  3.18292466e-01 
 1.02747600e-07  6.00000000e-01  3.18786991e-01 
 1.03847600e-07  6.00000000e-01  3.19406166e-01 
 1.04947600e-07  6.00000000e-01  3.20139027e-01 
 1.06047600e-07  6.00000000e-01  3.20924416e-01 
 1.07147600e-07  6.00000000e-01  3.21726310e-01 
 1.08247600e-07  6.00000000e-01  3.22519402e-01 
 1.09347600e-07  6.00000000e-01  3.23311103e-01 
 1.10447600e-07  6.00000000e-01  3.24088859e-01 
 1.11547600e-07  6.00000000e-01  3.24861486e-01 
 1.12647600e-07  6.00000000e-01  3.25619890e-01 
 1.13747600e-07  6.00000000e-01  3.26373626e-01 
 1.14847600e-07  6.00000000e-01  3.27113693e-01 
 1.15947600e-07  6.00000000e-01  3.27849485e-01 
 1.17047600e-07  6.00000000e-01  3.28571980e-01 
 1.18147600e-07  6.00000000e-01  3.29290470e-01 
 1.19247600e-07  6.00000000e-01  3.29995974e-01 
 1.20347600e-07  6.00000000e-01  3.30697729e-01 
 1.21447600e-07  6.00000000e-01  3.31386824e-01 
 1.22547600e-07  6.00000000e-01  3.32072460e-01 
 1.23647600e-07  6.00000000e-01  3.32745795e-01 
 1.24747600e-07  6.00000000e-01  3.33416000e-01 
 1.25847600e-07  6.00000000e-01  3.34074300e-01 
 1.26947600e-07  6.00000000e-01  3.34729837e-01 
 1.28047600e-07  6.00000000e-01  3.35373894e-01 
 1.29147600e-07  6.00000000e-01  3.36015584e-01 
 1.30247600e-07  6.00000000e-01  3.36646241e-01 
 1.31347600e-07  6.00000000e-01  3.37274950e-01 
 1.32447600e-07  6.00000000e-01  3.37893085e-01 
 1.33547600e-07  6.00000000e-01  3.38509702e-01 
 1.34647600e-07  6.00000000e-01  3.39116211e-01 
 1.35747600e-07  6.00000000e-01  3.39721635e-01 
 1.36847600e-07  6.00000000e-01  3.40317414e-01 
 1.37947600e-07  6.00000000e-01  3.40912539e-01 
 1.39047600e-07  6.00000000e-01  3.41498471e-01 
 1.40147600e-07  6.00000000e-01  3.42084171e-01 
 1.41247600e-07  6.00000000e-01  3.42661116e-01 
 1.42347600e-07  6.00000000e-01  3.43238235e-01 
 1.43447600e-07  6.00000000e-01  3.43807016e-01 
 1.44547600e-07  6.00000000e-01  3.44376360e-01 
 1.45647600e-07  6.00000000e-01  3.44937761e-01 
 1.46747600e-07  6.00000000e-01  3.45500089e-01 
 1.47847600e-07  6.00000000e-01  3.46054845e-01 
 1.48947600e-07  6.00000000e-01  3.46610870e-01 
 1.50047600e-07  6.00000000e-01  3.47159667e-01 
 1.51147600e-07  6.00000000e-01  3.47710049e-01 
 1.52247600e-07  6.00000000e-01  3.48253521e-01 
 1.53347600e-07  6.00000000e-01  3.48798868e-01 
 1.54447600e-07  6.00000000e-01  3.49337595e-01 
 1.55547600e-07  6.00000000e-01  3.49878465e-01 
 1.56647600e-07  6.00000000e-01  3.50412979e-01 
 1.57747600e-07  6.00000000e-01  3.50949877e-01 
 1.58847600e-07  6.00000000e-01  3.51480659e-01 
 1.59947600e-07  6.00000000e-01  3.52014043e-01 
 1.61047600e-07  6.00000000e-01  3.52541527e-01 
 1.62147600e-07  6.00000000e-01  3.53071809e-01 
 1.63247600e-07  6.00000000e-01  3.53596386e-01 
 1.64347600e-07  6.00000000e-01  3.54123935e-01 
 1.65447600e-07  6.00000000e-01  3.54645953e-01 
 1.66547600e-07  6.00000000e-01  3.55171099e-01 
 1.67647600e-07  6.00000000e-01  3.55690869e-01 
 1.68747600e-07  6.00000000e-01  3.56213906e-01 
 1.69847600e-07  6.00000000e-01  3.56731703e-01 
 1.70947600e-07  6.00000000e-01  3.57252891e-01 
 1.72047600e-07  6.00000000e-01  3.57768960e-01 
 1.73147600e-07  6.00000000e-01  3.58288527e-01 
 1.74247600e-07  6.00000000e-01  3.58803083e-01 
 1.75347600e-07  6.00000000e-01  3.59321232e-01 
 1.76447600e-07  6.00000000e-01  3.59834466e-01 
 1.77547600e-07  6.00000000e-01  3.60351375e-01 
 1.78647600e-07  6.00000000e-01  3.60863451e-01 
 1.79747600e-07  6.00000000e-01  3.61379277e-01 
 1.80847600e-07  6.00000000e-01  3.61890342e-01 
 1.81947600e-07  6.00000000e-01  3.62405220e-01 
 1.83047600e-07  6.00000000e-01  3.62915402e-01 
 1.84147600e-07  6.00000000e-01  3.63429451e-01 
 1.85247600e-07  6.00000000e-01  3.63938861e-01 
 1.86347600e-07  6.00000000e-01  3.64452185e-01 
 1.87447600e-07  6.00000000e-01  3.64960920e-01 
 1.88547600e-07  6.00000000e-01  3.65473611e-01 
 1.89647600e-07  6.00000000e-01  3.65981754e-01 
 1.90747600e-07  6.00000000e-01  3.66493889e-01 
 1.91847600e-07  6.00000000e-01  3.67001515e-01 
 1.92947600e-07  6.00000000e-01  3.67513162e-01 
 1.94047600e-07  6.00000000e-01  3.68020334e-01 
 1.95147600e-07  6.00000000e-01  3.68531553e-01 
 1.96247600e-07  6.00000000e-01  3.69038325e-01 
 1.97347600e-07  6.00000000e-01  3.69549168e-01 
 1.98447600e-07  6.00000000e-01  3.70055588e-01 
 1.99547600e-07  6.00000000e-01  3.70566098e-01 
 2.00647600e-07  6.00000000e-01  3.71072207e-01 
 2.01747600e-07  6.00000000e-01  3.71582423e-01 
 2.02847600e-07  6.00000000e-01  3.72088257e-01 
 2.03947600e-07  6.00000000e-01  3.72598211e-01 
 2.05047600e-07  6.00000000e-01  3.73103801e-01 
 2.06147600e-07  6.00000000e-01  3.73613521e-01 
 2.07247600e-07  6.00000000e-01  3.74118893e-01 
 2.08347600e-07  6.00000000e-01  3.74628405e-01 
 2.09447600e-07  6.00000000e-01  3.75133581e-01 
 2.10547600e-07  6.00000000e-01  3.75642905e-01 
 2.11647600e-07  6.00000000e-01  3.76147905e-01 
 2.12747600e-07  6.00000000e-01  3.76657060e-01 
 2.13847600e-07  6.00000000e-01  3.77161900e-01 
 2.14947600e-07  6.00000000e-01  3.77670901e-01 
 2.16047600e-07  6.00000000e-01  3.78175597e-01 
 2.17147600e-07  6.00000000e-01  3.78684457e-01 
 2.18247600e-07  6.00000000e-01  3.79189019e-01 
 2.19347600e-07  6.00000000e-01  3.79697750e-01 
 2.20447600e-07  6.00000000e-01  3.80202189e-01 
 2.21547600e-07  6.00000000e-01  3.80710800e-01 
 2.22647600e-07  6.00000000e-01  3.81215126e-01 
 2.23747600e-07  6.00000000e-01  3.81723625e-01 
 2.24847600e-07  6.00000000e-01  3.82227845e-01 
 2.25947600e-07  6.00000000e-01  3.82736239e-01 
 2.27047600e-07  6.00000000e-01  3.83240359e-01 
 2.28147600e-07  6.00000000e-01  3.83748654e-01 
 2.29247600e-07  6.00000000e-01  3.84252680e-01 
 2.30347600e-07  6.00000000e-01  3.84760881e-01 
 2.31447600e-07  6.00000000e-01  3.85264817e-01 
 2.32547600e-07  6.00000000e-01  3.85772927e-01 
 2.33647600e-07  6.00000000e-01  3.86276777e-01 
 2.34747600e-07  6.00000000e-01  3.86784801e-01 
 2.35847600e-07  6.00000000e-01  3.87288567e-01 
 2.36947600e-07  6.00000000e-01  3.87796507e-01 
 2.38047600e-07  6.00000000e-01  3.88300192e-01 
 2.39147600e-07  6.00000000e-01  3.88808050e-01 
 2.40247600e-07  6.00000000e-01  3.89311656e-01 
 2.41347600e-07  6.00000000e-01  3.89819434e-01 
 2.42447600e-07  6.00000000e-01  3.90322963e-01 
 2.43547600e-07  6.00000000e-01  3.90830662e-01 
 2.44647600e-07  6.00000000e-01  3.91334114e-01 
 2.45747600e-07  6.00000000e-01  3.91841736e-01 
 2.46847600e-07  6.00000000e-01  3.92345112e-01 
 2.47947600e-07  6.00000000e-01  3.92852656e-01 
 2.49047600e-07  6.00000000e-01  3.93355958e-01 
 2.50147600e-07  6.00000000e-01  3.93863425e-01 
 2.51247600e-07  6.00000000e-01  3.94366651e-01 
 2.52347600e-07  6.00000000e-01  3.94874042e-01 
 2.53447600e-07  6.00000000e-01  3.95377193e-01 
 2.54547600e-07  6.00000000e-01  3.95884507e-01 
 2.55647600e-07  6.00000000e-01  3.96387583e-01 
 2.56747600e-07  6.00000000e-01  3.96894819e-01 
 2.57847600e-07  6.00000000e-01  3.97397820e-01 
 2.58947600e-07  6.00000000e-01  3.97904978e-01 
 2.60047600e-07  6.00000000e-01  3.98407902e-01 
 2.61147600e-07  6.00000000e-01  3.98914982e-01 
 2.62247600e-07  6.00000000e-01  3.99417830e-01 
 2.63347600e-07  6.00000000e-01  3.99924830e-01 
 2.64447600e-07  6.00000000e-01  4.00427600e-01 
 2.65547600e-07  6.00000000e-01  4.00934520e-01 
 2.66647600e-07  6.00000000e-01  4.01437211e-01 
 2.67747600e-07  6.00000000e-01  4.01944050e-01 
 2.68847600e-07  6.00000000e-01  4.02446660e-01 
 2.69947600e-07  6.00000000e-01  4.02953416e-01 
 2.71047600e-07  6.00000000e-01  4.03455946e-01 
 2.72147600e-07  6.00000000e-01  4.03962618e-01 
 2.73247600e-07  6.00000000e-01  4.04465064e-01 
 2.74347600e-07  6.00000000e-01  4.04971652e-01 
 2.75447600e-07  6.00000000e-01  4.05474014e-01 
 2.76547600e-07  6.00000000e-01  4.05980514e-01 
 2.77647600e-07  6.00000000e-01  4.06482790e-01 
 2.78747600e-07  6.00000000e-01  4.06989202e-01 
 2.79847600e-07  6.00000000e-01  4.07491391e-01 
 2.80947600e-07  6.00000000e-01  4.07997713e-01 
 2.82047600e-07  6.00000000e-01  4.08499813e-01 
 2.83147600e-07  6.00000000e-01  4.09006042e-01 
 2.84247600e-07  6.00000000e-01  4.09508051e-01 
 2.85347600e-07  6.00000000e-01  4.10014187e-01 
 2.86447600e-07  6.00000000e-01  4.10516102e-01 
 2.87547600e-07  6.00000000e-01  4.11022142e-01 
 2.88647600e-07  6.00000000e-01  4.11523962e-01 
 2.89747600e-07  6.00000000e-01  4.12029904e-01 
 2.90847600e-07  6.00000000e-01  4.12531627e-01 
 2.91947600e-07  6.00000000e-01  4.13037469e-01 
 2.93047600e-07  6.00000000e-01  4.13539093e-01 
 2.94147600e-07  6.00000000e-01  4.14044832e-01 
 2.95247600e-07  6.00000000e-01  4.14546353e-01 
 2.96347600e-07  6.00000000e-01  4.15051988e-01 
 2.97447600e-07  6.00000000e-01  4.15553405e-01 
 2.98547600e-07  6.00000000e-01  4.16058932e-01 
 2.99647600e-07  6.00000000e-01  4.16560243e-01 
 3.00747600e-07  6.00000000e-01  4.17065660e-01 
 3.01847600e-07  6.00000000e-01  4.17566861e-01 
 3.02947600e-07  6.00000000e-01  4.18072166e-01 
 3.04047600e-07  6.00000000e-01  4.18573255e-01 
 3.05147600e-07  6.00000000e-01  4.19078444e-01 
 3.06247600e-07  6.00000000e-01  4.19579419e-01 
 3.07347600e-07  6.00000000e-01  4.20084490e-01 
 3.08447600e-07  6.00000000e-01  4.20585347e-01 
 3.09547600e-07  6.00000000e-01  4.21090296e-01 
 3.10647600e-07  6.00000000e-01  4.21591032e-01 
 3.11747600e-07  6.00000000e-01  4.22095858e-01 
 3.12847600e-07  6.00000000e-01  4.22596470e-01 
 3.13947600e-07  6.00000000e-01  4.23101168e-01 
 3.15047600e-07  6.00000000e-01  4.23601653e-01 
 3.16147600e-07  6.00000000e-01  4.24106220e-01 
 3.17247600e-07  6.00000000e-01  4.24606574e-01 
 3.18347600e-07  6.00000000e-01  4.25111008e-01 
 3.19447600e-07  6.00000000e-01  4.25611228e-01 
 3.20547600e-07  6.00000000e-01  4.26115524e-01 
 3.21647600e-07  6.00000000e-01  4.26615606e-01 
 3.22747600e-07  6.00000000e-01  4.27119761e-01 
 3.23847600e-07  6.00000000e-01  4.27619702e-01 
 3.24947600e-07  6.00000000e-01  4.28123712e-01 
 3.26047600e-07  6.00000000e-01  4.28623507e-01 
 3.27147600e-07  6.00000000e-01  4.29127368e-01 
 3.28247600e-07  6.00000000e-01  4.29627015e-01 
 3.29347600e-07  6.00000000e-01  4.30130723e-01 
 3.30447600e-07  6.00000000e-01  4.30630216e-01 
 3.31547600e-07  6.00000000e-01  4.31133767e-01 
 3.32647600e-07  6.00000000e-01  4.31633103e-01 
 3.33747600e-07  6.00000000e-01  4.32136493e-01 
 3.34847600e-07  6.00000000e-01  4.32635667e-01 
 3.35947600e-07  6.00000000e-01  4.33138890e-01 
 3.37047600e-07  6.00000000e-01  4.33637898e-01 
 3.38147600e-07  6.00000000e-01  4.34140951e-01 
 3.39247600e-07  6.00000000e-01  4.34639788e-01 
 3.40347600e-07  6.00000000e-01  4.35142666e-01 
 3.41447600e-07  6.00000000e-01  4.35641326e-01 
 3.42547600e-07  6.00000000e-01  4.36144025e-01 
 3.43647600e-07  6.00000000e-01  4.36642504e-01 
 3.44747600e-07  6.00000000e-01  4.37145017e-01 
 3.45847600e-07  6.00000000e-01  4.37643311e-01 
 3.46947600e-07  6.00000000e-01  4.38145634e-01 
 3.48047600e-07  6.00000000e-01  4.38643736e-01 
 3.49147600e-07  6.00000000e-01  4.39145863e-01 
 3.50247600e-07  6.00000000e-01  4.39643768e-01 
 3.51347600e-07  6.00000000e-01  4.40145694e-01 
 3.52447600e-07  6.00000000e-01  4.40643397e-01 
 3.53547600e-07  6.00000000e-01  4.41145115e-01 
 3.54647600e-07  6.00000000e-01  4.41642610e-01 
 3.55747600e-07  6.00000000e-01  4.42144116e-01 
 3.56847600e-07  6.00000000e-01  4.42641396e-01 
 3.57947600e-07  6.00000000e-01  4.43142682e-01 
 3.59047600e-07  6.00000000e-01  4.43639742e-01 
 3.60147600e-07  6.00000000e-01  4.44140803e-01 
 3.61247600e-07  6.00000000e-01  4.44637636e-01 
 3.62347600e-07  6.00000000e-01  4.45138465e-01 
 3.63447600e-07  6.00000000e-01  4.45635064e-01 
 3.64547600e-07  6.00000000e-01  4.46135654e-01 
 3.65647600e-07  6.00000000e-01  4.46632013e-01 
 3.66747600e-07  6.00000000e-01  4.47132358e-01 
 3.67847600e-07  6.00000000e-01  4.47628469e-01 
 3.68947600e-07  6.00000000e-01  4.48128561e-01 
 3.70047600e-07  6.00000000e-01  4.48624417e-01 
 3.71147600e-07  6.00000000e-01  4.49124249e-01 
 3.72247600e-07  6.00000000e-01  4.49619843e-01 
 3.73347600e-07  6.00000000e-01  4.50119408e-01 
 3.74447600e-07  6.00000000e-01  4.50614731e-01 
 3.75547600e-07  6.00000000e-01  4.51114020e-01 
 3.76647600e-07  6.00000000e-01  4.51609066e-01 
 3.77747600e-07  6.00000000e-01  4.52108071e-01 
 3.78847600e-07  6.00000000e-01  4.52602831e-01 
 3.79947600e-07  6.00000000e-01  4.53101544e-01 
 3.81047600e-07  6.00000000e-01  4.53596009e-01 
 3.82147600e-07  6.00000000e-01  4.54094422e-01 
 3.83247600e-07  6.00000000e-01  4.54588583e-01 
 3.84347600e-07  6.00000000e-01  4.55086687e-01 
 3.85447600e-07  6.00000000e-01  4.55580536e-01 
 3.86547600e-07  6.00000000e-01  4.56078321e-01 
 3.87647600e-07  6.00000000e-01  4.56571849e-01 
 3.88747600e-07  6.00000000e-01  4.57069306e-01 
 3.89847600e-07  6.00000000e-01  4.57562502e-01 
 3.90947600e-07  6.00000000e-01  4.58059622e-01 
 3.92047600e-07  6.00000000e-01  4.58552477e-01 
 3.93147600e-07  6.00000000e-01  4.59049250e-01 
 3.94247600e-07  6.00000000e-01  4.59541754e-01 
 3.95347600e-07  6.00000000e-01  4.60038169e-01 
 3.96447600e-07  6.00000000e-01  4.60530311e-01 
 3.97547600e-07  6.00000000e-01  4.61026358e-01 
 3.98647600e-07  6.00000000e-01  4.61518128e-01 
 3.99747600e-07  6.00000000e-01  4.62013796e-01 
 4.00847600e-07  6.00000000e-01  4.62505183e-01 
 4.01947600e-07  6.00000000e-01  4.63000460e-01 
 4.03047600e-07  6.00000000e-01  4.63491453e-01 
 4.04147600e-07  6.00000000e-01  4.63986329e-01 
 4.05247600e-07  6.00000000e-01  4.64476915e-01 
 4.06347600e-07  6.00000000e-01  4.64971377e-01 
 4.07447600e-07  6.00000000e-01  4.65461545e-01 
 4.08547600e-07  6.00000000e-01  4.65955582e-01 
 4.09647600e-07  6.00000000e-01  4.66445319e-01 
 4.10747600e-07  6.00000000e-01  4.66938917e-01 
 4.11847600e-07  6.00000000e-01  4.67428212e-01 
 4.12947600e-07  6.00000000e-01  4.67921359e-01 
 4.14047600e-07  6.00000000e-01  4.68410197e-01 
 4.15147600e-07  6.00000000e-01  4.68902879e-01 
 4.16247600e-07  6.00000000e-01  4.69391248e-01 
 4.17347600e-07  6.00000000e-01  4.69883452e-01 
 4.18447600e-07  6.00000000e-01  4.70371337e-01 
 4.19547600e-07  6.00000000e-01  4.70863050e-01 
 4.20647600e-07  6.00000000e-01  4.71350437e-01 
 4.21747600e-07  6.00000000e-01  4.71841644e-01 
 4.22847600e-07  6.00000000e-01  4.72328519e-01 
 4.23947600e-07  6.00000000e-01  4.72819205e-01 
 4.25047600e-07  6.00000000e-01  4.73305553e-01 
 4.26147600e-07  6.00000000e-01  4.73795703e-01 
 4.27247600e-07  6.00000000e-01  4.74281508e-01 
 4.28347600e-07  6.00000000e-01  4.74771107e-01 
 4.29447600e-07  6.00000000e-01  4.75256354e-01 
 4.30547600e-07  6.00000000e-01  4.75745385e-01 
 4.31647600e-07  6.00000000e-01  4.76230057e-01 
 4.32747600e-07  6.00000000e-01  4.76718504e-01 
 4.33847600e-07  6.00000000e-01  4.77202586e-01 
 4.34947600e-07  6.00000000e-01  4.77690433e-01 
 4.36047600e-07  6.00000000e-01  4.78173906e-01 
 4.37147600e-07  6.00000000e-01  4.78661135e-01 
 4.38247600e-07  6.00000000e-01  4.79143984e-01 
 4.39347600e-07  6.00000000e-01  4.79630577e-01 
 4.40447600e-07  6.00000000e-01  4.80112782e-01 
 4.41547600e-07  6.00000000e-01  4.80598722e-01 
 4.42647600e-07  6.00000000e-01  4.81080266e-01 
 4.43747600e-07  6.00000000e-01  4.81565534e-01 
 4.44847600e-07  6.00000000e-01  4.82046397e-01 
 4.45947600e-07  6.00000000e-01  4.82530974e-01 
 4.47047600e-07  6.00000000e-01  4.83011137e-01 
 4.48147600e-07  6.00000000e-01  4.83495004e-01 
 4.49247600e-07  6.00000000e-01  4.83974448e-01 
 4.50347600e-07  6.00000000e-01  4.84457584e-01 
 4.51447600e-07  6.00000000e-01  4.84936289e-01 
 4.52547600e-07  6.00000000e-01  4.85418675e-01 
 4.53647600e-07  6.00000000e-01  4.85896619e-01 
 4.54747600e-07  6.00000000e-01  4.86378234e-01 
 4.55847600e-07  6.00000000e-01  4.86855397e-01 
 4.56947600e-07  6.00000000e-01  4.87336218e-01 
 4.58047600e-07  6.00000000e-01  4.87812579e-01 
 4.59147600e-07  6.00000000e-01  4.88292586e-01 
 4.60247600e-07  6.00000000e-01  4.88768121e-01 
 4.61347600e-07  6.00000000e-01  4.89247291e-01 
 4.62447600e-07  6.00000000e-01  4.89721980e-01 
 4.63547600e-07  6.00000000e-01  4.90200290e-01 
 4.64647600e-07  6.00000000e-01  4.90674108e-01 
 4.65747600e-07  6.00000000e-01  4.91151535e-01 
 4.66847600e-07  6.00000000e-01  4.91624459e-01 
 4.67947600e-07  6.00000000e-01  4.92100980e-01 
 4.69047600e-07  6.00000000e-01  4.92572986e-01 
 4.70147600e-07  6.00000000e-01  4.93048576e-01 
 4.71247600e-07  6.00000000e-01  4.93519639e-01 
 4.72347600e-07  6.00000000e-01  4.93994273e-01 
 4.73447600e-07  6.00000000e-01  4.94464369e-01 
 4.74547600e-07  6.00000000e-01  4.94938022e-01 
 4.75647600e-07  6.00000000e-01  4.95407126e-01 
 4.76747600e-07  6.00000000e-01  4.95879772e-01 
 4.77847600e-07  6.00000000e-01  4.96347857e-01 
 4.78947600e-07  6.00000000e-01  4.96819470e-01 
 4.80047600e-07  6.00000000e-01  4.97286509e-01 
 4.81147600e-07  6.00000000e-01  4.97757064e-01 
 4.82247600e-07  6.00000000e-01  4.98223030e-01 
 4.83347600e-07  6.00000000e-01  4.98692498e-01 
 4.84447600e-07  6.00000000e-01  4.99157365e-01 
 4.85547600e-07  6.00000000e-01  4.99625718e-01 
 4.86647600e-07  6.00000000e-01  5.00089457e-01 
 4.87747600e-07  6.00000000e-01  5.00556668e-01 
 4.88847600e-07  6.00000000e-01  5.01019251e-01 
 4.89947600e-07  6.00000000e-01  5.01485291e-01 
 4.91047600e-07  6.00000000e-01  5.01946690e-01 
 4.92147600e-07  6.00000000e-01  5.02411530e-01 
 4.93247600e-07  6.00000000e-01  5.02871714e-01 
 4.94347600e-07  6.00000000e-01  5.03335324e-01 
 4.95447600e-07  6.00000000e-01  5.03794264e-01 
 4.96547600e-07  6.00000000e-01  5.04256615e-01 
 4.97647600e-07  6.00000000e-01  5.04714281e-01 
 4.98747600e-07  6.00000000e-01  5.05175342e-01 
 4.99847600e-07  6.00000000e-01  5.05631704e-01 
 5.00947600e-07  6.00000000e-01  5.06091444e-01 
 5.02047600e-07  6.00000000e-01  5.06546470e-01 
 5.03147600e-07  6.00000000e-01  5.07004858e-01 
 5.04247600e-07  6.00000000e-01  5.07458516e-01 
 5.05347600e-07  6.00000000e-01  5.07915521e-01 
 5.06447600e-07  6.00000000e-01  5.08367781e-01 
 5.07547600e-07  6.00000000e-01  5.08823370e-01 
 5.08647600e-07  6.00000000e-01  5.09274198e-01 
 5.09747600e-07  6.00000000e-01  5.09728340e-01 
 5.10847600e-07  6.00000000e-01  5.10177704e-01 
 5.11947600e-07  6.00000000e-01  5.10630365e-01 
 5.13047600e-07  6.00000000e-01  5.11078233e-01 
 5.14147600e-07  6.00000000e-01  5.11529380e-01 
 5.15247600e-07  6.00000000e-01  5.11975718e-01 
 5.16347600e-07  6.00000000e-01  5.12425318e-01 
 5.17447600e-07  6.00000000e-01  5.12870092e-01 
 5.18547600e-07  6.00000000e-01  5.13318111e-01 
 5.19647600e-07  6.00000000e-01  5.13761288e-01 
 5.20747600e-07  6.00000000e-01  5.14207693e-01 
 5.21847600e-07  6.00000000e-01  5.14649238e-01 
 5.22947600e-07  6.00000000e-01  5.15093993e-01 
 5.24047600e-07  6.00000000e-01  5.15533872e-01 
 5.25147600e-07  6.00000000e-01  5.15976945e-01 
 5.26247600e-07  6.00000000e-01  5.16415123e-01 
 5.27347600e-07  6.00000000e-01  5.16856478e-01 
 5.28447600e-07  6.00000000e-01  5.17292921e-01 
 5.29547600e-07  6.00000000e-01  5.17732522e-01 
 5.30647600e-07  6.00000000e-01  5.18167195e-01 
 5.31747600e-07  6.00000000e-01  5.18605008e-01 
 5.32847600e-07  6.00000000e-01  5.19037876e-01 
 5.33947600e-07  6.00000000e-01  5.19473866e-01 
 5.35047600e-07  6.00000000e-01  5.19904892e-01 
 5.36147600e-07  6.00000000e-01  5.20339024e-01 
 5.37247600e-07  6.00000000e-01  5.20768175e-01 
 5.38347600e-07  6.00000000e-01  5.21200413e-01 
 5.39447600e-07  6.00000000e-01  5.21627652e-01 
 5.40547600e-07  6.00000000e-01  5.22057961e-01 
 5.41647600e-07  6.00000000e-01  5.22483253e-01 
 5.42747600e-07  6.00000000e-01  5.22911597e-01 
 5.43847600e-07  6.00000000e-01  5.23334907e-01 
 5.44947600e-07  6.00000000e-01  5.23761251e-01 
 5.46047600e-07  6.00000000e-01  5.24182542e-01 
 5.47147600e-07  6.00000000e-01  5.24606851e-01 
 5.48247600e-07  6.00000000e-01  5.25026090e-01 
 5.49347600e-07  6.00000000e-01  5.25448327e-01 
 5.50447600e-07  6.00000000e-01  5.25865477e-01 
 5.51547600e-07  6.00000000e-01  5.26285609e-01 
 5.52647600e-07  6.00000000e-01  5.26700635e-01 
 5.53747600e-07  6.00000000e-01  5.27118626e-01 
 5.54847600e-07  6.00000000e-01  5.27531493e-01 
 5.55947600e-07  6.00000000e-01  5.27947308e-01 
 5.57047600e-07  6.00000000e-01  5.28357982e-01 
 5.58147600e-07  6.00000000e-01  5.28771585e-01 
 5.59247600e-07  6.00000000e-01  5.29180031e-01 
 5.60347600e-07  6.00000000e-01  5.29591389e-01 
 5.61447600e-07  6.00000000e-01  5.29997573e-01 
 5.62547600e-07  6.00000000e-01  5.30406651e-01 
 5.63647600e-07  6.00000000e-01  5.30810538e-01 
 5.64747600e-07  6.00000000e-01  5.31217303e-01 
 5.65847600e-07  6.00000000e-01  5.31618859e-01 
 5.66947600e-07  6.00000000e-01  5.32023277e-01 
 5.68047600e-07  6.00000000e-01  5.32422470e-01 
 5.69147600e-07  6.00000000e-01  5.32824507e-01 
 5.70247600e-07  6.00000000e-01  5.33221303e-01 
 5.71347600e-07  6.00000000e-01  5.33620928e-01 
 5.72447600e-07  6.00000000e-01  5.34015293e-01 
 5.73547600e-07  6.00000000e-01  5.34412473e-01 
 5.74647600e-07  6.00000000e-01  5.34804377e-01 
 5.75747600e-07  6.00000000e-01  5.35199079e-01 
 5.76847600e-07  6.00000000e-01  5.35588490e-01 
 5.77947600e-07  6.00000000e-01  5.35980683e-01 
 5.79047600e-07  6.00000000e-01  5.36367570e-01 
 5.80147600e-07  6.00000000e-01  5.36757224e-01 
 5.81247600e-07  6.00000000e-01  5.37141555e-01 
 5.82347600e-07  6.00000000e-01  5.37528639e-01 
 5.83447600e-07  6.00000000e-01  5.37910386e-01 
 5.84547600e-07  6.00000000e-01  5.38294870e-01 
 5.85647600e-07  6.00000000e-01  5.38674002e-01 
 5.86747600e-07  6.00000000e-01  5.39055858e-01 
 5.87847600e-07  6.00000000e-01  5.39432347e-01 
 5.88947600e-07  6.00000000e-01  5.39811546e-01 
 5.90047600e-07  6.00000000e-01  5.40185364e-01 
 5.91147600e-07  6.00000000e-01  5.40561879e-01 
 5.92247600e-07  6.00000000e-01  5.40932998e-01 
 5.93347600e-07  6.00000000e-01  5.41306801e-01 
 5.94447600e-07  6.00000000e-01  5.41675196e-01 
 5.95547600e-07  6.00000000e-01  5.42046261e-01 
 5.96647600e-07  6.00000000e-01  5.42411904e-01 
 5.97747600e-07  6.00000000e-01  5.42780206e-01 
 5.98847600e-07  6.00000000e-01  5.43143074e-01 
 5.99947600e-07  6.00000000e-01  5.43508588e-01 
 6.01047600e-07  6.00000000e-01  5.43868656e-01 
 6.02147600e-07  6.00000000e-01  5.44231359e-01 
 6.03247600e-07  6.00000000e-01  5.44588603e-01 
 6.04347600e-07  6.00000000e-01  5.44948471e-01 
 6.05447600e-07  6.00000000e-01  5.45302870e-01 
 6.06547600e-07  6.00000000e-01  5.45659881e-01 
 6.07647600e-07  6.00000000e-01  5.46011413e-01 
 6.08747600e-07  6.00000000e-01  5.46365546e-01 
 6.09847600e-07  6.00000000e-01  5.46714189e-01 
 6.10947600e-07  6.00000000e-01  5.47065425e-01 
 6.12047600e-07  6.00000000e-01  5.47411160e-01 
 6.13147600e-07  6.00000000e-01  5.47759479e-01 
 6.14247600e-07  6.00000000e-01  5.48102288e-01 
 6.15347600e-07  6.00000000e-01  5.48447671e-01 
 6.16447600e-07  6.00000000e-01  5.48787535e-01 
 6.17547600e-07  6.00000000e-01  5.49129965e-01 
 6.18647600e-07  6.00000000e-01  5.49466868e-01 
 6.19747600e-07  6.00000000e-01  5.49806329e-01 
 6.20847600e-07  6.00000000e-01  5.50140254e-01 
 6.21947600e-07  6.00000000e-01  5.50476730e-01 
 6.23047600e-07  6.00000000e-01  5.50807664e-01 
 6.24147600e-07  6.00000000e-01  5.51141141e-01 
 6.25247600e-07  6.00000000e-01  5.51469069e-01 
 6.26347600e-07  6.00000000e-01  5.51799534e-01 
 6.27447600e-07  6.00000000e-01  5.52124442e-01 
 6.28547600e-07  6.00000000e-01  5.52451883e-01 
 6.29647600e-07  6.00000000e-01  5.52773761e-01 
 6.30747600e-07  6.00000000e-01  5.53098166e-01 
 6.31847600e-07  6.00000000e-01  5.53417003e-01 
 6.32947600e-07  6.00000000e-01  5.53738362e-01 
 6.34047600e-07  6.00000000e-01  5.54054148e-01 
 6.35147600e-07  6.00000000e-01  5.54372451e-01 
 6.36247600e-07  6.00000000e-01  5.54685178e-01 
 6.37347600e-07  6.00000000e-01  5.55000418e-01 
 6.38447600e-07  6.00000000e-01  5.55310078e-01 
 6.39547600e-07  6.00000000e-01  5.55622247e-01 
 6.40647600e-07  6.00000000e-01  5.55928833e-01 
 6.41747600e-07  6.00000000e-01  5.56237926e-01 
 6.42847600e-07  6.00000000e-01  5.56541433e-01 
 6.43947600e-07  6.00000000e-01  5.56847445e-01 
 6.45047600e-07  6.00000000e-01  5.57147869e-01 
 6.46147600e-07  6.00000000e-01  5.57450795e-01 
 6.47247600e-07  6.00000000e-01  5.57748132e-01 
 6.48347600e-07  6.00000000e-01  5.58047970e-01 
 6.49447600e-07  6.00000000e-01  5.58342218e-01 
 6.50547600e-07  6.00000000e-01  5.58638966e-01 
 6.51647600e-07  6.00000000e-01  5.58930123e-01 
 6.52747600e-07  6.00000000e-01  5.59223780e-01 
 6.53847600e-07  6.00000000e-01  5.59511846e-01 
 6.54947600e-07  6.00000000e-01  5.59802413e-01 
 6.56047600e-07  6.00000000e-01  5.60087389e-01 
 6.57147600e-07  6.00000000e-01  5.60374866e-01 
 6.58247600e-07  6.00000000e-01  5.60656753e-01 
 6.59347600e-07  6.00000000e-01  5.60941143e-01 
 6.60447600e-07  6.00000000e-01  5.61219945e-01 
 6.61547600e-07  6.00000000e-01  5.61501251e-01 
 6.62647600e-07  6.00000000e-01  5.61776970e-01 
 6.63747600e-07  6.00000000e-01  5.62055196e-01 
 6.64847600e-07  6.00000000e-01  5.62327838e-01 
 6.65947600e-07  6.00000000e-01  5.62602989e-01 
 6.67047600e-07  6.00000000e-01  5.62872559e-01 
 6.68147600e-07  6.00000000e-01  5.63144641e-01 
 6.69247600e-07  6.00000000e-01  5.63411146e-01 
 6.70347600e-07  6.00000000e-01  5.63680166e-01 
 6.71447600e-07  6.00000000e-01  5.63943613e-01 
 6.72547600e-07  6.00000000e-01  5.64209578e-01 
 6.73647600e-07  6.00000000e-01  5.64469975e-01 
 6.74747600e-07  6.00000000e-01  5.64732895e-01 
 6.75847600e-07  6.00000000e-01  5.64990252e-01 
 6.76947600e-07  6.00000000e-01  5.65250136e-01 
 6.78047600e-07  6.00000000e-01  5.65504462e-01 
 6.79147600e-07  6.00000000e-01  5.65761321e-01 
 6.80247600e-07  6.00000000e-01  5.66012627e-01 
 6.81347600e-07  6.00000000e-01  5.66266471e-01 
 6.82447600e-07  6.00000000e-01  5.66514769e-01 
 6.83547600e-07  6.00000000e-01  5.66765611e-01 
 6.84647600e-07  6.00000000e-01  5.67010913e-01 
 6.85747600e-07  6.00000000e-01  5.67258766e-01 
 6.86847600e-07  6.00000000e-01  5.67501086e-01 
 6.87947600e-07  6.00000000e-01  5.67745962e-01 
 6.89047600e-07  6.00000000e-01  5.67985313e-01 
 6.90147600e-07  6.00000000e-01  5.68227227e-01 
 6.91247600e-07  6.00000000e-01  5.68463624e-01 
 6.92347600e-07  6.00000000e-01  5.68702592e-01 
 6.93447600e-07  6.00000000e-01  5.68936050e-01 
 6.94547600e-07  6.00000000e-01  5.69172086e-01 
 6.95647600e-07  6.00000000e-01  5.69402622e-01 
 6.96747600e-07  6.00000000e-01  5.69635743e-01 
 6.97847600e-07  6.00000000e-01  5.69863372e-01 
 6.98947600e-07  6.00000000e-01  5.70093596e-01 
 7.00047600e-07  6.00000000e-01  5.70318336e-01 
 7.01147600e-07  6.00000000e-01  5.70545678e-01 
 7.02247600e-07  6.00000000e-01  5.70767548e-01 
 7.03347600e-07  6.00000000e-01  5.70992028e-01 
 7.04447600e-07  6.00000000e-01  5.71211044e-01 
 7.05547600e-07  6.00000000e-01  5.71432680e-01 
 7.06647600e-07  6.00000000e-01  5.71648863e-01 
 7.07747600e-07  6.00000000e-01  5.71867674e-01 
 7.08847600e-07  6.00000000e-01  5.72081042e-01 
 7.09947600e-07  6.00000000e-01  5.72297049e-01 
 7.11047600e-07  6.00000000e-01  5.72507622e-01 
 7.12147600e-07  6.00000000e-01  5.72720844e-01 
 7.13247600e-07  6.00000000e-01  5.72928643e-01 
 7.14347600e-07  6.00000000e-01  5.73139101e-01 
 7.15447600e-07  6.00000000e-01  5.73344147e-01 
 7.16547600e-07  6.00000000e-01  5.73551861e-01 
 7.17647600e-07  6.00000000e-01  5.73754175e-01 
 7.18747600e-07  6.00000000e-01  5.73959168e-01 
 7.19847600e-07  6.00000000e-01  5.74158772e-01 
 7.20947600e-07  6.00000000e-01  5.74361064e-01 
 7.22047600e-07  6.00000000e-01  5.74557979e-01 
 7.23147600e-07  6.00000000e-01  5.74757594e-01 
 7.24247600e-07  6.00000000e-01  5.74951844e-01 
 7.25347600e-07  6.00000000e-01  5.75148803e-01 
 7.26447600e-07  6.00000000e-01  5.75340410e-01 
 7.27547600e-07  6.00000000e-01  5.75534737e-01 
 7.28647600e-07  6.00000000e-01  5.75723723e-01 
 7.29747600e-07  6.00000000e-01  5.75915441e-01 
 7.30847600e-07  6.00000000e-01  5.76101830e-01 
 7.31947600e-07  6.00000000e-01  5.76290962e-01 
 7.33047600e-07  6.00000000e-01  5.76474779e-01 
 7.34147600e-07  6.00000000e-01  5.76661349e-01 
 7.35247600e-07  6.00000000e-01  5.76842615e-01 
 7.36347600e-07  6.00000000e-01  5.77026647e-01 
 7.37447600e-07  6.00000000e-01  5.77205388e-01 
 7.38547600e-07  6.00000000e-01  5.77386906e-01 
 7.39647600e-07  6.00000000e-01  5.77563146e-01 
 7.40747600e-07  6.00000000e-01  5.77742174e-01 
 7.41847600e-07  6.00000000e-01  5.77915937e-01 
 7.42947600e-07  6.00000000e-01  5.78092500e-01 
 7.44047600e-07  6.00000000e-01  5.78263811e-01 
 7.45147600e-07  6.00000000e-01  5.78437933e-01 
 7.46247600e-07  6.00000000e-01  5.78606817e-01 
 7.47347600e-07  6.00000000e-01  5.78778523e-01 
 7.48447600e-07  6.00000000e-01  5.78945004e-01 
 7.49547600e-07  6.00000000e-01  5.79114319e-01 
 7.50647600e-07  6.00000000e-01  5.79278422e-01 
 7.51747600e-07  6.00000000e-01  5.79445371e-01 
 7.52847600e-07  6.00000000e-01  5.79607122e-01 
 7.53947600e-07  6.00000000e-01  5.79771730e-01 
 7.55047600e-07  6.00000000e-01  5.79931154e-01 
 7.56147600e-07  6.00000000e-01  5.80093446e-01 
 7.57247600e-07  6.00000000e-01  5.80250567e-01 
 7.58347600e-07  6.00000000e-01  5.80410569e-01 
 7.59447600e-07  6.00000000e-01  5.80565413e-01 
 7.60547600e-07  6.00000000e-01  5.80723150e-01 
 7.61647600e-07  6.00000000e-01  5.80875742e-01 
 7.62747600e-07  6.00000000e-01  5.81031238e-01 
 7.63847600e-07  6.00000000e-01  5.81181604e-01 
 7.64947600e-07  6.00000000e-01  5.81334886e-01 
 7.66047600e-07  6.00000000e-01  5.81483050e-01 
 7.67147600e-07  6.00000000e-01  5.81634142e-01 
 7.68247600e-07  6.00000000e-01  5.81780131e-01 
 7.69347600e-07  6.00000000e-01  5.81929059e-01 
 7.70447600e-07  6.00000000e-01  5.82072896e-01 
 7.71547600e-07  6.00000000e-01  5.82219685e-01 
 7.72647600e-07  6.00000000e-01  5.82361397e-01 
 7.73747600e-07  6.00000000e-01  5.82506072e-01 
 7.74847600e-07  6.00000000e-01  5.82645684e-01 
 7.75947600e-07  6.00000000e-01  5.82788270e-01 
 7.77047600e-07  6.00000000e-01  5.82925806e-01 
 7.78147600e-07  6.00000000e-01  5.83066329e-01 
 7.79247600e-07  6.00000000e-01  5.83201815e-01 
 7.80347600e-07  6.00000000e-01  5.83340299e-01 
 7.81447600e-07  6.00000000e-01  5.83473760e-01 
 7.82547600e-07  6.00000000e-01  5.83610230e-01 
 7.83647600e-07  6.00000000e-01  5.83741690e-01 
 7.84747600e-07  6.00000000e-01  5.83876171e-01 
 7.85847600e-07  6.00000000e-01  5.84005655e-01 
 7.86947600e-07  6.00000000e-01  5.84138172e-01 
 7.88047600e-07  6.00000000e-01  5.84265705e-01 
 7.89147600e-07  6.00000000e-01  5.84396283e-01 
 7.90247600e-07  6.00000000e-01  5.84521889e-01 
 7.91347600e-07  6.00000000e-01  5.84650551e-01 
 7.92447600e-07  6.00000000e-01  5.84774256e-01 
 7.93547600e-07  6.00000000e-01  5.84901026e-01 
 7.94647600e-07  6.00000000e-01  5.85022853e-01 
 7.95747600e-07  6.00000000e-01  5.85147757e-01 
 7.96847600e-07  6.00000000e-01  5.85267730e-01 
 7.97947600e-07  6.00000000e-01  5.85390791e-01 
 7.99047600e-07  6.00000000e-01  5.85508934e-01 
 8.00147600e-07  6.00000000e-01  5.85630177e-01 
 8.01247600e-07  6.00000000e-01  5.85746514e-01 
 8.02347600e-07  6.00000000e-01  5.85865962e-01 
 8.03447600e-07  6.00000000e-01  5.85980516e-01 
 8.04547600e-07  6.00000000e-01  5.86098192e-01 
 8.05647600e-07  6.00000000e-01  5.86210988e-01 
 8.06747600e-07  6.00000000e-01  5.86326916e-01 
 8.07847600e-07  6.00000000e-01  5.86437977e-01 
 8.08947600e-07  6.00000000e-01  5.86552180e-01 
 8.10047600e-07  6.00000000e-01  5.86661528e-01 
 8.11147600e-07  6.00000000e-01  5.86774029e-01 
 8.12247600e-07  6.00000000e-01  5.86881689e-01 
 8.13347600e-07  6.00000000e-01  5.86992511e-01 
 8.14447600e-07  6.00000000e-01  5.87098503e-01 
 8.15547600e-07  6.00000000e-01  5.87207669e-01 
 8.16647600e-07  6.00000000e-01  5.87312018e-01 
 8.17747600e-07  6.00000000e-01  5.87419550e-01 
 8.18847600e-07  6.00000000e-01  5.87522277e-01 
 8.19947600e-07  6.00000000e-01  5.87628198e-01 
 8.21047600e-07  6.00000000e-01  5.87729326e-01 
 8.22147600e-07  6.00000000e-01  5.87833658e-01 
 8.23247600e-07  6.00000000e-01  5.87933208e-01 
 8.24347600e-07  6.00000000e-01  5.88035973e-01 
 8.25447600e-07  6.00000000e-01  5.88133968e-01 
 8.26547600e-07  6.00000000e-01  5.88235186e-01 
 8.27647600e-07  6.00000000e-01  5.88331647e-01 
 8.28747600e-07  6.00000000e-01  5.88431342e-01 
 8.29847600e-07  6.00000000e-01  5.88526291e-01 
 8.30947600e-07  6.00000000e-01  5.88624482e-01 
 8.32047600e-07  6.00000000e-01  5.88717940e-01 
 8.33147600e-07  6.00000000e-01  5.88814649e-01 
 8.34247600e-07  6.00000000e-01  5.88906636e-01 
 8.35347600e-07  6.00000000e-01  5.89001885e-01 
 8.36447600e-07  6.00000000e-01  5.89092423e-01 
 8.37547600e-07  6.00000000e-01  5.89186232e-01 
 8.38647600e-07  6.00000000e-01  5.89275340e-01 
 8.39747600e-07  6.00000000e-01  5.89367729e-01 
 8.40847600e-07  6.00000000e-01  5.89455429e-01 
 8.41947600e-07  6.00000000e-01  5.89546418e-01 
 8.43047600e-07  6.00000000e-01  5.89632730e-01 
 8.44147600e-07  6.00000000e-01  5.89722339e-01 
 8.45247600e-07  6.00000000e-01  5.89807282e-01 
 8.46347600e-07  6.00000000e-01  5.89895532e-01 
 8.47447600e-07  6.00000000e-01  5.89979126e-01 
 8.48547600e-07  6.00000000e-01  5.90066036e-01 
 8.49647600e-07  6.00000000e-01  5.90148300e-01 
 8.50747600e-07  6.00000000e-01  5.90233889e-01 
 8.51847600e-07  6.00000000e-01  5.90314843e-01 
 8.52947600e-07  6.00000000e-01  5.90399130e-01 
 8.54047600e-07  6.00000000e-01  5.90478794e-01 
 8.55147600e-07  6.00000000e-01  5.90561798e-01 
 8.56247600e-07  6.00000000e-01  5.90640189e-01 
 8.57347600e-07  6.00000000e-01  5.90721929e-01 
 8.58447600e-07  6.00000000e-01  5.90799066e-01 
 8.59547600e-07  6.00000000e-01  5.90879561e-01 
 8.60647600e-07  6.00000000e-01  5.90955462e-01 
 8.61747600e-07  6.00000000e-01  5.91034729e-01 
 8.62847600e-07  6.00000000e-01  5.91109414e-01 
 8.63947600e-07  6.00000000e-01  5.91187472e-01 
 8.65047600e-07  6.00000000e-01  5.91260957e-01 
 8.66147600e-07  6.00000000e-01  5.91337823e-01 
 8.67247600e-07  6.00000000e-01  5.91410127e-01 
 8.68347600e-07  6.00000000e-01  5.91485819e-01 
 8.69447600e-07  6.00000000e-01  5.91556959e-01 
 8.70547600e-07  6.00000000e-01  5.91631495e-01 
 8.71647600e-07  6.00000000e-01  5.91701487e-01 
 8.72747600e-07  6.00000000e-01  5.91774884e-01 
 8.73847600e-07  6.00000000e-01  5.91843747e-01 
 8.74947600e-07  6.00000000e-01  5.91916021e-01 
 8.76047600e-07  6.00000000e-01  5.91983771e-01 
 8.77147600e-07  6.00000000e-01  5.92054940e-01 
 8.78247600e-07  6.00000000e-01  5.92121593e-01 
 8.79347600e-07  6.00000000e-01  5.92191673e-01 
 8.80447600e-07  6.00000000e-01  5.92257247e-01 
 8.81547600e-07  6.00000000e-01  5.92326254e-01 
 8.82647600e-07  6.00000000e-01  5.92390764e-01 
 8.83747600e-07  6.00000000e-01  5.92458714e-01 
 8.84847600e-07  6.00000000e-01  5.92522177e-01 
 8.85947600e-07  6.00000000e-01  5.92589086e-01 
 8.87047600e-07  6.00000000e-01  5.92651517e-01 
 8.88147600e-07  6.00000000e-01  5.92717401e-01 
 8.89247600e-07  6.00000000e-01  5.92778816e-01 
 8.90347600e-07  6.00000000e-01  5.92843691e-01 
 8.91447600e-07  6.00000000e-01  5.92904104e-01 
 8.92547600e-07  6.00000000e-01  5.92967985e-01 
 8.93647600e-07  6.00000000e-01  5.93027412e-01 
 8.94747600e-07  6.00000000e-01  5.93090314e-01 
 8.95847600e-07  6.00000000e-01  5.93148771e-01 
 8.96947600e-07  6.00000000e-01  5.93210708e-01 
 8.98047600e-07  6.00000000e-01  5.93268209e-01 
 8.99147600e-07  6.00000000e-01  5.93329196e-01 
 9.00247600e-07  6.00000000e-01  5.93385756e-01 
 9.01347600e-07  6.00000000e-01  5.93445808e-01 
 9.02447600e-07  6.00000000e-01  5.93501440e-01 
 9.03547600e-07  6.00000000e-01  5.93560571e-01 
 9.04647600e-07  6.00000000e-01  5.93615291e-01 
 9.05747600e-07  6.00000000e-01  5.93673515e-01 
 9.06847600e-07  6.00000000e-01  5.93727336e-01 
 9.07947600e-07  6.00000000e-01  5.93784667e-01 
 9.09047600e-07  6.00000000e-01  5.93837603e-01 
 9.10147600e-07  6.00000000e-01  5.93894055e-01 
 9.11247600e-07  6.00000000e-01  5.93946119e-01 
 9.12347600e-07  6.00000000e-01  5.94001705e-01 
 9.13447600e-07  6.00000000e-01  5.94052911e-01 
 9.14547600e-07  6.00000000e-01  5.94107645e-01 
 9.15647600e-07  6.00000000e-01  5.94158006e-01 
 9.16747600e-07  6.00000000e-01  5.94211901e-01 
 9.17847600e-07  6.00000000e-01  5.94261430e-01 
 9.18947600e-07  6.00000000e-01  5.94314498e-01 
 9.20047600e-07  6.00000000e-01  5.94363208e-01 
 9.21147600e-07  6.00000000e-01  5.94415462e-01 
 9.22247600e-07  6.00000000e-01  5.94463366e-01 
 9.23347600e-07  6.00000000e-01  5.94514819e-01 
 9.24447600e-07  6.00000000e-01  5.94561929e-01 
 9.25547600e-07  6.00000000e-01  5.94612594e-01 
 9.26647600e-07  6.00000000e-01  5.94658922e-01 
 9.27747600e-07  6.00000000e-01  5.94708810e-01 
 9.28847600e-07  6.00000000e-01  5.94754369e-01 
 9.29947600e-07  6.00000000e-01  5.94803493e-01 
 9.31047600e-07  6.00000000e-01  5.94848294e-01 
 9.32147600e-07  6.00000000e-01  5.94896665e-01 
 9.33247600e-07  6.00000000e-01  5.94940721e-01 
 9.34347600e-07  6.00000000e-01  5.94988351e-01 
 9.35447600e-07  6.00000000e-01  5.95031673e-01 
 9.36547600e-07  6.00000000e-01  5.95078573e-01 
 9.37647600e-07  6.00000000e-01  5.95121172e-01 
 9.38747600e-07  6.00000000e-01  5.95167355e-01 
 9.39847600e-07  6.00000000e-01  5.95209243e-01 
 9.40947600e-07  6.00000000e-01  5.95254719e-01 
 9.42047600e-07  6.00000000e-01  5.95295906e-01 
 9.43147600e-07  6.00000000e-01  5.95340686e-01 
 9.44247600e-07  6.00000000e-01  5.95381184e-01 
 9.45347600e-07  6.00000000e-01  5.95425279e-01 
 9.46447600e-07  6.00000000e-01  5.95465099e-01 
 9.47547600e-07  6.00000000e-01  5.95508520e-01 
 9.48647600e-07  6.00000000e-01  5.95547672e-01 
 9.49747600e-07  6.00000000e-01  5.95590429e-01 
 9.50847600e-07  6.00000000e-01  5.95628923e-01 
 9.51947600e-07  6.00000000e-01  5.95671027e-01 
 9.53047600e-07  6.00000000e-01  5.95708875e-01 
 9.54147600e-07  6.00000000e-01  5.95750336e-01 
 9.55247600e-07  6.00000000e-01  5.95787546e-01 
 9.56347600e-07  6.00000000e-01  5.95828374e-01 
 9.57447600e-07  6.00000000e-01  5.95864957e-01 
 9.58547600e-07  6.00000000e-01  5.95905162e-01 
 9.59647600e-07  6.00000000e-01  5.95941128e-01 
 9.60747600e-07  6.00000000e-01  5.95980720e-01 
 9.61847600e-07  6.00000000e-01  5.96016079e-01 
 9.62947600e-07  6.00000000e-01  5.96055068e-01 
 9.64047600e-07  6.00000000e-01  5.96089828e-01 
 9.65147600e-07  6.00000000e-01  5.96128223e-01 
 9.66247600e-07  6.00000000e-01  5.96162395e-01 
 9.67347600e-07  6.00000000e-01  5.96200205e-01 
 9.68447600e-07  6.00000000e-01  5.96233798e-01 
 9.69547600e-07  6.00000000e-01  5.96271033e-01 
 9.70647600e-07  6.00000000e-01  5.96304056e-01 
 9.71747600e-07  6.00000000e-01  5.96340724e-01 
 9.72847600e-07  6.00000000e-01  5.96373186e-01 
 9.73947600e-07  6.00000000e-01  5.96409297e-01 
 9.75047600e-07  6.00000000e-01  5.96441207e-01 
 9.76147600e-07  6.00000000e-01  5.96476768e-01 
 9.77247600e-07  6.00000000e-01  5.96508136e-01 
 9.78347600e-07  6.00000000e-01  5.96543157e-01 
 9.79447600e-07  6.00000000e-01  5.96573989e-01 
 9.80547600e-07  6.00000000e-01  5.96608479e-01 
 9.81647600e-07  6.00000000e-01  5.96638786e-01 
 9.82747600e-07  6.00000000e-01  5.96672753e-01 
 9.83847600e-07  6.00000000e-01  5.96702541e-01 
 9.84947600e-07  6.00000000e-01  5.96735993e-01 
 9.86047600e-07  6.00000000e-01  5.96765271e-01 
 9.87147600e-07  6.00000000e-01  5.96798217e-01 
 9.88247600e-07  6.00000000e-01  5.96826994e-01 
 9.89347600e-07  6.00000000e-01  5.96859440e-01 
 9.90447600e-07  6.00000000e-01  5.96887724e-01 
 9.91547600e-07  6.00000000e-01  5.96919680e-01 
 9.92647600e-07  6.00000000e-01  5.96947477e-01 
 9.93747600e-07  6.00000000e-01  5.96978950e-01 
 9.94847600e-07  6.00000000e-01  5.97006269e-01 
 9.95947600e-07  6.00000000e-01  5.97037267e-01 
 9.97047600e-07  6.00000000e-01  5.97064116e-01 
 9.98147600e-07  6.00000000e-01  5.97094646e-01 
 9.99247600e-07  6.00000000e-01  5.97121032e-01 
 1.00034760e-06  6.00000000e-01  5.97151102e-01 
 1.00144760e-06  6.00000000e-01  5.97177032e-01 
 1.00254760e-06  6.00000000e-01  5.97206649e-01 
 1.00364760e-06  6.00000000e-01  5.97232130e-01 
 1.00474760e-06  6.00000000e-01  5.97261302e-01 
 1.00584760e-06  6.00000000e-01  5.97286342e-01 
 1.00694760e-06  6.00000000e-01  5.97315074e-01 
 1.00804760e-06  6.00000000e-01  5.97339681e-01 
 1.00914760e-06  6.00000000e-01  5.97367981e-01 
 1.01024760e-06  6.00000000e-01  5.97392160e-01 
 1.01134760e-06  6.00000000e-01  5.97420036e-01 
 1.01244760e-06  6.00000000e-01  5.97443794e-01 
 1.01354760e-06  6.00000000e-01  5.97471252e-01 
 1.01464760e-06  6.00000000e-01  5.97494597e-01 
 1.01574760e-06  6.00000000e-01  5.97521643e-01 
 1.01684760e-06  6.00000000e-01  5.97544581e-01 
 1.01794760e-06  6.00000000e-01  5.97571223e-01 
 1.01904760e-06  6.00000000e-01  5.97593759e-01 
 1.02014760e-06  6.00000000e-01  5.97620003e-01 
 1.02124760e-06  6.00000000e-01  5.97642145e-01 
 1.02234760e-06  6.00000000e-01  5.97667996e-01 
 1.02344760e-06  6.00000000e-01  5.97689751e-01 
 1.02454760e-06  6.00000000e-01  5.97715216e-01 
 1.02564760e-06  6.00000000e-01  5.97736589e-01 
 1.02674760e-06  6.00000000e-01  5.97761675e-01 
 1.02784760e-06  6.00000000e-01  5.97782672e-01 
 1.02894760e-06  6.00000000e-01  5.97807384e-01 
 1.03004760e-06  6.00000000e-01  5.97828012e-01 
 1.03114760e-06  6.00000000e-01  5.97852356e-01 
 1.03224760e-06  6.00000000e-01  5.97872620e-01 
 1.03334760e-06  6.00000000e-01  5.97896603e-01 
 1.03444760e-06  6.00000000e-01  5.97916509e-01 
 1.03554760e-06  6.00000000e-01  5.97940136e-01 
 1.03664760e-06  6.00000000e-01  5.97959690e-01 
 1.03774760e-06  6.00000000e-01  5.97982966e-01 
 1.03884760e-06  6.00000000e-01  5.98002174e-01 
 1.03994760e-06  6.00000000e-01  5.98025106e-01 
 1.04104760e-06  6.00000000e-01  5.98043972e-01 
 1.04214760e-06  6.00000000e-01  5.98066565e-01 
 1.04324760e-06  6.00000000e-01  5.98085096e-01 
 1.04434760e-06  6.00000000e-01  5.98107355e-01 
 1.04544760e-06  6.00000000e-01  5.98125556e-01 
 1.04654760e-06  6.00000000e-01  5.98147486e-01 
 1.04764760e-06  6.00000000e-01  5.98165362e-01 
 1.04874760e-06  6.00000000e-01  5.98186970e-01 
 1.04984760e-06  6.00000000e-01  5.98204526e-01 
 1.05094760e-06  6.00000000e-01  5.98225816e-01 
 1.05204760e-06  6.00000000e-01  5.98243058e-01 
 1.05314760e-06  6.00000000e-01  5.98264035e-01 
 1.05424760e-06  6.00000000e-01  5.98280967e-01 
 1.05534760e-06  6.00000000e-01  5.98301636e-01 
 1.05644760e-06  6.00000000e-01  5.98318264e-01 
 1.05754760e-06  6.00000000e-01  5.98338630e-01 
 1.05864760e-06  6.00000000e-01  5.98354959e-01 
 1.05974760e-06  6.00000000e-01  5.98375027e-01 
 1.06084760e-06  6.00000000e-01  5.98391061e-01 
 1.06194760e-06  6.00000000e-01  5.98410836e-01 
 1.06304760e-06  6.00000000e-01  5.98426579e-01 
 1.06414760e-06  6.00000000e-01  5.98446065e-01 
 1.06524760e-06  6.00000000e-01  5.98461524e-01 
 1.06634760e-06  6.00000000e-01  5.98480726e-01 
 1.06744760e-06  6.00000000e-01  5.98495904e-01 
 1.06854760e-06  6.00000000e-01  5.98514827e-01 
 1.06964760e-06  6.00000000e-01  5.98529728e-01 
 1.07074760e-06  6.00000000e-01  5.98548376e-01 
 1.07184760e-06  6.00000000e-01  5.98563006e-01 
 1.07294760e-06  6.00000000e-01  5.98581383e-01 
 1.07404760e-06  6.00000000e-01  5.98595746e-01 
 1.07514760e-06  6.00000000e-01  5.98613857e-01 
 1.07624760e-06  6.00000000e-01  5.98627956e-01 
 1.07734760e-06  6.00000000e-01  5.98645806e-01 
 1.07844760e-06  6.00000000e-01  5.98659646e-01 
 1.07954760e-06  6.00000000e-01  5.98677238e-01 
 1.08064760e-06  6.00000000e-01  5.98690823e-01 
 1.08174760e-06  6.00000000e-01  5.98708161e-01 
 1.08284760e-06  6.00000000e-01  5.98721497e-01 
 1.08394760e-06  6.00000000e-01  5.98738585e-01 
 1.08504760e-06  6.00000000e-01  5.98751674e-01 
 1.08614760e-06  6.00000000e-01  5.98768517e-01 
 1.08724760e-06  6.00000000e-01  5.98781363e-01 
 1.08834760e-06  6.00000000e-01  5.98797965e-01 
 1.08944760e-06  6.00000000e-01  5.98810572e-01 
 1.09054760e-06  6.00000000e-01  5.98826936e-01 
 1.09164760e-06  6.00000000e-01  5.98839309e-01 
 1.09274760e-06  6.00000000e-01  5.98855439e-01 
 1.09384760e-06  6.00000000e-01  5.98867581e-01 
 1.09494760e-06  6.00000000e-01  5.98883481e-01 
 1.09604760e-06  6.00000000e-01  5.98895395e-01 
 1.09714760e-06  6.00000000e-01  5.98911069e-01 
 1.09824760e-06  6.00000000e-01  5.98922759e-01 
 1.09934760e-06  6.00000000e-01  5.98938210e-01 
 1.10000000e-06  6.00000000e-01  5.98944239e-01 
