 frequency       AmagdB          Aphdeg         
 1.00000000e+04  4.66815443e+01  1.78707507e+02 
 1.02305973e+04  4.66814416e+01  1.78677713e+02 
 1.04665121e+04  4.66813342e+01  1.78647232e+02 
 1.07078670e+04  4.66812217e+01  1.78616050e+02 
 1.09547876e+04  4.66811040e+01  1.78584149e+02 
 1.12074020e+04  4.66809809e+01  1.78551514e+02 
 1.14658417e+04  4.66808519e+01  1.78518127e+02 
 1.17302409e+04  4.66807170e+01  1.78483971e+02 
 1.20007371e+04  4.66805758e+01  1.78449028e+02 
 1.22774708e+04  4.66804280e+01  1.78413281e+02 
 1.25605860e+04  4.66802733e+01  1.78376711e+02 
 1.28502297e+04  4.66801114e+01  1.78339299e+02 
 1.31465525e+04  4.66799419e+01  1.78301026e+02 
 1.34497085e+04  4.66797645e+01  1.78261872e+02 
 1.37598551e+04  4.66795789e+01  1.78221816e+02 
 1.40771537e+04  4.66793847e+01  1.78180839e+02 
 1.44017690e+04  4.66791813e+01  1.78138918e+02 
 1.47338699e+04  4.66789685e+01  1.78096033e+02 
 1.50736290e+04  4.66787458e+01  1.78052162e+02 
 1.54212228e+04  4.66785127e+01  1.78007281e+02 
 1.57768320e+04  4.66782688e+01  1.77961367e+02 
 1.61406415e+04  4.66780134e+01  1.77914398e+02 
 1.65128404e+04  4.66777462e+01  1.77866348e+02 
 1.68936220e+04  4.66774666e+01  1.77817193e+02 
 1.72831844e+04  4.66771739e+01  1.77766908e+02 
 1.76817299e+04  4.66768676e+01  1.77715468e+02 
 1.80894658e+04  4.66765470e+01  1.77662844e+02 
 1.85066040e+04  4.66762114e+01  1.77609012e+02 
 1.89333613e+04  4.66758603e+01  1.77553942e+02 
 1.93699595e+04  4.66754928e+01  1.77497607e+02 
 1.98166255e+04  4.66751082e+01  1.77439978e+02 
 2.02735916e+04  4.66747057e+01  1.77381025e+02 
 2.07410951e+04  4.66742844e+01  1.77320719e+02 
 2.12193792e+04  4.66738436e+01  1.77259028e+02 
 2.17086923e+04  4.66733822e+01  1.77195921e+02 
 2.22092889e+04  4.66728993e+01  1.77131366e+02 
 2.27214291e+04  4.66723940e+01  1.77065329e+02 
 2.32453791e+04  4.66718652e+01  1.76997778e+02 
 2.37814113e+04  4.66713117e+01  1.76928678e+02 
 2.43298042e+04  4.66707326e+01  1.76857994e+02 
 2.48908429e+04  4.66701265e+01  1.76785689e+02 
 2.54648190e+04  4.66694922e+01  1.76711728e+02 
 2.60520309e+04  4.66688284e+01  1.76636072e+02 
 2.66527837e+04  4.66681337e+01  1.76558684e+02 
 2.72673897e+04  4.66674068e+01  1.76479524e+02 
 2.78961683e+04  4.66666461e+01  1.76398553e+02 
 2.85394464e+04  4.66658500e+01  1.76315730e+02 
 2.91975583e+04  4.66650170e+01  1.76231012e+02 
 2.98708461e+04  4.66641452e+01  1.76144358e+02 
 3.05596598e+04  4.66632330e+01  1.76055723e+02 
 3.12643573e+04  4.66622785e+01  1.75965065e+02 
 3.19853049e+04  4.66612796e+01  1.75872336e+02 
 3.27228774e+04  4.66602344e+01  1.75777492e+02 
 3.34774581e+04  4.66591407e+01  1.75680484e+02 
 3.42494392e+04  4.66579962e+01  1.75581265e+02 
 3.50392221e+04  4.66567987e+01  1.75479785e+02 
 3.58472171e+04  4.66555457e+01  1.75375994e+02 
 3.66738442e+04  4.66542346e+01  1.75269841e+02 
 3.75195331e+04  4.66528628e+01  1.75161274e+02 
 3.83847234e+04  4.66514274e+01  1.75050239e+02 
 3.92698648e+04  4.66499256e+01  1.74936682e+02 
 4.01754173e+04  4.66483543e+01  1.74820547e+02 
 4.11018515e+04  4.66467103e+01  1.74701778e+02 
 4.20496491e+04  4.66449902e+01  1.74580318e+02 
 4.30193027e+04  4.66431907e+01  1.74456106e+02 
 4.40113162e+04  4.66413080e+01  1.74329084e+02 
 4.50262052e+04  4.66393383e+01  1.74199191e+02 
 4.60644974e+04  4.66372777e+01  1.74066364e+02 
 4.71267322e+04  4.66351220e+01  1.73930540e+02 
 4.82134619e+04  4.66328669e+01  1.73791653e+02 
 4.93252513e+04  4.66305079e+01  1.73649640e+02 
 5.04626783e+04  4.66280401e+01  1.73504432e+02 
 5.16263340e+04  4.66254588e+01  1.73355962e+02 
 5.28168234e+04  4.66227586e+01  1.73204161e+02 
 5.40347650e+04  4.66199343e+01  1.73048957e+02 
 5.52807921e+04  4.66169802e+01  1.72890280e+02 
 5.65555523e+04  4.66138905e+01  1.72728057e+02 
 5.78597080e+04  4.66106590e+01  1.72562213e+02 
 5.91939372e+04  4.66072792e+01  1.72392674e+02 
 6.05589334e+04  4.66037447e+01  1.72219363e+02 
 6.19554061e+04  4.66000483e+01  1.72042202e+02 
 6.33840810e+04  4.65961828e+01  1.71861114e+02 
 6.48457008e+04  4.65921407e+01  1.71676018e+02 
 6.63410251e+04  4.65879140e+01  1.71486833e+02 
 6.78708313e+04  4.65834946e+01  1.71293479e+02 
 6.94359143e+04  4.65788738e+01  1.71095870e+02 
 7.10370877e+04  4.65740427e+01  1.70893925e+02 
 7.26751838e+04  4.65689920e+01  1.70687557e+02 
 7.43510539e+04  4.65637119e+01  1.70476680e+02 
 7.60655691e+04  4.65581924e+01  1.70261209e+02 
 7.78196206e+04  4.65524229e+01  1.70041054e+02 
 7.96141200e+04  4.65463924e+01  1.69816128e+02 
 8.14500001e+04  4.65400896e+01  1.69586341e+02 
 8.33282151e+04  4.65335025e+01  1.69351602e+02 
 8.52497412e+04  4.65266188e+01  1.69111822e+02 
 8.72155772e+04  4.65194256e+01  1.68866910e+02 
 8.92267449e+04  4.65119096e+01  1.68616772e+02 
 9.12842895e+04  4.65040569e+01  1.68361318e+02 
 9.33892805e+04  4.64958530e+01  1.68100455e+02 
 9.55428121e+04  4.64872830e+01  1.67834090e+02 
 9.77460036e+04  4.64783312e+01  1.67562131e+02 
 1.00000000e+05  4.64689816e+01  1.67284484e+02 
 1.02305973e+05  4.64592173e+01  1.67001059e+02 
 1.04665121e+05  4.64490209e+01  1.66711761e+02 
 1.07078670e+05  4.64383744e+01  1.66416500e+02 
 1.09547876e+05  4.64272592e+01  1.66115185e+02 
 1.12074020e+05  4.64156558e+01  1.65807725e+02 
 1.14658417e+05  4.64035442e+01  1.65494031e+02 
 1.17302409e+05  4.63909036e+01  1.65174014e+02 
 1.20007371e+05  4.63777127e+01  1.64847588e+02 
 1.22774708e+05  4.63639491e+01  1.64514666e+02 
 1.25605860e+05  4.63495900e+01  1.64175167e+02 
 1.28502297e+05  4.63346118e+01  1.63829006e+02 
 1.31465525e+05  4.63189899e+01  1.63476106e+02 
 1.34497085e+05  4.63026992e+01  1.63116390e+02 
 1.37598551e+05  4.62857137e+01  1.62749782e+02 
 1.40771537e+05  4.62680067e+01  1.62376212e+02 
 1.44017690e+05  4.62495507e+01  1.61995611e+02 
 1.47338699e+05  4.62303172e+01  1.61607916e+02 
 1.50736290e+05  4.62102774e+01  1.61213067e+02 
 1.54212228e+05  4.61894012e+01  1.60811005e+02 
 1.57768320e+05  4.61676581e+01  1.60401681e+02 
 1.61406415e+05  4.61450166e+01  1.59985048e+02 
 1.65128404e+05  4.61214447e+01  1.59561063e+02 
 1.68936220e+05  4.60969093e+01  1.59129692e+02 
 1.72831844e+05  4.60713769e+01  1.58690903e+02 
 1.76817299e+05  4.60448133e+01  1.58244674e+02 
 1.80894658e+05  4.60171833e+01  1.57790988e+02 
 1.85066040e+05  4.59884514e+01  1.57329835e+02 
 1.89333613e+05  4.59585814e+01  1.56861212e+02 
 1.93699595e+05  4.59275364e+01  1.56385125e+02 
 1.98166255e+05  4.58952790e+01  1.55901587e+02 
 2.02735916e+05  4.58617715e+01  1.55410621e+02 
 2.07410951e+05  4.58269755e+01  1.54912258e+02 
 2.12193792e+05  4.57908524e+01  1.54406538e+02 
 2.17086923e+05  4.57533632e+01  1.53893512e+02 
 2.22092889e+05  4.57144686e+01  1.53373239e+02 
 2.27214291e+05  4.56741292e+01  1.52845789e+02 
 2.32453791e+05  4.56323055e+01  1.52311243e+02 
 2.37814113e+05  4.55889578e+01  1.51769693e+02 
 2.43298042e+05  4.55440466e+01  1.51221241e+02 
 2.48908429e+05  4.54975324e+01  1.50666001e+02 
 2.54648190e+05  4.54493760e+01  1.50104098e+02 
 2.60520309e+05  4.53995386e+01  1.49535669e+02 
 2.66527837e+05  4.53479815e+01  1.48960863e+02 
 2.72673897e+05  4.52946669e+01  1.48379839e+02 
 2.78961683e+05  4.52395574e+01  1.47792770e+02 
 2.85394464e+05  4.51826163e+01  1.47199839e+02 
 2.91975583e+05  4.51238078e+01  1.46601242e+02 
 2.98708461e+05  4.50630970e+01  1.45997186e+02 
 3.05596598e+05  4.50004500e+01  1.45387889e+02 
 3.12643573e+05  4.49358343e+01  1.44773581e+02 
 3.19853049e+05  4.48692183e+01  1.44154502e+02 
 3.27228774e+05  4.48005720e+01  1.43530903e+02 
 3.34774581e+05  4.47298668e+01  1.42903045e+02 
 3.42494392e+05  4.46570758e+01  1.42271200e+02 
 3.50392221e+05  4.45821735e+01  1.41635648e+02 
 3.58472171e+05  4.45051365e+01  1.40996677e+02 
 3.66738442e+05  4.44259429e+01  1.40354585e+02 
 3.75195331e+05  4.43445732e+01  1.39709677e+02 
 3.83847234e+05  4.42610094e+01  1.39062264e+02 
 3.92698648e+05  4.41752360e+01  1.38412664e+02 
 4.01754173e+05  4.40872394e+01  1.37761200e+02 
 4.11018515e+05  4.39970083e+01  1.37108200e+02 
 4.20496491e+05  4.39045338e+01  1.36453994e+02 
 4.30193027e+05  4.38098090e+01  1.35798918e+02 
 4.40113162e+05  4.37128295e+01  1.35143307e+02 
 4.50262052e+05  4.36135931e+01  1.34487500e+02 
 4.60644974e+05  4.35121002e+01  1.33831834e+02 
 4.71267322e+05  4.34083533e+01  1.33176646e+02 
 4.82134619e+05  4.33023573e+01  1.32522273e+02 
 4.93252513e+05  4.31941194e+01  1.31869048e+02 
 5.04626783e+05  4.30836492e+01  1.31217301e+02 
 5.16263340e+05  4.29709583e+01  1.30567360e+02 
 5.28168234e+05  4.28560608e+01  1.29919545e+02 
 5.40347650e+05  4.27389727e+01  1.29274173e+02 
 5.52807921e+05  4.26197122e+01  1.28631553e+02 
 5.65555523e+05  4.24982994e+01  1.27991989e+02 
 5.78597080e+05  4.23747565e+01  1.27355774e+02 
 5.91939372e+05  4.22491073e+01  1.26723196e+02 
 6.05589334e+05  4.21213775e+01  1.26094532e+02 
 6.19554061e+05  4.19915945e+01  1.25470051e+02 
 6.33840810e+05  4.18597871e+01  1.24850011e+02 
 6.48457008e+05  4.17259858e+01  1.24234659e+02 
 6.63410251e+05  4.15902221e+01  1.23624233e+02 
 6.78708313e+05  4.14525290e+01  1.23018960e+02 
 6.94359143e+05  4.13129406e+01  1.22419053e+02 
 7.10370877e+05  4.11714920e+01  1.21824717e+02 
 7.26751838e+05  4.10282191e+01  1.21236143e+02 
 7.43510539e+05  4.08831588e+01  1.20653512e+02 
 7.60655691e+05  4.07363485e+01  1.20076991e+02 
 7.78196206e+05  4.05878264e+01  1.19506736e+02 
 7.96141200e+05  4.04376310e+01  1.18942893e+02 
 8.14500001e+05  4.02858014e+01  1.18385593e+02 
 8.33282151e+05  4.01323768e+01  1.17834959e+02 
 8.52497412e+05  3.99773966e+01  1.17291099e+02 
 8.72155772e+05  3.98209005e+01  1.16754112e+02 
 8.92267449e+05  3.96629280e+01  1.16224086e+02 
 9.12842895e+05  3.95035187e+01  1.15701097e+02 
 9.33892805e+05  3.93427121e+01  1.15185210e+02 
 9.55428121e+05  3.91805472e+01  1.14676482e+02 
 9.77460036e+05  3.90170631e+01  1.14174959e+02 
 1.00000000e+06  3.88522984e+01  1.13680675e+02 
 1.02305973e+06  3.86862912e+01  1.13193659e+02 
 1.04665121e+06  3.85190792e+01  1.12713927e+02 
 1.07078670e+06  3.83506999e+01  1.12241490e+02 
 1.09547876e+06  3.81811898e+01  1.11776349e+02 
 1.12074020e+06  3.80105850e+01  1.11318496e+02 
 1.14658417e+06  3.78389212e+01  1.10867917e+02 
 1.17302409e+06  3.76662331e+01  1.10424591e+02 
 1.20007371e+06  3.74925549e+01  1.09988491e+02 
 1.22774708e+06  3.73179202e+01  1.09559581e+02 
 1.25605860e+06  3.71423615e+01  1.09137822e+02 
 1.28502297e+06  3.69659110e+01  1.08723166e+02 
 1.31465525e+06  3.67886000e+01  1.08315564e+02 
 1.34497085e+06  3.66104588e+01  1.07914959e+02 
 1.37598551e+06  3.64315172e+01  1.07521289e+02 
 1.40771537e+06  3.62518041e+01  1.07134491e+02 
 1.44017690e+06  3.60713478e+01  1.06754494e+02 
 1.47338699e+06  3.58901755e+01  1.06381227e+02 
 1.50736290e+06  3.57083139e+01  1.06014613e+02 
 1.54212228e+06  3.55257888e+01  1.05654572e+02 
 1.57768320e+06  3.53426253e+01  1.05301024e+02 
 1.61406415e+06  3.51588475e+01  1.04953883e+02 
 1.65128404e+06  3.49744792e+01  1.04613063e+02 
 1.68936220e+06  3.47895429e+01  1.04278475e+02 
 1.72831844e+06  3.46040609e+01  1.03950028e+02 
 1.76817299e+06  3.44180544e+01  1.03627631e+02 
 1.80894658e+06  3.42315440e+01  1.03311188e+02 
 1.85066040e+06  3.40445497e+01  1.03000606e+02 
 1.89333613e+06  3.38570906e+01  1.02695788e+02 
 1.93699595e+06  3.36691855e+01  1.02396638e+02 
 1.98166255e+06  3.34808521e+01  1.02103058e+02 
 2.02735916e+06  3.32921078e+01  1.01814949e+02 
 2.07410951e+06  3.31029693e+01  1.01532214e+02 
 2.12193792e+06  3.29134526e+01  1.01254753e+02 
 2.17086923e+06  3.27235731e+01  1.00982468e+02 
 2.22092889e+06  3.25333458e+01  1.00715259e+02 
 2.27214291e+06  3.23427850e+01  1.00453028e+02 
 2.32453791e+06  3.21519045e+01  1.00195675e+02 
 2.37814113e+06  3.19607176e+01  9.99431016e+01 
 2.43298042e+06  3.17692370e+01  9.96952100e+01 
 2.48908429e+06  3.15774752e+01  9.94519022e+01 
 2.54648190e+06  3.13854438e+01  9.92130806e+01 
 2.60520309e+06  3.11931541e+01  9.89786484e+01 
 2.66527837e+06  3.10006172e+01  9.87485091e+01 
 2.72673897e+06  3.08078435e+01  9.85225672e+01 
 2.78961683e+06  3.06148431e+01  9.83007275e+01 
 2.85394464e+06  3.04216255e+01  9.80828959e+01 
 2.91975583e+06  3.02282001e+01  9.78689788e+01 
 2.98708461e+06  3.00345758e+01  9.76588834e+01 
 3.05596598e+06  2.98407612e+01  9.74525179e+01 
 3.12643573e+06  2.96467643e+01  9.72497912e+01 
 3.19853049e+06  2.94525932e+01  9.70506130e+01 
 3.27228774e+06  2.92582553e+01  9.68548942e+01 
 3.34774581e+06  2.90637578e+01  9.66625462e+01 
 3.42494392e+06  2.88691078e+01  9.64734816e+01 
 3.50392221e+06  2.86743119e+01  9.62876136e+01 
 3.58472171e+06  2.84793764e+01  9.61048567e+01 
 3.66738442e+06  2.82843075e+01  9.59251261e+01 
 3.75195331e+06  2.80891110e+01  9.57483378e+01 
 3.83847234e+06  2.78937926e+01  9.55744091e+01 
 3.92698648e+06  2.76983577e+01  9.54032578e+01 
 4.01754173e+06  2.75028114e+01  9.52348028e+01 
 4.11018515e+06  2.73071587e+01  9.50689639e+01 
 4.20496491e+06  2.71114044e+01  9.49056618e+01 
 4.30193027e+06  2.69155529e+01  9.47448180e+01 
 4.40113162e+06  2.67196087e+01  9.45863549e+01 
 4.50262052e+06  2.65235760e+01  9.44301959e+01 
 4.60644974e+06  2.63274587e+01  9.42762649e+01 
 4.71267322e+06  2.61312607e+01  9.41244869e+01 
 4.82134619e+06  2.59349857e+01  9.39747876e+01 
 4.93252513e+06  2.57386373e+01  9.38270936e+01 
 5.04626783e+06  2.55422188e+01  9.36813320e+01 
 5.16263340e+06  2.53457334e+01  9.35374310e+01 
 5.28168234e+06  2.51491844e+01  9.33953192e+01 
 5.40347650e+06  2.49525746e+01  9.32549261e+01 
 5.52807921e+06  2.47559071e+01  9.31161818e+01 
 5.65555523e+06  2.45591844e+01  9.29790172e+01 
 5.78597080e+06  2.43624094e+01  9.28433636e+01 
 5.91939372e+06  2.41655844e+01  9.27091530e+01 
 6.05589334e+06  2.39687120e+01  9.25763182e+01 
 6.19554061e+06  2.37717945e+01  9.24447922e+01 
 6.33840810e+06  2.35748342e+01  9.23145089e+01 
 6.48457008e+06  2.33778333e+01  9.21854025e+01 
 6.63410251e+06  2.31807937e+01  9.20574078e+01 
 6.78708313e+06  2.29837176e+01  9.19304599e+01 
 6.94359143e+06  2.27866069e+01  9.18044944e+01 
 7.10370877e+06  2.25894635e+01  9.16794476e+01 
 7.26751838e+06  2.23922891e+01  9.15552558e+01 
 7.43510539e+06  2.21950855e+01  9.14318558e+01 
 7.60655691e+06  2.19978543e+01  9.13091848e+01 
 7.78196206e+06  2.18005973e+01  9.11871803e+01 
 7.96141200e+06  2.16033159e+01  9.10657800e+01 
 8.14500001e+06  2.14060118e+01  9.09449218e+01 
 8.33282151e+06  2.12086863e+01  9.08245441e+01 
 8.52497412e+06  2.10113408e+01  9.07045852e+01 
 8.72155772e+06  2.08139769e+01  9.05849837e+01 
 8.92267449e+06  2.06165959e+01  9.04656784e+01 
 9.12842895e+06  2.04191990e+01  9.03466082e+01 
 9.33892805e+06  2.02217875e+01  9.02277119e+01 
 9.55428121e+06  2.00243628e+01  9.01089286e+01 
 9.77460036e+06  1.98269260e+01  8.99901974e+01 
 1.00000000e+07  1.96294784e+01  8.98714572e+01 
 1.02305973e+07  1.94320211e+01  8.97526472e+01 
 1.04665121e+07  1.92345552e+01  8.96337062e+01 
 1.07078670e+07  1.90370820e+01  8.95145733e+01 
 1.09547876e+07  1.88396026e+01  8.93951871e+01 
 1.12074020e+07  1.86421181e+01  8.92754863e+01 
 1.14658417e+07  1.84446296e+01  8.91554095e+01 
 1.17302409e+07  1.82471381e+01  8.90348949e+01 
 1.20007371e+07  1.80496449e+01  8.89138806e+01 
 1.22774708e+07  1.78521509e+01  8.87923045e+01 
 1.25605860e+07  1.76546572e+01  8.86701040e+01 
 1.28502297e+07  1.74571651e+01  8.85472164e+01 
 1.31465525e+07  1.72596754e+01  8.84235786e+01 
 1.34497085e+07  1.70621895e+01  8.82991272e+01 
 1.37598551e+07  1.68647082e+01  8.81737982e+01 
 1.40771537e+07  1.66672328e+01  8.80475274e+01 
 1.44017690e+07  1.64697644e+01  8.79202500e+01 
 1.47338699e+07  1.62723041e+01  8.77919009e+01 
 1.50736290e+07  1.60748531e+01  8.76624142e+01 
 1.54212228e+07  1.58774125e+01  8.75317237e+01 
 1.57768320e+07  1.56799835e+01  8.73997624e+01 
 1.61406415e+07  1.54825674e+01  8.72664631e+01 
 1.65128404e+07  1.52851654e+01  8.71317574e+01 
 1.68936220e+07  1.50877788e+01  8.69955768e+01 
 1.72831844e+07  1.48904089e+01  8.68578516e+01 
 1.76817299e+07  1.46930570e+01  8.67185118e+01 
 1.80894658e+07  1.44957244e+01  8.65774864e+01 
 1.85066040e+07  1.42984127e+01  8.64347037e+01 
 1.89333613e+07  1.41011232e+01  8.62900911e+01 
 1.93699595e+07  1.39038574e+01  8.61435753e+01 
 1.98166255e+07  1.37066170e+01  8.59950820e+01 
 2.02735916e+07  1.35094034e+01  8.58445361e+01 
 2.07410951e+07  1.33122184e+01  8.56918614e+01 
 2.12193792e+07  1.31150636e+01  8.55369810e+01 
 2.17086923e+07  1.29179409e+01  8.53798169e+01 
 2.22092889e+07  1.27208519e+01  8.52202898e+01 
 2.27214291e+07  1.25237987e+01  8.50583198e+01 
 2.32453791e+07  1.23267833e+01  8.48938256e+01 
 2.37814113e+07  1.21298075e+01  8.47267249e+01 
 2.43298042e+07  1.19328737e+01  8.45569343e+01 
 2.48908429e+07  1.17359839e+01  8.43843692e+01 
 2.54648190e+07  1.15391404e+01  8.42089438e+01 
 2.60520309e+07  1.13423457e+01  8.40305711e+01 
 2.66527837e+07  1.11456023e+01  8.38491627e+01 
 2.72673897e+07  1.09489126e+01  8.36646293e+01 
 2.78961683e+07  1.07522794e+01  8.34768800e+01 
 2.85394464e+07  1.05557054e+01  8.32858226e+01 
 2.91975583e+07  1.03591936e+01  8.30913636e+01 
 2.98708461e+07  1.01627470e+01  8.28934082e+01 
 3.05596598e+07  9.96636874e+00  8.26918601e+01 
 3.12643573e+07  9.77006207e+00  8.24866217e+01 
 3.19853049e+07  9.57383042e+00  8.22775938e+01 
 3.27228774e+07  9.37767735e+00  8.20646761e+01 
 3.34774581e+07  9.18160657e+00  8.18477664e+01 
 3.42494392e+07  8.98562192e+00  8.16267613e+01 
 3.50392221e+07  8.78972744e+00  8.14015559e+01 
 3.58472171e+07  8.59392731e+00  8.11720436e+01 
 3.66738442e+07  8.39822588e+00  8.09381166e+01 
 3.75195331e+07  8.20262771e+00  8.06996652e+01 
 3.83847234e+07  8.00713753e+00  8.04565786e+01 
 3.92698648e+07  7.81176026e+00  8.02087442e+01 
 4.01754173e+07  7.61650104e+00  7.99560478e+01 
 4.11018515e+07  7.42136521e+00  7.96983741e+01 
 4.20496491e+07  7.22635834e+00  7.94356057e+01 
 4.30193027e+07  7.03148622e+00  7.91676242e+01 
 4.40113162e+07  6.83675487e+00  7.88943095e+01 
 4.50262052e+07  6.64217058e+00  7.86155400e+01 
 4.60644974e+07  6.44773987e+00  7.83311927e+01 
 4.71267322e+07  6.25346952e+00  7.80411432e+01 
 4.82134619e+07  6.05936661e+00  7.77452657e+01 
 4.93252513e+07  5.86543847e+00  7.74434331e+01 
 5.04626783e+07  5.67169274e+00  7.71355169e+01 
 5.16263340e+07  5.47813735e+00  7.68213874e+01 
 5.28168234e+07  5.28478054e+00  7.65009136e+01 
 5.40347650e+07  5.09163087e+00  7.61739636e+01 
 5.52807921e+07  4.89869723e+00  7.58404040e+01 
 5.65555523e+07  4.70598883e+00  7.55001010e+01 
 5.78597080e+07  4.51351525e+00  7.51529193e+01 
 5.91939372e+07  4.32128641e+00  7.47987231e+01 
 6.05589334e+07  4.12931261e+00  7.44373759e+01 
 6.19554061e+07  3.93760449e+00  7.40687404e+01 
 6.33840810e+07  3.74617311e+00  7.36926790e+01 
 6.48457008e+07  3.55502990e+00  7.33090536e+01 
 6.63410251e+07  3.36418669e+00  7.29177260e+01 
 6.78708313e+07  3.17365571e+00  7.25185578e+01 
 6.94359143e+07  2.98344961e+00  7.21114108e+01 
 7.10370877e+07  2.79358147e+00  7.16961471e+01 
 7.26751838e+07  2.60406476e+00  7.12726292e+01 
 7.43510539e+07  2.41491341e+00  7.08407202e+01 
 7.60655691e+07  2.22614177e+00  7.04002842e+01 
 7.78196206e+07  2.03776462e+00  6.99511863e+01 
 7.96141200e+07  1.84979720e+00  6.94932930e+01 
 8.14500001e+07  1.66225516e+00  6.90264726e+01 
 8.33282151e+07  1.47515460e+00  6.85505948e+01 
 8.52497412e+07  1.28851206e+00  6.80655320e+01 
 8.72155772e+07  1.10234450e+00  6.75711587e+01 
 8.92267449e+07  9.16669311e-01  6.70673524e+01 
 9.12842895e+07  7.31504305e-01  6.65539936e+01 
 9.33892805e+07  5.46867697e-01  6.60309664e+01 
 9.55428121e+07  3.62778102e-01  6.54981587e+01 
 9.77460036e+07  1.79254515e-01  6.49554626e+01 
 1.00000000e+08 -3.68370193e-03  6.44027748e+01 
 1.02305973e+08 -1.86016841e-01  6.38399973e+01 
 1.04665121e+08 -3.67724871e-01  6.32670373e+01 
 1.07078670e+08 -5.48787461e-01  6.26838081e+01 
 1.09547876e+08 -7.29184010e-01  6.20902294e+01 
 1.12074020e+08 -9.08893680e-01  6.14862278e+01 
 1.14658417e+08 -1.08789543e+00  6.08717371e+01 
 1.17302409e+08 -1.26616805e+00  6.02466993e+01 
 1.20007371e+08 -1.44369022e+00  5.96110644e+01 
 1.22774708e+08 -1.62044053e+00  5.89647917e+01 
 1.25605860e+08 -1.79639756e+00  5.83078497e+01 
 1.28502297e+08 -1.97153990e+00  5.76402170e+01 
 1.31465525e+08 -2.14584625e+00  5.69618827e+01 
 1.34497085e+08 -2.31929545e+00  5.62728470e+01 
 1.37598551e+08 -2.49186655e+00  5.55731216e+01 
 1.40771537e+08 -2.66353890e+00  5.48627307e+01 
 1.44017690e+08 -2.83429220e+00  5.41417110e+01 
 1.47338699e+08 -3.00410659e+00  5.34101124e+01 
 1.50736290e+08 -3.17296273e+00  5.26679989e+01 
 1.54212228e+08 -3.34084189e+00  5.19154484e+01 
 1.57768320e+08 -3.50772602e+00  5.11525541e+01 
 1.61406415e+08 -3.67359787e+00  5.03794241e+01 
 1.65128404e+08 -3.83844104e+00  4.95961826e+01 
 1.68936220e+08 -4.00224012e+00  4.88029699e+01 
 1.72831844e+08 -4.16498076e+00  4.79999430e+01 
 1.76817299e+08 -4.32664976e+00  4.71872758e+01 
 1.80894658e+08 -4.48723518e+00  4.63651599e+01 
 1.85066040e+08 -4.64672644e+00  4.55338044e+01 
 1.89333613e+08 -4.80511440e+00  4.46934365e+01 
 1.93699595e+08 -4.96239147e+00  4.38443018e+01 
 1.98166255e+08 -5.11855168e+00  4.29866643e+01 
 2.02735916e+08 -5.27359079e+00  4.21208068e+01 
 2.07410951e+08 -5.42750633e+00  4.12470305e+01 
 2.12193792e+08 -5.58029774e+00  4.03656561e+01 
 2.17086923e+08 -5.73196637e+00  3.94770226e+01 
 2.22092889e+08 -5.88251561e+00  3.85814883e+01 
 2.27214291e+08 -6.03195087e+00  3.76794300e+01 
 2.32453791e+08 -6.18027970e+00  3.67712435e+01 
 2.37814113e+08 -6.32751175e+00  3.58573428e+01 
 2.43298042e+08 -6.47365888e+00  3.49381604e+01 
 2.48908429e+08 -6.61873508e+00  3.40141469e+01 
 2.54648190e+08 -6.76275653e+00  3.30857702e+01 
 2.60520309e+08 -6.90574156e+00  3.21535161e+01 
 2.66527837e+08 -7.04771065e+00  3.12178870e+01 
 2.72673897e+08 -7.18868632e+00  3.02794019e+01 
 2.78961683e+08 -7.32869317e+00  2.93385956e+01 
 2.85394464e+08 -7.46775771e+00  2.83960186e+01 
 2.91975583e+08 -7.60590834e+00  2.74522361e+01 
 2.98708461e+08 -7.74317521e+00  2.65078278e+01 
 3.05596598e+08 -7.87959011e+00  2.55633867e+01 
 3.12643573e+08 -8.01518635e+00  2.46195189e+01 
 3.19853049e+08 -8.14999858e+00  2.36768429e+01 
 3.27228774e+08 -8.28406263e+00  2.27359884e+01 
 3.34774581e+08 -8.41741536e+00  2.17975959e+01 
 3.42494392e+08 -8.55009444e+00  2.08623160e+01 
 3.50392221e+08 -8.68213815e+00  1.99308084e+01 
 3.58472171e+08 -8.81358517e+00  1.90037409e+01 
 3.66738442e+08 -8.94447436e+00  1.80817890e+01 
 3.75195331e+08 -9.07484447e+00  1.71656346e+01 
 3.83847234e+08 -9.20473399e+00  1.62559653e+01 
 3.92698648e+08 -9.33418080e+00  1.53534734e+01 
 4.01754173e+08 -9.46322198e+00  1.44588551e+01 
 4.11018515e+08 -9.59189352e+00  1.35728093e+01 
 4.20496491e+08 -9.72023004e+00  1.26960370e+01 
 4.30193027e+08 -9.84826455e+00  1.18292398e+01 
 4.40113162e+08 -9.97602818e+00  1.09731192e+01 
 4.50262052e+08 -1.01035499e+01  1.01283755e+01 
 4.60644974e+08 -1.02308562e+01  9.29570661e+00 
 4.71267322e+08 -1.03579711e+01  8.47580718e+00 
 4.82134619e+08 -1.04849153e+01  7.66936717e+00 
 4.93252513e+08 -1.06117068e+01  6.87707089e+00 
 5.04626783e+08 -1.07383598e+01  6.09959572e+00 
 5.16263340e+08 -1.08648850e+01  5.33761093e+00 
 5.28168234e+08 -1.09912893e+01  4.59177638e+00 
 5.40347650e+08 -1.11175753e+01  3.86274125e+00 
 5.52807921e+08 -1.12437416e+01  3.15114270e+00 
 5.65555523e+08 -1.13697821e+01  2.45760445e+00 
 5.78597080e+08 -1.14956863e+01  1.78273542e+00 
 5.91939372e+08 -1.16214387e+01  1.12712822e+00 
 6.05589334e+08 -1.17470189e+01  4.91357647e-01 
 6.19554061e+08 -1.18724017e+01 -1.24020869e-01 
 6.33840810e+08 -1.19975566e+01 -7.18472893e-01 
 6.48457008e+08 -1.21224478e+01 -1.29148665e+00 
 6.63410251e+08 -1.22470344e+01 -1.84257473e+00 
 6.78708313e+08 -1.23712701e+01 -2.37127590e+00 
 6.94359143e+08 -1.24951032e+01 -2.87715690e+00 
 7.10370877e+08 -1.26184768e+01 -3.35981435e+00 
 7.26751838e+08 -1.27413286e+01 -3.81887667e+00 
 7.43510539e+08 -1.28635913e+01 -4.25400608e+00 
 7.60655691e+08 -1.29851921e+01 -4.66490065e+00 
 7.78196206e+08 -1.31060535e+01 -5.05129635e+00 
 7.96141200e+08 -1.32260931e+01 -5.41296914e+00 
 8.14500001e+08 -1.33452236e+01 -5.74973714e+00 
 8.33282151e+08 -1.34633536e+01 -6.06146273e+00 
 8.52497412e+08 -1.35803873e+01 -6.34805470e+00 
 8.72155772e+08 -1.36962251e+01 -6.60947034e+00 
 8.92267449e+08 -1.38107638e+01 -6.84571748e+00 
 9.12842895e+08 -1.39238972e+01 -7.05685652e+00 
 9.33892805e+08 -1.40355162e+01 -7.24300227e+00 
 9.55428121e+08 -1.41455097e+01 -7.40432575e+00 
 9.77460036e+08 -1.42537646e+01 -7.54105574e+00 
 1.00000000e+09 -1.43601669e+01 -7.65348024e+00 
 1.02305973e+09 -1.44646020e+01 -7.74194754e+00 
 1.04665121e+09 -1.45669554e+01 -7.80686719e+00 
 1.07078670e+09 -1.46671132e+01 -7.84871050e+00 
 1.09547876e+09 -1.47649633e+01 -7.86801078e+00 
 1.12074020e+09 -1.48603956e+01 -7.86536313e+00 
 1.14658417e+09 -1.49533032e+01 -7.84142380e+00 
 1.17302409e+09 -1.50435830e+01 -7.79690913e+00 
 1.20007371e+09 -1.51311363e+01 -7.73259389e+00 
 1.22774708e+09 -1.52158701e+01 -7.64930924e+00 
 1.25605860e+09 -1.52976973e+01 -7.54794001e+00 
 1.28502297e+09 -1.53765379e+01 -7.42942153e+00 
 1.31465525e+09 -1.54523194e+01 -7.29473590e+00 
 1.34497085e+09 -1.55249777e+01 -7.14490774e+00 
 1.37598551e+09 -1.55944579e+01 -6.98099939e+00 
 1.40771537e+09 -1.56607144e+01 -6.80410571e+00 
 1.44017690e+09 -1.57237115e+01 -6.61534842e+00 
 1.47338699e+09 -1.57834243e+01 -6.41587009e+00 
 1.50736290e+09 -1.58398384e+01 -6.20682781e+00 
 1.54212228e+09 -1.58929504e+01 -5.98938670e+00 
 1.57768320e+09 -1.59427680e+01 -5.76471318e+00 
 1.61406415e+09 -1.59893100e+01 -5.53396827e+00 
 1.65128404e+09 -1.60326062e+01 -5.29830088e+00 
 1.68936220e+09 -1.60726971e+01 -5.05884121e+00 
 1.72831844e+09 -1.61096338e+01 -4.81669442e+00 
 1.76817299e+09 -1.61434773e+01 -4.57293450e+00 
 1.80894658e+09 -1.61742983e+01 -4.32859856e+00 
 1.85066040e+09 -1.62021764e+01 -4.08468157e+00 
 1.89333613e+09 -1.62271995e+01 -3.84213155e+00 
 1.93699595e+09 -1.62494632e+01 -3.60184530e+00 
 1.98166255e+09 -1.62690700e+01 -3.36466482e+00 
 2.02735916e+09 -1.62861282e+01 -3.13137414e+00 
 2.07410951e+09 -1.63007514e+01 -2.90269698e+00 
 2.12193792e+09 -1.63130575e+01 -2.67929488e+00 
 2.17086923e+09 -1.63231680e+01 -2.46176601e+00 
 2.22092889e+09 -1.63312069e+01 -2.25064459e+00 
 2.27214291e+09 -1.63373000e+01 -2.04640084e+00 
 2.32453791e+09 -1.63415740e+01 -1.84944151e+00 
 2.37814113e+09 -1.63441560e+01 -1.66011084e+00 
 2.43298042e+09 -1.63451723e+01 -1.47869207e+00 
 2.48908429e+09 -1.63447482e+01 -1.30540923e+00 
 2.54648190e+09 -1.63430069e+01 -1.14042943e+00 
 2.60520309e+09 -1.63400694e+01 -9.83865298e-01 
 2.66527837e+09 -1.63360533e+01 -8.35777803e-01 
 2.72673897e+09 -1.63310732e+01 -6.96179187e-01 
 2.78961683e+09 -1.63252395e+01 -5.65036104e-01 
 2.85394464e+09 -1.63186583e+01 -4.42272858e-01 
 2.91975583e+09 -1.63114313e+01 -3.27774708e-01 
 2.98708461e+09 -1.63036553e+01 -2.21391211e-01 
 3.05596598e+09 -1.62954220e+01 -1.22939570e-01 
 3.12643573e+09 -1.62868180e+01 -3.22079416e-02 
 3.19853049e+09 -1.62779246e+01  5.10412961e-02 
 3.27228774e+09 -1.62688175e+01  1.27068365e-01 
 3.34774581e+09 -1.62595673e+01  1.96152993e-01 
 3.42494392e+09 -1.62502389e+01  2.58591438e-01 
 3.50392221e+09 -1.62408920e+01  3.14693626e-01 
 3.58472171e+09 -1.62315808e+01  3.64780420e-01 
 3.66738442e+09 -1.62223544e+01  4.09181033e-01 
 3.75195331e+09 -1.62132567e+01  4.48230572e-01 
 3.83847234e+09 -1.62043267e+01  4.82267728e-01 
 3.92698648e+09 -1.61955982e+01  5.11632616e-01 
 4.01754173e+09 -1.61871007e+01  5.36664745e-01 
 4.11018515e+09 -1.61788588e+01  5.57701143e-01 
 4.20496491e+09 -1.61708931e+01  5.75074612e-01 
 4.30193027e+09 -1.61632198e+01  5.89112117e-01 
 4.40113162e+09 -1.61558511e+01  6.00133317e-01 
 4.50262052e+09 -1.61487956e+01  6.08449212e-01 
 4.60644974e+09 -1.61420582e+01  6.14360918e-01 
 4.71267322e+09 -1.61356406e+01  6.18158567e-01 
 4.82134619e+09 -1.61295412e+01  6.20120311e-01 
 4.93252513e+09 -1.61237557e+01  6.20511451e-01 
 5.04626783e+09 -1.61182768e+01  6.19583659e-01 
 5.16263340e+09 -1.61130951e+01  6.17574320e-01 
 5.28168234e+09 -1.61081986e+01  6.14705956e-01 
 5.40347650e+09 -1.61035734e+01  6.11185767e-01 
 5.52807921e+09 -1.60992038e+01  6.07205248e-01 
 5.65555523e+09 -1.60950724e+01  6.02939910e-01 
 5.78597080e+09 -1.60911605e+01  5.98549080e-01 
 5.91939372e+09 -1.60874479e+01  5.94175792e-01 
 6.05589334e+09 -1.60839137e+01  5.89946753e-01 
 6.19554061e+09 -1.60805360e+01  5.85972397e-01 
 6.33840810e+09 -1.60772923e+01  5.82347003e-01 
 6.48457008e+09 -1.60741596e+01  5.79148898e-01 
 6.63410251e+09 -1.60711148e+01  5.76440714e-01 
 6.78708313e+09 -1.60681344e+01  5.74269728e-01 
 6.94359143e+09 -1.60651951e+01  5.72668243e-01 
 7.10370877e+09 -1.60622739e+01  5.71654045e-01 
 7.26751838e+09 -1.60593480e+01  5.71230897e-01 
 7.43510539e+09 -1.60563951e+01  5.71389097e-01 
 7.60655691e+09 -1.60533936e+01  5.72106062e-01 
 7.78196206e+09 -1.60503224e+01  5.73346969e-01 
 7.96141200e+09 -1.60471615e+01  5.75065413e-01 
 8.14500001e+09 -1.60438918e+01  5.77204109e-01 
 8.33282151e+09 -1.60404949e+01  5.79695604e-01 
 8.52497412e+09 -1.60369539e+01  5.82463017e-01 
 8.72155772e+09 -1.60332529e+01  5.85420789e-01 
 8.92267449e+09 -1.60293772e+01  5.88475443e-01 
 9.12842895e+09 -1.60253134e+01  5.91526340e-01 
 9.33892805e+09 -1.60210494e+01  5.94466447e-01 
 9.55428121e+09 -1.60165745e+01  5.97183091e-01 
 9.77460036e+09 -1.60118793e+01  5.99558700e-01 
 1.00000000e+10 -1.60069559e+01  6.01471543e-01 
