 v-sweep         Vout           
-4.95000000e-03  3.68565490e-01 
-4.94985000e-03  3.68959827e-01 
-4.94970000e-03  3.69355141e-01 
-4.94955000e-03  3.69751308e-01 
-4.94940000e-03  3.70148211e-01 
-4.94925000e-03  3.70546824e-01 
-4.94910000e-03  3.70945073e-01 
-4.94895000e-03  3.71344226e-01 
-4.94880000e-03  3.71744479e-01 
-4.94865000e-03  3.72144811e-01 
-4.94850000e-03  3.72546098e-01 
-4.94835000e-03  3.72947965e-01 
-4.94820000e-03  3.73351193e-01 
-4.94805000e-03  3.73755175e-01 
-4.94790000e-03  3.74159331e-01 
-4.94775000e-03  3.74564048e-01 
-4.94760000e-03  3.74969471e-01 
-4.94745000e-03  3.75376482e-01 
-4.94730000e-03  3.75782676e-01 
-4.94715000e-03  3.76191077e-01 
-4.94700000e-03  3.76599111e-01 
-4.94685000e-03  3.77008403e-01 
-4.94670000e-03  3.77418059e-01 
-4.94655000e-03  3.77828005e-01 
-4.94640000e-03  3.78239279e-01 
-4.94625000e-03  3.78650788e-01 
-4.94610000e-03  3.79063277e-01 
-4.94595000e-03  3.79475666e-01 
-4.94580000e-03  3.79889037e-01 
-4.94565000e-03  3.80304011e-01 
-4.94550000e-03  3.80718424e-01 
-4.94535000e-03  3.81133124e-01 
-4.94520000e-03  3.81549034e-01 
-4.94505000e-03  3.81965910e-01 
-4.94490000e-03  3.82383588e-01 
-4.94475000e-03  3.82801260e-01 
-4.94460000e-03  3.83220383e-01 
-4.94445000e-03  3.83638628e-01 
-4.94430000e-03  3.84058255e-01 
-4.94415000e-03  3.84478485e-01 
-4.94400000e-03  3.84899427e-01 
-4.94385000e-03  3.85320161e-01 
-4.94370000e-03  3.85742511e-01 
-4.94355000e-03  3.86165440e-01 
-4.94340000e-03  3.86588327e-01 
-4.94325000e-03  3.87012054e-01 
-4.94310000e-03  3.87436185e-01 
-4.94295000e-03  3.87861051e-01 
-4.94280000e-03  3.88286321e-01 
-4.94265000e-03  3.88712179e-01 
-4.94250000e-03  3.89138619e-01 
-4.94235000e-03  3.89565514e-01 
-4.94220000e-03  3.89992963e-01 
-4.94205000e-03  3.90420942e-01 
-4.94190000e-03  3.90849489e-01 
-4.94175000e-03  3.91278483e-01 
-4.94160000e-03  3.91708004e-01 
-4.94145000e-03  3.92138132e-01 
-4.94130000e-03  3.92568657e-01 
-4.94115000e-03  3.92999687e-01 
-4.94100000e-03  3.93431202e-01 
-4.94085000e-03  3.93863358e-01 
-4.94070000e-03  3.94295845e-01 
-4.94055000e-03  3.94728857e-01 
-4.94040000e-03  3.95162431e-01 
-4.94025000e-03  3.95596364e-01 
-4.94010000e-03  3.96030823e-01 
-4.93995000e-03  3.96465775e-01 
-4.93980000e-03  3.96901768e-01 
-4.93965000e-03  3.97337864e-01 
-4.93950000e-03  3.97774018e-01 
-4.93935000e-03  3.98211030e-01 
-4.93920000e-03  3.98648644e-01 
-4.93905000e-03  3.99085695e-01 
-4.93890000e-03  3.99523594e-01 
-4.93875000e-03  3.99962432e-01 
-4.93860000e-03  4.00402462e-01 
-4.93845000e-03  4.00841316e-01 
-4.93830000e-03  4.01281688e-01 
-4.93815000e-03  4.01721806e-01 
-4.93800000e-03  4.02162192e-01 
-4.93785000e-03  4.02603594e-01 
-4.93770000e-03  4.03045240e-01 
-4.93755000e-03  4.03487801e-01 
-4.93740000e-03  4.03929970e-01 
-4.93725000e-03  4.04373141e-01 
-4.93710000e-03  4.04816229e-01 
-4.93695000e-03  4.05260575e-01 
-4.93680000e-03  4.05704283e-01 
-4.93665000e-03  4.06148612e-01 
-4.93650000e-03  4.06594103e-01 
-4.93635000e-03  4.07039628e-01 
-4.93620000e-03  4.07485337e-01 
-4.93605000e-03  4.07931409e-01 
-4.93590000e-03  4.08378391e-01 
-4.93575000e-03  4.08825506e-01 
-4.93560000e-03  4.09272753e-01 
-4.93545000e-03  4.09720909e-01 
-4.93530000e-03  4.10168025e-01 
-4.93515000e-03  4.10616981e-01 
-4.93500000e-03  4.11065921e-01 
-4.93485000e-03  4.11515497e-01 
-4.93470000e-03  4.11965260e-01 
-4.93455000e-03  4.12415062e-01 
-4.93440000e-03  4.12865269e-01 
-4.93425000e-03  4.13315796e-01 
-4.93410000e-03  4.13766846e-01 
-4.93395000e-03  4.14218046e-01 
-4.93380000e-03  4.14670216e-01 
-4.93365000e-03  4.15121864e-01 
-4.93350000e-03  4.15574440e-01 
-4.93335000e-03  4.16027542e-01 
-4.93320000e-03  4.16480813e-01 
-4.93305000e-03  4.16934132e-01 
-4.93290000e-03  4.17387767e-01 
-4.93275000e-03  4.17841839e-01 
-4.93260000e-03  4.18296690e-01 
-4.93245000e-03  4.18751153e-01 
-4.93230000e-03  4.19206271e-01 
-4.93215000e-03  4.19662041e-01 
-4.93200000e-03  4.20118085e-01 
-4.93185000e-03  4.20574965e-01 
-4.93170000e-03  4.21031254e-01 
-4.93155000e-03  4.21487260e-01 
-4.93140000e-03  4.21944599e-01 
-4.93125000e-03  4.22401552e-01 
-4.93110000e-03  4.22859761e-01 
-4.93095000e-03  4.23317785e-01 
-4.93080000e-03  4.23777073e-01 
-4.93065000e-03  4.24234867e-01 
-4.93050000e-03  4.24693450e-01 
-4.93035000e-03  4.25152594e-01 
-4.93020000e-03  4.25612530e-01 
-4.93005000e-03  4.26072374e-01 
-4.92990000e-03  4.26532732e-01 
-4.92975000e-03  4.26992755e-01 
-4.92960000e-03  4.27453955e-01 
-4.92945000e-03  4.27914937e-01 
-4.92930000e-03  4.28376028e-01 
-4.92915000e-03  4.28837369e-01 
-4.92900000e-03  4.29299633e-01 
-4.92885000e-03  4.29761776e-01 
-4.92870000e-03  4.30223934e-01 
-4.92855000e-03  4.30686941e-01 
-4.92840000e-03  4.31150033e-01 
-4.92825000e-03  4.31613493e-01 
-4.92810000e-03  4.32077707e-01 
-4.92795000e-03  4.32541316e-01 
-4.92780000e-03  4.33005194e-01 
-4.92765000e-03  4.33469325e-01 
-4.92750000e-03  4.33933602e-01 
-4.92735000e-03  4.34398885e-01 
-4.92720000e-03  4.34864648e-01 
-4.92705000e-03  4.35329914e-01 
-4.92690000e-03  4.35795819e-01 
-4.92675000e-03  4.36261160e-01 
-4.92660000e-03  4.36727316e-01 
-4.92645000e-03  4.37193911e-01 
-4.92630000e-03  4.37660686e-01 
-4.92615000e-03  4.38127299e-01 
-4.92600000e-03  4.38594760e-01 
-4.92585000e-03  4.39062274e-01 
-4.92570000e-03  4.39529958e-01 
-4.92555000e-03  4.39997575e-01 
-4.92540000e-03  4.40466102e-01 
-4.92525000e-03  4.40934421e-01 
-4.92510000e-03  4.41403360e-01 
-4.92495000e-03  4.41872882e-01 
-4.92480000e-03  4.42341745e-01 
-4.92465000e-03  4.42811406e-01 
-4.92450000e-03  4.43280471e-01 
-4.92435000e-03  4.43750706e-01 
-4.92420000e-03  4.44221254e-01 
-4.92405000e-03  4.44690936e-01 
-4.92390000e-03  4.45161928e-01 
-4.92375000e-03  4.45631947e-01 
-4.92360000e-03  4.46102950e-01 
-4.92345000e-03  4.46574335e-01 
-4.92330000e-03  4.47046304e-01 
-4.92315000e-03  4.47518397e-01 
-4.92300000e-03  4.47990225e-01 
-4.92285000e-03  4.48461857e-01 
-4.92270000e-03  4.48935130e-01 
-4.92255000e-03  4.49407824e-01 
-4.92240000e-03  4.49880704e-01 
-4.92225000e-03  4.50353042e-01 
-4.92210000e-03  4.50826751e-01 
-4.92195000e-03  4.51299926e-01 
-4.92180000e-03  4.51773831e-01 
-4.92165000e-03  4.52247515e-01 
-4.92150000e-03  4.52721670e-01 
-4.92135000e-03  4.53196045e-01 
-4.92120000e-03  4.53670536e-01 
-4.92105000e-03  4.54145797e-01 
-4.92090000e-03  4.54620323e-01 
-4.92075000e-03  4.55095178e-01 
-4.92060000e-03  4.55570566e-01 
-4.92045000e-03  4.56046597e-01 
-4.92030000e-03  4.56522143e-01 
-4.92015000e-03  4.56998086e-01 
-4.92000000e-03  4.57474176e-01 
-4.91985000e-03  4.57950456e-01 
-4.91970000e-03  4.58427061e-01 
-4.91955000e-03  4.58903610e-01 
-4.91940000e-03  4.59380525e-01 
-4.91925000e-03  4.59858232e-01 
-4.91910000e-03  4.60335768e-01 
-4.91895000e-03  4.60812988e-01 
-4.91880000e-03  4.61290096e-01 
-4.91865000e-03  4.61767732e-01 
-4.91850000e-03  4.62245891e-01 
-4.91835000e-03  4.62724465e-01 
-4.91820000e-03  4.63203310e-01 
-4.91805000e-03  4.63682158e-01 
-4.91790000e-03  4.64161275e-01 
-4.91775000e-03  4.64640049e-01 
-4.91760000e-03  4.65119868e-01 
-4.91745000e-03  4.65599271e-01 
-4.91730000e-03  4.66078643e-01 
-4.91715000e-03  4.66558413e-01 
-4.91700000e-03  4.67038717e-01 
-4.91685000e-03  4.67517734e-01 
-4.91670000e-03  4.67997803e-01 
-4.91655000e-03  4.68478371e-01 
-4.91640000e-03  4.68959263e-01 
-4.91625000e-03  4.69439642e-01 
-4.91610000e-03  4.69921370e-01 
-4.91595000e-03  4.70401859e-01 
-4.91580000e-03  4.70883304e-01 
-4.91565000e-03  4.71365014e-01 
-4.91550000e-03  4.71846446e-01 
-4.91535000e-03  4.72328137e-01 
-4.91520000e-03  4.72809959e-01 
-4.91505000e-03  4.73292642e-01 
-4.91490000e-03  4.73774950e-01 
-4.91475000e-03  4.74257195e-01 
-4.91460000e-03  4.74739658e-01 
-4.91445000e-03  4.75222427e-01 
-4.91430000e-03  4.75706338e-01 
-4.91415000e-03  4.76189300e-01 
-4.91400000e-03  4.76672379e-01 
-4.91385000e-03  4.77155758e-01 
-4.91370000e-03  4.77639703e-01 
-4.91355000e-03  4.78122900e-01 
-4.91340000e-03  4.78606975e-01 
-4.91325000e-03  4.79091298e-01 
-4.91310000e-03  4.79575691e-01 
-4.91295000e-03  4.80059636e-01 
-4.91280000e-03  4.80544852e-01 
-4.91265000e-03  4.81029426e-01 
-4.91250000e-03  4.81514002e-01 
-4.91235000e-03  4.81998875e-01 
-4.91220000e-03  4.82484387e-01 
-4.91205000e-03  4.82968567e-01 
-4.91190000e-03  4.83454278e-01 
-4.91175000e-03  4.83940042e-01 
-4.91160000e-03  4.84425921e-01 
-4.91145000e-03  4.84911466e-01 
-4.91130000e-03  4.85397378e-01 
-4.91115000e-03  4.85883881e-01 
-4.91100000e-03  4.86370824e-01 
-4.91085000e-03  4.86857724e-01 
-4.91070000e-03  4.87343836e-01 
-4.91055000e-03  4.87830527e-01 
-4.91040000e-03  4.88317572e-01 
-4.91025000e-03  4.88804300e-01 
-4.91010000e-03  4.89291808e-01 
-4.90995000e-03  4.89779119e-01 
-4.90980000e-03  4.90267304e-01 
-4.90965000e-03  4.90754742e-01 
-4.90950000e-03  4.91242726e-01 
-4.90935000e-03  4.91730004e-01 
-4.90920000e-03  4.92218491e-01 
-4.90905000e-03  4.92707260e-01 
-4.90890000e-03  4.93194719e-01 
-4.90875000e-03  4.93683664e-01 
-4.90860000e-03  4.94171579e-01 
-4.90845000e-03  4.94660759e-01 
-4.90830000e-03  4.95149345e-01 
-4.90815000e-03  4.95637902e-01 
-4.90800000e-03  4.96126866e-01 
-4.90785000e-03  4.96615528e-01 
-4.90770000e-03  4.97105282e-01 
-4.90755000e-03  4.97595296e-01 
-4.90740000e-03  4.98084008e-01 
-4.90725000e-03  4.98573639e-01 
-4.90710000e-03  4.99064234e-01 
-4.90695000e-03  4.99553914e-01 
-4.90680000e-03  5.00043613e-01 
-4.90665000e-03  5.00534046e-01 
-4.90650000e-03  5.01024952e-01 
-4.90635000e-03  5.01514682e-01 
-4.90620000e-03  5.02005673e-01 
-4.90605000e-03  5.02496088e-01 
-4.90590000e-03  5.02987260e-01 
-4.90575000e-03  5.03477920e-01 
-4.90560000e-03  5.03969136e-01 
-4.90545000e-03  5.04460327e-01 
-4.90530000e-03  5.04951625e-01 
-4.90515000e-03  5.05442370e-01 
-4.90500000e-03  5.05934249e-01 
-4.90485000e-03  5.06425820e-01 
-4.90470000e-03  5.06917508e-01 
-4.90455000e-03  5.07409415e-01 
-4.90440000e-03  5.07901930e-01 
-4.90425000e-03  5.08393154e-01 
-4.90410000e-03  5.08885746e-01 
-4.90395000e-03  5.09377811e-01 
-4.90380000e-03  5.09870411e-01 
-4.90365000e-03  5.10362788e-01 
-4.90350000e-03  5.10855353e-01 
-4.90335000e-03  5.11348080e-01 
-4.90320000e-03  5.11841018e-01 
-4.90305000e-03  5.12334448e-01 
-4.90290000e-03  5.12827094e-01 
-4.90275000e-03  5.13320572e-01 
-4.90260000e-03  5.13813507e-01 
-4.90245000e-03  5.14306959e-01 
-4.90230000e-03  5.14799773e-01 
-4.90215000e-03  5.15294343e-01 
-4.90200000e-03  5.15787362e-01 
-4.90185000e-03  5.16281394e-01 
-4.90170000e-03  5.16775762e-01 
-4.90155000e-03  5.17269298e-01 
-4.90140000e-03  5.17763471e-01 
-4.90125000e-03  5.18257520e-01 
-4.90110000e-03  5.18751800e-01 
-4.90095000e-03  5.19246089e-01 
-4.90080000e-03  5.19740990e-01 
-4.90065000e-03  5.20235924e-01 
-4.90050000e-03  5.20730810e-01 
-4.90035000e-03  5.21225288e-01 
-4.90020000e-03  5.21720124e-01 
-4.90005000e-03  5.22215059e-01 
-4.89990000e-03  5.22709895e-01 
-4.89975000e-03  5.23204957e-01 
-4.89960000e-03  5.23700712e-01 
-4.89945000e-03  5.24194997e-01 
-4.89930000e-03  5.24690152e-01 
-4.89915000e-03  5.25185570e-01 
-4.89900000e-03  5.25681143e-01 
-4.89885000e-03  5.26177191e-01 
-4.89870000e-03  5.26673197e-01 
-4.89855000e-03  5.27168679e-01 
-4.89840000e-03  5.27664097e-01 
-4.89825000e-03  5.28160162e-01 
-4.89810000e-03  5.28656075e-01 
-4.89795000e-03  5.29152280e-01 
-4.89780000e-03  5.29648295e-01 
-4.89765000e-03  5.30145753e-01 
-4.89750000e-03  5.30642541e-01 
-4.89735000e-03  5.31138652e-01 
-4.89720000e-03  5.31635327e-01 
-4.89705000e-03  5.32132257e-01 
-4.89690000e-03  5.32628743e-01 
-4.89675000e-03  5.33125482e-01 
-4.89660000e-03  5.33622728e-01 
-4.89645000e-03  5.34119336e-01 
-4.89630000e-03  5.34616401e-01 
-4.89615000e-03  5.35113834e-01 
-4.89600000e-03  5.35610652e-01 
-4.89585000e-03  5.36107897e-01 
-4.89570000e-03  5.36605763e-01 
-4.89555000e-03  5.37102621e-01 
-4.89540000e-03  5.37600808e-01 
-4.89525000e-03  5.38098419e-01 
-4.89510000e-03  5.38595764e-01 
-4.89495000e-03  5.39093388e-01 
-4.89480000e-03  5.39590992e-01 
-4.89465000e-03  5.40089257e-01 
-4.89450000e-03  5.40587334e-01 
-4.89435000e-03  5.41085549e-01 
-4.89420000e-03  5.41583319e-01 
-4.89405000e-03  5.42082519e-01 
-4.89390000e-03  5.42580451e-01 
-4.89375000e-03  5.43078517e-01 
-4.89360000e-03  5.43576205e-01 
-4.89345000e-03  5.44075264e-01 
-4.89330000e-03  5.44573063e-01 
-4.89315000e-03  5.45071649e-01 
-4.89300000e-03  5.45569933e-01 
-4.89285000e-03  5.46068459e-01 
-4.89270000e-03  5.46568065e-01 
-4.89255000e-03  5.47066727e-01 
-4.89240000e-03  5.47565848e-01 
-4.89225000e-03  5.48064282e-01 
-4.89210000e-03  5.48563822e-01 
-4.89195000e-03  5.49062218e-01 
-4.89180000e-03  5.49561849e-01 
-4.89165000e-03  5.50061015e-01 
-4.89150000e-03  5.50559902e-01 
-4.89135000e-03  5.51059557e-01 
-4.89120000e-03  5.51558805e-01 
-4.89105000e-03  5.52057874e-01 
-4.89090000e-03  5.52557780e-01 
-4.89075000e-03  5.53057176e-01 
-4.89060000e-03  5.53556969e-01 
-4.89045000e-03  5.54056759e-01 
-4.89030000e-03  5.54556364e-01 
-4.89015000e-03  5.55055738e-01 
-4.89000000e-03  5.55554643e-01 
-4.88985000e-03  5.56054561e-01 
-4.88970000e-03  5.56555132e-01 
-4.88955000e-03  5.57055397e-01 
-4.88940000e-03  5.57554740e-01 
-4.88925000e-03  5.58055256e-01 
-4.88910000e-03  5.58555151e-01 
-4.88895000e-03  5.59055491e-01 
-4.88880000e-03  5.59555771e-01 
-4.88865000e-03  5.60055422e-01 
-4.88850000e-03  5.60556023e-01 
-4.88835000e-03  5.61056263e-01 
-4.88820000e-03  5.61556820e-01 
-4.88805000e-03  5.62057805e-01 
-4.88790000e-03  5.62557935e-01 
-4.88775000e-03  5.63057577e-01 
-4.88760000e-03  5.63558630e-01 
-4.88745000e-03  5.64058903e-01 
-4.88730000e-03  5.64559739e-01 
-4.88715000e-03  5.65060342e-01 
-4.88700000e-03  5.65561171e-01 
-4.88685000e-03  5.66061824e-01 
-4.88670000e-03  5.66562749e-01 
-4.88655000e-03  5.67063452e-01 
-4.88640000e-03  5.67564336e-01 
-4.88625000e-03  5.68065172e-01 
-4.88610000e-03  5.68566910e-01 
-4.88595000e-03  5.69067341e-01 
-4.88580000e-03  5.69568555e-01 
-4.88565000e-03  5.70069437e-01 
-4.88550000e-03  5.70569993e-01 
-4.88535000e-03  5.71070823e-01 
-4.88520000e-03  5.71571956e-01 
-4.88505000e-03  5.72073233e-01 
-4.88490000e-03  5.72574223e-01 
-4.88475000e-03  5.73075550e-01 
-4.88460000e-03  5.73576685e-01 
-4.88445000e-03  5.74078622e-01 
-4.88430000e-03  5.74579497e-01 
-4.88415000e-03  5.75080971e-01 
-4.88400000e-03  5.75581689e-01 
-4.88385000e-03  5.76083295e-01 
-4.88370000e-03  5.76585096e-01 
-4.88355000e-03  5.77086176e-01 
-4.88340000e-03  5.77587263e-01 
-4.88325000e-03  5.78088856e-01 
-4.88310000e-03  5.78590805e-01 
-4.88295000e-03  5.79092047e-01 
-4.88280000e-03  5.79594282e-01 
-4.88265000e-03  5.80095969e-01 
-4.88250000e-03  5.80596782e-01 
-4.88235000e-03  5.81098119e-01 
-4.88220000e-03  5.81599774e-01 
-4.88205000e-03  5.82101880e-01 
-4.88190000e-03  5.82603147e-01 
-4.88175000e-03  5.83104412e-01 
-4.88160000e-03  5.83606772e-01 
-4.88145000e-03  5.84108603e-01 
-4.88130000e-03  5.84609637e-01 
-4.88115000e-03  5.85110948e-01 
-4.88100000e-03  5.85613453e-01 
-4.88085000e-03  5.86115224e-01 
-4.88070000e-03  5.86616908e-01 
-4.88055000e-03  5.87118650e-01 
-4.88040000e-03  5.87620303e-01 
-4.88025000e-03  5.88122096e-01 
-4.88010000e-03  5.88623705e-01 
-4.87995000e-03  5.89126117e-01 
-4.87980000e-03  5.89627470e-01 
-4.87965000e-03  5.90130079e-01 
-4.87950000e-03  5.90631290e-01 
-4.87935000e-03  5.91133352e-01 
-4.87920000e-03  5.91634949e-01 
-4.87905000e-03  5.92136807e-01 
-4.87890000e-03  5.92638587e-01 
-4.87875000e-03  5.93140891e-01 
-4.87860000e-03  5.93642376e-01 
-4.87845000e-03  5.94144890e-01 
-4.87830000e-03  5.94645650e-01 
-4.87815000e-03  5.95148474e-01 
-4.87800000e-03  5.95650446e-01 
-4.87785000e-03  5.96152683e-01 
-4.87770000e-03  5.96654089e-01 
-4.87755000e-03  5.97156105e-01 
-4.87740000e-03  5.97657736e-01 
-4.87725000e-03  5.98159564e-01 
-4.87710000e-03  5.98661181e-01 
-4.87695000e-03  5.99163719e-01 
-4.87680000e-03  5.99664910e-01 
-4.87665000e-03  6.00167558e-01 
-4.87650000e-03  6.00669294e-01 
-4.87635000e-03  6.01171144e-01 
-4.87620000e-03  6.01673302e-01 
-4.87605000e-03  6.02174758e-01 
-4.87590000e-03  6.02676671e-01 
-4.87575000e-03  6.03178814e-01 
-4.87560000e-03  6.03680153e-01 
-4.87545000e-03  6.04182536e-01 
-4.87530000e-03  6.04683831e-01 
-4.87515000e-03  6.05185604e-01 
-4.87500000e-03  6.05687711e-01 
-4.87485000e-03  6.06189162e-01 
-4.87470000e-03  6.06691430e-01 
-4.87455000e-03  6.07193182e-01 
-4.87440000e-03  6.07694599e-01 
-4.87425000e-03  6.08196292e-01 
-4.87410000e-03  6.08698263e-01 
-4.87395000e-03  6.09200008e-01 
-4.87380000e-03  6.09701357e-01 
-4.87365000e-03  6.10202977e-01 
-4.87350000e-03  6.10705526e-01 
-4.87335000e-03  6.11206984e-01 
-4.87320000e-03  6.11707777e-01 
-4.87305000e-03  6.12209498e-01 
-4.87290000e-03  6.12710609e-01 
-4.87275000e-03  6.13212641e-01 
-4.87260000e-03  6.13714873e-01 
-4.87245000e-03  6.14215521e-01 
-4.87230000e-03  6.14717118e-01 
-4.87215000e-03  6.15218822e-01 
-4.87200000e-03  6.15720382e-01 
-4.87185000e-03  6.16221986e-01 
-4.87170000e-03  6.16723377e-01 
-4.87155000e-03  6.17224422e-01 
-4.87140000e-03  6.17725538e-01 
-4.87125000e-03  6.18227188e-01 
-4.87110000e-03  6.18728444e-01 
-4.87095000e-03  6.19228777e-01 
-4.87080000e-03  6.19730666e-01 
-4.87065000e-03  6.20232920e-01 
-4.87050000e-03  6.20733786e-01 
-4.87035000e-03  6.21234667e-01 
-4.87020000e-03  6.21735371e-01 
-4.87005000e-03  6.22236838e-01 
-4.86990000e-03  6.22738469e-01 
-4.86975000e-03  6.23238689e-01 
-4.86960000e-03  6.23739685e-01 
-4.86945000e-03  6.24240204e-01 
-4.86930000e-03  6.24741490e-01 
-4.86915000e-03  6.25242219e-01 
-4.86900000e-03  6.25743318e-01 
-4.86885000e-03  6.26244124e-01 
-4.86870000e-03  6.26744329e-01 
-4.86855000e-03  6.27245455e-01 
-4.86840000e-03  6.27745571e-01 
-4.86825000e-03  6.28246590e-01 
-4.86810000e-03  6.28746421e-01 
-4.86795000e-03  6.29247499e-01 
-4.86780000e-03  6.29747281e-01 
-4.86765000e-03  6.30248801e-01 
-4.86750000e-03  6.30748727e-01 
-4.86735000e-03  6.31249412e-01 
-4.86720000e-03  6.31749741e-01 
-4.86705000e-03  6.32250118e-01 
-4.86690000e-03  6.32750330e-01 
-4.86675000e-03  6.33250070e-01 
-4.86660000e-03  6.33750512e-01 
-4.86645000e-03  6.34251075e-01 
-4.86630000e-03  6.34750975e-01 
-4.86615000e-03  6.35250556e-01 
-4.86600000e-03  6.35750197e-01 
-4.86585000e-03  6.36250889e-01 
-4.86570000e-03  6.36750369e-01 
-4.86555000e-03  6.37249823e-01 
-4.86540000e-03  6.37749794e-01 
-4.86525000e-03  6.38249286e-01 
-4.86510000e-03  6.38749262e-01 
-4.86495000e-03  6.39248016e-01 
-4.86480000e-03  6.39748569e-01 
-4.86465000e-03  6.40247473e-01 
-4.86450000e-03  6.40746655e-01 
-4.86435000e-03  6.41246159e-01 
-4.86420000e-03  6.41746002e-01 
-4.86405000e-03  6.42244989e-01 
-4.86390000e-03  6.42743039e-01 
-4.86375000e-03  6.43243403e-01 
-4.86360000e-03  6.43741677e-01 
-4.86345000e-03  6.44241176e-01 
-4.86330000e-03  6.44739781e-01 
-4.86315000e-03  6.45239393e-01 
-4.86300000e-03  6.45737767e-01 
-4.86285000e-03  6.46236169e-01 
-4.86270000e-03  6.46734894e-01 
-4.86255000e-03  6.47233416e-01 
-4.86240000e-03  6.47732086e-01 
-4.86225000e-03  6.48229836e-01 
-4.86210000e-03  6.48728508e-01 
-4.86195000e-03  6.49227247e-01 
-4.86180000e-03  6.49725276e-01 
-4.86165000e-03  6.50223563e-01 
-4.86150000e-03  6.50721595e-01 
-4.86135000e-03  6.51219673e-01 
-4.86120000e-03  6.51717502e-01 
-4.86105000e-03  6.52216081e-01 
-4.86090000e-03  6.52713357e-01 
-4.86075000e-03  6.53210886e-01 
-4.86060000e-03  6.53708525e-01 
-4.86045000e-03  6.54206105e-01 
-4.86030000e-03  6.54703629e-01 
-4.86015000e-03  6.55200313e-01 
-4.86000000e-03  6.55698015e-01 
-4.85985000e-03  6.56195096e-01 
-4.85970000e-03  6.56692909e-01 
-4.85955000e-03  6.57190193e-01 
-4.85940000e-03  6.57686457e-01 
-4.85925000e-03  6.58184451e-01 
-4.85910000e-03  6.58681245e-01 
-4.85895000e-03  6.59177409e-01 
-4.85880000e-03  6.59674328e-01 
-4.85865000e-03  6.60170827e-01 
-4.85850000e-03  6.60667977e-01 
-4.85835000e-03  6.61163962e-01 
-4.85820000e-03  6.61659800e-01 
-4.85805000e-03  6.62156291e-01 
-4.85790000e-03  6.62652268e-01 
-4.85775000e-03  6.63147758e-01 
-4.85760000e-03  6.63644739e-01 
-4.85745000e-03  6.64141173e-01 
-4.85730000e-03  6.64635966e-01 
-4.85715000e-03  6.65131553e-01 
-4.85700000e-03  6.65628475e-01 
-4.85685000e-03  6.66123147e-01 
-4.85670000e-03  6.66618917e-01 
-4.85655000e-03  6.67112898e-01 
-4.85640000e-03  6.67609473e-01 
-4.85625000e-03  6.68104307e-01 
-4.85610000e-03  6.68599413e-01 
-4.85595000e-03  6.69094359e-01 
-4.85580000e-03  6.69589050e-01 
-4.85565000e-03  6.70083812e-01 
-4.85550000e-03  6.70579128e-01 
-4.85535000e-03  6.71073184e-01 
-4.85520000e-03  6.71567129e-01 
-4.85505000e-03  6.72061674e-01 
-4.85490000e-03  6.72555835e-01 
-4.85475000e-03  6.73049939e-01 
-4.85460000e-03  6.73544511e-01 
-4.85445000e-03  6.74037398e-01 
-4.85430000e-03  6.74531831e-01 
-4.85415000e-03  6.75025086e-01 
-4.85400000e-03  6.75519472e-01 
-4.85385000e-03  6.76013775e-01 
-4.85370000e-03  6.76506619e-01 
-4.85355000e-03  6.76999520e-01 
-4.85340000e-03  6.77492740e-01 
-4.85325000e-03  6.77985820e-01 
-4.85310000e-03  6.78478618e-01 
-4.85295000e-03  6.78971558e-01 
-4.85280000e-03  6.79464789e-01 
-4.85265000e-03  6.79957683e-01 
-4.85250000e-03  6.80450500e-01 
-4.85235000e-03  6.80942610e-01 
-4.85220000e-03  6.81435019e-01 
-4.85205000e-03  6.81927062e-01 
-4.85190000e-03  6.82419122e-01 
-4.85175000e-03  6.82911660e-01 
-4.85160000e-03  6.83402394e-01 
-4.85145000e-03  6.83894591e-01 
-4.85130000e-03  6.84386415e-01 
-4.85115000e-03  6.84877238e-01 
-4.85100000e-03  6.85368783e-01 
-4.85085000e-03  6.85860380e-01 
-4.85070000e-03  6.86352460e-01 
-4.85055000e-03  6.86842839e-01 
-4.85040000e-03  6.87333315e-01 
-4.85025000e-03  6.87824215e-01 
-4.85010000e-03  6.88315356e-01 
-4.84995000e-03  6.88805399e-01 
-4.84980000e-03  6.89295926e-01 
-4.84965000e-03  6.89785516e-01 
-4.84950000e-03  6.90276508e-01 
-4.84935000e-03  6.90766494e-01 
-4.84920000e-03  6.91256269e-01 
-4.84905000e-03  6.91746734e-01 
-4.84890000e-03  6.92235817e-01 
-4.84875000e-03  6.92725515e-01 
-4.84860000e-03  6.93215397e-01 
-4.84845000e-03  6.93704263e-01 
-4.84830000e-03  6.94192755e-01 
-4.84815000e-03  6.94682647e-01 
-4.84800000e-03  6.95171569e-01 
-4.84785000e-03  6.95660162e-01 
-4.84770000e-03  6.96148651e-01 
-4.84755000e-03  6.96636551e-01 
-4.84740000e-03  6.97126327e-01 
-4.84725000e-03  6.97614059e-01 
-4.84710000e-03  6.98102277e-01 
-4.84695000e-03  6.98590700e-01 
-4.84680000e-03  6.99077515e-01 
-4.84665000e-03  6.99564935e-01 
-4.84650000e-03  7.00053784e-01 
-4.84635000e-03  7.00540890e-01 
-4.84620000e-03  7.01028188e-01 
-4.84605000e-03  7.01515164e-01 
-4.84590000e-03  7.02002128e-01 
-4.84575000e-03  7.02489419e-01 
-4.84560000e-03  7.02976281e-01 
-4.84545000e-03  7.03462609e-01 
-4.84530000e-03  7.03949075e-01 
-4.84515000e-03  7.04435753e-01 
-4.84500000e-03  7.04921587e-01 
-4.84485000e-03  7.05407639e-01 
-4.84470000e-03  7.05894483e-01 
-4.84455000e-03  7.06378883e-01 
-4.84440000e-03  7.06865012e-01 
-4.84425000e-03  7.07350665e-01 
-4.84410000e-03  7.07835668e-01 
-4.84395000e-03  7.08321914e-01 
-4.84380000e-03  7.08806253e-01 
-4.84365000e-03  7.09290647e-01 
-4.84350000e-03  7.09776057e-01 
-4.84335000e-03  7.10260558e-01 
-4.84320000e-03  7.10744912e-01 
-4.84305000e-03  7.11229557e-01 
-4.84290000e-03  7.11713905e-01 
-4.84275000e-03  7.12197576e-01 
-4.84260000e-03  7.12681372e-01 
-4.84245000e-03  7.13165417e-01 
-4.84230000e-03  7.13649020e-01 
-4.84215000e-03  7.14132221e-01 
-4.84200000e-03  7.14615282e-01 
-4.84185000e-03  7.15098819e-01 
-4.84170000e-03  7.15582515e-01 
-4.84155000e-03  7.16064553e-01 
-4.84140000e-03  7.16547303e-01 
-4.84125000e-03  7.17029930e-01 
-4.84110000e-03  7.17512598e-01 
-4.84095000e-03  7.17994223e-01 
-4.84080000e-03  7.18476194e-01 
-4.84065000e-03  7.18958434e-01 
-4.84050000e-03  7.19440163e-01 
-4.84035000e-03  7.19921949e-01 
-4.84020000e-03  7.20404091e-01 
-4.84005000e-03  7.20884026e-01 
-4.83990000e-03  7.21365477e-01 
-4.83975000e-03  7.21846998e-01 
-4.83960000e-03  7.22327085e-01 
-4.83945000e-03  7.22807633e-01 
-4.83930000e-03  7.23288255e-01 
-4.83915000e-03  7.23768677e-01 
-4.83900000e-03  7.24248905e-01 
-4.83885000e-03  7.24728998e-01 
-4.83870000e-03  7.25208270e-01 
-4.83855000e-03  7.25688405e-01 
-4.83840000e-03  7.26167170e-01 
-4.83825000e-03  7.26646963e-01 
-4.83810000e-03  7.27125988e-01 
-4.83795000e-03  7.27604643e-01 
-4.83780000e-03  7.28084233e-01 
-4.83765000e-03  7.28562548e-01 
-4.83750000e-03  7.29040849e-01 
-4.83735000e-03  7.29519325e-01 
-4.83720000e-03  7.29997378e-01 
-4.83705000e-03  7.30475478e-01 
-4.83690000e-03  7.30952694e-01 
-4.83675000e-03  7.31431300e-01 
-4.83660000e-03  7.31909417e-01 
-4.83645000e-03  7.32385196e-01 
-4.83630000e-03  7.32862657e-01 
-4.83615000e-03  7.33339317e-01 
-4.83600000e-03  7.33816313e-01 
-4.83585000e-03  7.34292845e-01 
-4.83570000e-03  7.34769224e-01 
-4.83555000e-03  7.35246052e-01 
-4.83540000e-03  7.35721145e-01 
-4.83525000e-03  7.36197661e-01 
-4.83510000e-03  7.36674137e-01 
-4.83495000e-03  7.37149156e-01 
-4.83480000e-03  7.37624187e-01 
-4.83465000e-03  7.38099578e-01 
-4.83450000e-03  7.38573764e-01 
-4.83435000e-03  7.39048910e-01 
-4.83420000e-03  7.39523958e-01 
-4.83405000e-03  7.39998000e-01 
-4.83390000e-03  7.40471772e-01 
-4.83375000e-03  7.40946142e-01 
-4.83360000e-03  7.41419221e-01 
-4.83345000e-03  7.41893831e-01 
-4.83330000e-03  7.42367201e-01 
-4.83315000e-03  7.42840025e-01 
-4.83300000e-03  7.43312691e-01 
-4.83285000e-03  7.43786429e-01 
-4.83270000e-03  7.44259200e-01 
-4.83255000e-03  7.44731681e-01 
-4.83240000e-03  7.45204494e-01 
-4.83225000e-03  7.45676306e-01 
-4.83210000e-03  7.46148435e-01 
-4.83195000e-03  7.46620010e-01 
-4.83180000e-03  7.47091593e-01 
-4.83165000e-03  7.47562813e-01 
-4.83150000e-03  7.48034650e-01 
-4.83135000e-03  7.48505142e-01 
-4.83120000e-03  7.48976033e-01 
-4.83105000e-03  7.49446515e-01 
-4.83090000e-03  7.49917451e-01 
-4.83075000e-03  7.50386626e-01 
-4.83060000e-03  7.50857694e-01 
-4.83045000e-03  7.51327412e-01 
-4.83030000e-03  7.51796863e-01 
-4.83015000e-03  7.52266802e-01 
-4.83000000e-03  7.52735582e-01 
-4.82985000e-03  7.53204673e-01 
-4.82970000e-03  7.53673206e-01 
-4.82955000e-03  7.54142351e-01 
-4.82940000e-03  7.54610351e-01 
-4.82925000e-03  7.55078671e-01 
-4.82910000e-03  7.55546981e-01 
-4.82895000e-03  7.56014405e-01 
-4.82880000e-03  7.56482524e-01 
-4.82865000e-03  7.56949422e-01 
-4.82850000e-03  7.57416677e-01 
-4.82835000e-03  7.57883469e-01 
-4.82820000e-03  7.58350595e-01 
-4.82805000e-03  7.58816759e-01 
-4.82790000e-03  7.59283617e-01 
-4.82775000e-03  7.59749249e-01 
-4.82760000e-03  7.60215725e-01 
-4.82745000e-03  7.60680824e-01 
-4.82730000e-03  7.61147556e-01 
-4.82715000e-03  7.61611915e-01 
-4.82700000e-03  7.62076577e-01 
-4.82685000e-03  7.62541906e-01 
-4.82670000e-03  7.63006623e-01 
-4.82655000e-03  7.63471224e-01 
-4.82640000e-03  7.63935587e-01 
-4.82625000e-03  7.64399146e-01 
-4.82610000e-03  7.64862375e-01 
-4.82595000e-03  7.65326368e-01 
-4.82580000e-03  7.65789106e-01 
-4.82565000e-03  7.66252880e-01 
-4.82550000e-03  7.66716084e-01 
-4.82535000e-03  7.67178185e-01 
-4.82520000e-03  7.67640610e-01 
-4.82505000e-03  7.68103092e-01 
-4.82490000e-03  7.68564611e-01 
-4.82475000e-03  7.69026792e-01 
-4.82460000e-03  7.69488346e-01 
-4.82445000e-03  7.69949288e-01 
-4.82430000e-03  7.70410164e-01 
-4.82415000e-03  7.70871333e-01 
-4.82400000e-03  7.71332007e-01 
-4.82385000e-03  7.71792550e-01 
-4.82370000e-03  7.72252837e-01 
-4.82355000e-03  7.72712384e-01 
-4.82340000e-03  7.73172484e-01 
-4.82325000e-03  7.73631876e-01 
-4.82310000e-03  7.74091264e-01 
-4.82295000e-03  7.74549887e-01 
-4.82280000e-03  7.75008459e-01 
-4.82265000e-03  7.75467863e-01 
-4.82250000e-03  7.75925781e-01 
-4.82235000e-03  7.76384318e-01 
-4.82220000e-03  7.76840923e-01 
-4.82205000e-03  7.77299351e-01 
-4.82190000e-03  7.77756449e-01 
-4.82175000e-03  7.78213302e-01 
-4.82160000e-03  7.78669930e-01 
-4.82145000e-03  7.79126193e-01 
-4.82130000e-03  7.79583036e-01 
-4.82115000e-03  7.80039717e-01 
-4.82100000e-03  7.80495409e-01 
-4.82085000e-03  7.80950887e-01 
-4.82070000e-03  7.81406581e-01 
-4.82055000e-03  7.81861152e-01 
-4.82040000e-03  7.82316631e-01 
-4.82025000e-03  7.82771251e-01 
-4.82010000e-03  7.83225815e-01 
-4.81995000e-03  7.83680125e-01 
-4.81980000e-03  7.84134228e-01 
-4.81965000e-03  7.84588004e-01 
-4.81950000e-03  7.85041598e-01 
-4.81935000e-03  7.85494844e-01 
-4.81920000e-03  7.85947452e-01 
-4.81905000e-03  7.86400493e-01 
-4.81890000e-03  7.86852983e-01 
-4.81875000e-03  7.87304745e-01 
-4.81860000e-03  7.87757149e-01 
-4.81845000e-03  7.88208760e-01 
-4.81830000e-03  7.88659919e-01 
-4.81815000e-03  7.89112069e-01 
-4.81800000e-03  7.89563151e-01 
-4.81785000e-03  7.90013383e-01 
-4.81770000e-03  7.90463636e-01 
-4.81755000e-03  7.90914723e-01 
-4.81740000e-03  7.91364834e-01 
-4.81725000e-03  7.91813481e-01 
-4.81710000e-03  7.92263712e-01 
-4.81695000e-03  7.92712545e-01 
-4.81680000e-03  7.93161767e-01 
-4.81665000e-03  7.93610422e-01 
-4.81650000e-03  7.94058467e-01 
-4.81635000e-03  7.94508003e-01 
-4.81620000e-03  7.94954660e-01 
-4.81605000e-03  7.95402509e-01 
-4.81590000e-03  7.95849976e-01 
-4.81575000e-03  7.96298212e-01 
-4.81560000e-03  7.96744556e-01 
-4.81545000e-03  7.97191032e-01 
-4.81530000e-03  7.97637014e-01 
-4.81515000e-03  7.98083915e-01 
-4.81500000e-03  7.98529305e-01 
-4.81485000e-03  7.98974768e-01 
-4.81470000e-03  7.99420672e-01 
-4.81455000e-03  7.99865961e-01 
-4.81440000e-03  8.00310686e-01 
-4.81425000e-03  8.00754740e-01 
-4.81410000e-03  8.01199248e-01 
-4.81395000e-03  8.01643121e-01 
-4.81380000e-03  8.02086997e-01 
-4.81365000e-03  8.02529823e-01 
-4.81350000e-03  8.02972770e-01 
-4.81335000e-03  8.03416359e-01 
-4.81320000e-03  8.03859305e-01 
-4.81305000e-03  8.04301450e-01 
-4.81290000e-03  8.04743705e-01 
-4.81275000e-03  8.05185009e-01 
-4.81260000e-03  8.05627363e-01 
-4.81245000e-03  8.06068158e-01 
-4.81230000e-03  8.06509487e-01 
-4.81215000e-03  8.06950065e-01 
-4.81200000e-03  8.07390658e-01 
-4.81185000e-03  8.07830744e-01 
-4.81170000e-03  8.08271270e-01 
-4.81155000e-03  8.08710592e-01 
-4.81140000e-03  8.09150646e-01 
-4.81125000e-03  8.09588745e-01 
-4.81110000e-03  8.10028186e-01 
-4.81095000e-03  8.10466900e-01 
-4.81080000e-03  8.10904972e-01 
-4.81065000e-03  8.11343018e-01 
-4.81050000e-03  8.11780745e-01 
-4.81035000e-03  8.12217552e-01 
-4.81020000e-03  8.12655519e-01 
-4.81005000e-03  8.13091943e-01 
-4.80990000e-03  8.13528687e-01 
-4.80975000e-03  8.13965931e-01 
-4.80960000e-03  8.14401357e-01 
-4.80945000e-03  8.14837401e-01 
-4.80930000e-03  8.15272677e-01 
-4.80915000e-03  8.15707788e-01 
-4.80900000e-03  8.16143325e-01 
-4.80885000e-03  8.16577401e-01 
-4.80870000e-03  8.17011984e-01 
-4.80855000e-03  8.17445753e-01 
-4.80840000e-03  8.17879136e-01 
-4.80825000e-03  8.18313208e-01 
-4.80810000e-03  8.18746515e-01 
-4.80795000e-03  8.19179752e-01 
-4.80780000e-03  8.19612116e-01 
-4.80765000e-03  8.20045003e-01 
-4.80750000e-03  8.20477050e-01 
-4.80735000e-03  8.20908201e-01 
-4.80720000e-03  8.21339854e-01 
-4.80705000e-03  8.21771336e-01 
-4.80690000e-03  8.22202357e-01 
-4.80675000e-03  8.22632840e-01 
-4.80660000e-03  8.23063535e-01 
-4.80645000e-03  8.23492579e-01 
-4.80630000e-03  8.23922705e-01 
-4.80615000e-03  8.24352331e-01 
-4.80600000e-03  8.24781118e-01 
-4.80585000e-03  8.25209962e-01 
-4.80570000e-03  8.25638912e-01 
-4.80555000e-03  8.26067209e-01 
-4.80540000e-03  8.26494952e-01 
-4.80525000e-03  8.26922962e-01 
-4.80510000e-03  8.27350063e-01 
-4.80495000e-03  8.27776993e-01 
-4.80480000e-03  8.28204183e-01 
-4.80465000e-03  8.28631311e-01 
-4.80450000e-03  8.29056838e-01 
-4.80435000e-03  8.29482354e-01 
-4.80420000e-03  8.29908318e-01 
-4.80405000e-03  8.30333699e-01 
-4.80390000e-03  8.30758886e-01 
-4.80375000e-03  8.31183228e-01 
-4.80360000e-03  8.31608569e-01 
-4.80345000e-03  8.32031338e-01 
-4.80330000e-03  8.32455554e-01 
-4.80315000e-03  8.32878487e-01 
-4.80300000e-03  8.33302235e-01 
-4.80285000e-03  8.33725010e-01 
-4.80270000e-03  8.34147306e-01 
-4.80255000e-03  8.34569857e-01 
-4.80240000e-03  8.34991982e-01 
-4.80225000e-03  8.35413171e-01 
-4.80210000e-03  8.35834960e-01 
-4.80195000e-03  8.36255993e-01 
-4.80180000e-03  8.36676941e-01 
-4.80165000e-03  8.37097860e-01 
-4.80150000e-03  8.37517352e-01 
-4.80135000e-03  8.37937192e-01 
-4.80120000e-03  8.38356315e-01 
-4.80105000e-03  8.38775362e-01 
-4.80090000e-03  8.39194436e-01 
-4.80075000e-03  8.39612583e-01 
-4.80060000e-03  8.40030706e-01 
-4.80045000e-03  8.40449825e-01 
-4.80030000e-03  8.40866476e-01 
-4.80015000e-03  8.41283920e-01 
-4.80000000e-03  8.41700997e-01 
