 v-sweep         Vout           
-1.00000000e-02  1.44489102e-03 
-9.99000000e-03  1.45780307e-03 
-9.98000000e-03  1.47094342e-03 
-9.97000000e-03  1.48424012e-03 
-9.96000000e-03  1.49769551e-03 
-9.95000000e-03  1.51131037e-03 
-9.94000000e-03  1.52508751e-03 
-9.93000000e-03  1.53902884e-03 
-9.92000000e-03  1.55313652e-03 
-9.91000000e-03  1.56741349e-03 
-9.90000000e-03  1.58186006e-03 
-9.89000000e-03  1.59648064e-03 
-9.88000000e-03  1.61127643e-03 
-9.87000000e-03  1.62624966e-03 
-9.86000000e-03  1.64140347e-03 
-9.85000000e-03  1.65673867e-03 
-9.84000000e-03  1.67225957e-03 
-9.83000000e-03  1.68796743e-03 
-9.82000000e-03  1.70386470e-03 
-9.81000000e-03  1.71995459e-03 
-9.80000000e-03  1.73623949e-03 
-9.79000000e-03  1.75272066e-03 
-9.78000000e-03  1.76940214e-03 
-9.77000000e-03  1.78628600e-03 
-9.76000000e-03  1.80337515e-03 
-9.75000000e-03  1.82067192e-03 
-9.74000000e-03  1.83817888e-03 
-9.73000000e-03  1.85589959e-03 
-9.72000000e-03  1.87383660e-03 
-9.71000000e-03  1.89199259e-03 
-9.70000000e-03  1.91036904e-03 
-9.69000000e-03  1.92897141e-03 
-9.68000000e-03  1.94780132e-03 
-9.67000000e-03  1.96686180e-03 
-9.66000000e-03  1.98615474e-03 
-9.65000000e-03  2.00568576e-03 
-9.64000000e-03  2.02545529e-03 
-9.63000000e-03  2.04546754e-03 
-9.62000000e-03  2.06572697e-03 
-9.61000000e-03  2.08623476e-03 
-9.60000000e-03  2.10699507e-03 
-9.59000000e-03  2.12801150e-03 
-9.58000000e-03  2.14928605e-03 
-9.57000000e-03  2.17082310e-03 
-9.56000000e-03  2.19262563e-03 
-9.55000000e-03  2.21469709e-03 
-9.54000000e-03  2.23704220e-03 
-9.53000000e-03  2.25966285e-03 
-9.52000000e-03  2.28256327e-03 
-9.51000000e-03  2.30574668e-03 
-9.50000000e-03  2.32921755e-03 
-9.49000000e-03  2.35297771e-03 
-9.48000000e-03  2.37703335e-03 
-9.47000000e-03  2.40138681e-03 
-9.46000000e-03  2.42604148e-03 
-9.45000000e-03  2.45100341e-03 
-9.44000000e-03  2.47627285e-03 
-9.43000000e-03  2.50185773e-03 
-9.42000000e-03  2.52775947e-03 
-9.41000000e-03  2.55398306e-03 
-9.40000000e-03  2.58053208e-03 
-9.39000000e-03  2.60741078e-03 
-9.38000000e-03  2.63462386e-03 
-9.37000000e-03  2.66217509e-03 
-9.36000000e-03  2.69006859e-03 
-9.35000000e-03  2.71830915e-03 
-9.34000000e-03  2.74690050e-03 
-9.33000000e-03  2.77584755e-03 
-9.32000000e-03  2.80515392e-03 
-9.31000000e-03  2.83482733e-03 
-9.30000000e-03  2.86486823e-03 
-9.29000000e-03  2.89528246e-03 
-9.28000000e-03  2.92607573e-03 
-9.27000000e-03  2.95725269e-03 
-9.26000000e-03  2.98881665e-03 
-9.25000000e-03  3.02077424e-03 
-9.24000000e-03  3.05312788e-03 
-9.23000000e-03  3.08588576e-03 
-9.22000000e-03  3.11905029e-03 
-9.21000000e-03  3.15262653e-03 
-9.20000000e-03  3.18662230e-03 
-9.19000000e-03  3.22103934e-03 
-9.18000000e-03  3.25588479e-03 
-9.17000000e-03  3.29116335e-03 
-9.16000000e-03  3.32688088e-03 
-9.15000000e-03  3.36304238e-03 
-9.14000000e-03  3.39965374e-03 
-9.13000000e-03  3.43671733e-03 
-9.12000000e-03  3.47424269e-03 
-9.11000000e-03  3.51223401e-03 
-9.10000000e-03  3.55069607e-03 
-9.09000000e-03  3.58963656e-03 
-9.08000000e-03  3.62905854e-03 
-9.07000000e-03  3.66897035e-03 
-9.06000000e-03  3.70937607e-03 
-9.05000000e-03  3.75028343e-03 
-9.04000000e-03  3.79169620e-03 
-9.03000000e-03  3.83362217e-03 
-9.02000000e-03  3.87606611e-03 
-9.01000000e-03  3.91903647e-03 
-9.00000000e-03  3.96253618e-03 
-8.99000000e-03  4.00657269e-03 
-8.98000000e-03  4.05115557e-03 
-8.97000000e-03  4.09628802e-03 
-8.96000000e-03  4.14197517e-03 
-8.95000000e-03  4.18822559e-03 
-8.94000000e-03  4.23504647e-03 
-8.93000000e-03  4.28244347e-03 
-8.92000000e-03  4.33042416e-03 
-8.91000000e-03  4.37899539e-03 
-8.90000000e-03  4.42816132e-03 
-8.89000000e-03  4.47793065e-03 
-8.88000000e-03  4.52831233e-03 
-8.87000000e-03  4.57931016e-03 
-8.86000000e-03  4.63093271e-03 
-8.85000000e-03  4.68318878e-03 
-8.84000000e-03  4.73608162e-03 
-8.83000000e-03  4.78962367e-03 
-8.82000000e-03  4.84381582e-03 
-8.81000000e-03  4.89866978e-03 
-8.80000000e-03  4.95419419e-03 
-8.79000000e-03  5.01039237e-03 
-8.78000000e-03  5.06727662e-03 
-8.77000000e-03  5.12484886e-03 
-8.76000000e-03  5.18312540e-03 
-8.75000000e-03  5.24210443e-03 
-8.74000000e-03  5.30179837e-03 
-8.73000000e-03  5.36221891e-03 
-8.72000000e-03  5.42336670e-03 
-8.71000000e-03  5.48525331e-03 
-8.70000000e-03  5.54789040e-03 
-8.69000000e-03  5.61127723e-03 
-8.68000000e-03  5.67543112e-03 
-8.67000000e-03  5.74035616e-03 
-8.66000000e-03  5.80606056e-03 
-8.65000000e-03  5.87255330e-03 
-8.64000000e-03  5.93984408e-03 
-8.63000000e-03  6.00793880e-03 
-8.62000000e-03  6.07685165e-03 
-8.61000000e-03  6.14658275e-03 
-8.60000000e-03  6.21715061e-03 
-8.59000000e-03  6.28855673e-03 
-8.58000000e-03  6.36081283e-03 
-8.57000000e-03  6.43392812e-03 
-8.56000000e-03  6.50791004e-03 
-8.55000000e-03  6.58277028e-03 
-8.54000000e-03  6.65851719e-03 
-8.53000000e-03  6.73515813e-03 
-8.52000000e-03  6.81270356e-03 
-8.51000000e-03  6.89116321e-03 
-8.50000000e-03  6.97054750e-03 
-8.49000000e-03  7.05086550e-03 
-8.48000000e-03  7.13212265e-03 
-8.47000000e-03  7.21433534e-03 
-8.46000000e-03  7.29751112e-03 
-8.45000000e-03  7.38165871e-03 
-8.44000000e-03  7.46678599e-03 
-8.43000000e-03  7.55290600e-03 
-8.42000000e-03  7.64002456e-03 
-8.41000000e-03  7.72816279e-03 
-8.40000000e-03  7.81731793e-03 
-8.39000000e-03  7.90750502e-03 
-8.38000000e-03  7.99873508e-03 
-8.37000000e-03  8.09101925e-03 
-8.36000000e-03  8.18436350e-03 
-8.35000000e-03  8.27878902e-03 
-8.34000000e-03  8.37428976e-03 
-8.33000000e-03  8.47089227e-03 
-8.32000000e-03  8.56859647e-03 
-8.31000000e-03  8.66741826e-03 
-8.30000000e-03  8.76736562e-03 
-8.29000000e-03  8.86845015e-03 
-8.28000000e-03  8.97068572e-03 
-8.27000000e-03  9.07408445e-03 
-8.26000000e-03  9.17864884e-03 
-8.25000000e-03  9.28439928e-03 
-8.24000000e-03  9.39134015e-03 
-8.23000000e-03  9.49948577e-03 
-8.22000000e-03  9.60884617e-03 
-8.21000000e-03  9.71943827e-03 
-8.20000000e-03  9.83126489e-03 
-8.19000000e-03  9.94434128e-03 
-8.18000000e-03  1.00586807e-02 
-8.17000000e-03  1.01742957e-02 
-8.16000000e-03  1.02911919e-02 
-8.15000000e-03  1.04093851e-02 
-8.14000000e-03  1.05288892e-02 
-8.13000000e-03  1.06497146e-02 
-8.12000000e-03  1.07718679e-02 
-8.11000000e-03  1.08953692e-02 
-8.10000000e-03  1.10202269e-02 
-8.09000000e-03  1.11464514e-02 
-8.08000000e-03  1.12740607e-02 
-8.07000000e-03  1.14030605e-02 
-8.06000000e-03  1.15334630e-02 
-8.05000000e-03  1.16652866e-02 
-8.04000000e-03  1.17985405e-02 
-8.03000000e-03  1.19332357e-02 
-8.02000000e-03  1.20693881e-02 
-8.01000000e-03  1.22070034e-02 
-8.00000000e-03  1.23461001e-02 
-7.99000000e-03  1.24866971e-02 
-7.98000000e-03  1.26287947e-02 
-7.97000000e-03  1.27724126e-02 
-7.96000000e-03  1.29175601e-02 
-7.95000000e-03  1.30642546e-02 
-7.94000000e-03  1.32125055e-02 
-7.93000000e-03  1.33623297e-02 
-7.92000000e-03  1.35137356e-02 
-7.91000000e-03  1.36667391e-02 
-7.90000000e-03  1.38213531e-02 
-7.89000000e-03  1.39775918e-02 
-7.88000000e-03  1.41354654e-02 
-7.87000000e-03  1.42949951e-02 
-7.86000000e-03  1.44561859e-02 
-7.85000000e-03  1.46190487e-02 
-7.84000000e-03  1.47836113e-02 
-7.83000000e-03  1.49498761e-02 
-7.82000000e-03  1.51178648e-02 
-7.81000000e-03  1.52875742e-02 
-7.80000000e-03  1.54590366e-02 
-7.79000000e-03  1.56322564e-02 
-7.78000000e-03  1.58072586e-02 
-7.77000000e-03  1.59840462e-02 
-7.76000000e-03  1.61626319e-02 
-7.75000000e-03  1.63430349e-02 
-7.74000000e-03  1.65252731e-02 
-7.73000000e-03  1.67093485e-02 
-7.72000000e-03  1.68952948e-02 
-7.71000000e-03  1.70831051e-02 
-7.70000000e-03  1.72728104e-02 
-7.69000000e-03  1.74644174e-02 
-7.68000000e-03  1.76579355e-02 
-7.67000000e-03  1.78533916e-02 
-7.66000000e-03  1.80507930e-02 
-7.65000000e-03  1.82501538e-02 
-7.64000000e-03  1.84514934e-02 
-7.63000000e-03  1.86548189e-02 
-7.62000000e-03  1.88601569e-02 
-7.61000000e-03  1.90675164e-02 
-7.60000000e-03  1.92769097e-02 
-7.59000000e-03  1.94883562e-02 
-7.58000000e-03  1.97018650e-02 
-7.57000000e-03  1.99174592e-02 
-7.56000000e-03  2.01351570e-02 
-7.55000000e-03  2.03549519e-02 
-7.54000000e-03  2.05768832e-02 
-7.53000000e-03  2.08009660e-02 
-7.52000000e-03  2.10271851e-02 
-7.51000000e-03  2.12556017e-02 
-7.50000000e-03  2.14862026e-02 
-7.49000000e-03  2.17190084e-02 
-7.48000000e-03  2.19540378e-02 
-7.47000000e-03  2.21913058e-02 
-7.46000000e-03  2.24308258e-02 
-7.45000000e-03  2.26726153e-02 
-7.44000000e-03  2.29166972e-02 
-7.43000000e-03  2.31630821e-02 
-7.42000000e-03  2.34117755e-02 
-7.41000000e-03  2.36628177e-02 
-7.40000000e-03  2.39162071e-02 
-7.39000000e-03  2.41719607e-02 
-7.38000000e-03  2.44301060e-02 
-7.37000000e-03  2.46906535e-02 
-7.36000000e-03  2.49536209e-02 
-7.35000000e-03  2.52190109e-02 
-7.34000000e-03  2.54868756e-02 
-7.33000000e-03  2.57572026e-02 
-7.32000000e-03  2.60300140e-02 
-7.31000000e-03  2.63053280e-02 
-7.30000000e-03  2.65831700e-02 
-7.29000000e-03  2.68635463e-02 
-7.28000000e-03  2.71464872e-02 
-7.27000000e-03  2.74319979e-02 
-7.26000000e-03  2.77201023e-02 
-7.25000000e-03  2.80108228e-02 
-7.24000000e-03  2.83041670e-02 
-7.23000000e-03  2.86001555e-02 
-7.22000000e-03  2.88988086e-02 
-7.21000000e-03  2.92001443e-02 
-7.20000000e-03  2.95041913e-02 
-7.19000000e-03  2.98109499e-02 
-7.18000000e-03  3.01204498e-02 
-7.17000000e-03  3.04327118e-02 
-7.16000000e-03  3.07477434e-02 
-7.15000000e-03  3.10655689e-02 
-7.14000000e-03  3.13862141e-02 
-7.13000000e-03  3.17096899e-02 
-7.12000000e-03  3.20360241e-02 
-7.11000000e-03  3.23652403e-02 
-7.10000000e-03  3.26973340e-02 
-7.09000000e-03  3.30323411e-02 
-7.08000000e-03  3.33702854e-02 
-7.07000000e-03  3.37111845e-02 
-7.06000000e-03  3.40550541e-02 
-7.05000000e-03  3.44019213e-02 
-7.04000000e-03  3.47517953e-02 
-7.03000000e-03  3.51047086e-02 
-7.02000000e-03  3.54606726e-02 
-7.01000000e-03  3.58197307e-02 
-7.00000000e-03  3.61818757e-02 
-6.99000000e-03  3.65471148e-02 
-6.98000000e-03  3.69155245e-02 
-6.97000000e-03  3.72871034e-02 
-6.96000000e-03  3.76618495e-02 
-6.95000000e-03  3.80398020e-02 
-6.94000000e-03  3.84209950e-02 
-6.93000000e-03  3.88054377e-02 
-6.92000000e-03  3.91931553e-02 
-6.91000000e-03  3.95841556e-02 
-6.90000000e-03  3.99784862e-02 
-6.89000000e-03  4.03761686e-02 
-6.88000000e-03  4.07772193e-02 
-6.87000000e-03  4.11816464e-02 
-6.86000000e-03  4.15894991e-02 
-6.85000000e-03  4.20007820e-02 
-6.84000000e-03  4.24155456e-02 
-6.83000000e-03  4.28337932e-02 
-6.82000000e-03  4.32555426e-02 
-6.81000000e-03  4.36808539e-02 
-6.80000000e-03  4.41097164e-02 
-6.79000000e-03  4.45421735e-02 
-6.78000000e-03  4.49782399e-02 
-6.77000000e-03  4.54179524e-02 
-6.76000000e-03  4.58613310e-02 
-6.75000000e-03  4.63084122e-02 
-6.74000000e-03  4.67592157e-02 
-6.73000000e-03  4.72137675e-02 
-6.72000000e-03  4.76721107e-02 
-6.71000000e-03  4.81342534e-02 
-6.70000000e-03  4.86002326e-02 
-6.69000000e-03  4.90700753e-02 
-6.68000000e-03  4.95438314e-02 
-6.67000000e-03  5.00214783e-02 
-6.66000000e-03  5.05030955e-02 
-6.65000000e-03  5.09886824e-02 
-6.64000000e-03  5.14783037e-02 
-6.63000000e-03  5.19719608e-02 
-6.62000000e-03  5.24697068e-02 
-6.61000000e-03  5.29715500e-02 
-6.60000000e-03  5.34775348e-02 
-6.59000000e-03  5.39876985e-02 
-6.58000000e-03  5.45020675e-02 
-6.57000000e-03  5.50206663e-02 
-6.56000000e-03  5.55435551e-02 
-6.55000000e-03  5.60707421e-02 
-6.54000000e-03  5.66022879e-02 
-6.53000000e-03  5.71382063e-02 
-6.52000000e-03  5.76785354e-02 
-6.51000000e-03  5.82233234e-02 
-6.50000000e-03  5.87725916e-02 
-6.49000000e-03  5.93263868e-02 
-6.48000000e-03  5.98847615e-02 
-6.47000000e-03  6.04477301e-02 
-6.46000000e-03  6.10153254e-02 
-6.45000000e-03  6.15876335e-02 
-6.44000000e-03  6.21646550e-02 
-6.43000000e-03  6.27464458e-02 
-6.42000000e-03  6.33330288e-02 
-6.41000000e-03  6.39244606e-02 
-6.40000000e-03  6.45208017e-02 
-6.39000000e-03  6.51220624e-02 
-6.38000000e-03  6.57283107e-02 
-6.37000000e-03  6.63395819e-02 
-6.36000000e-03  6.69559170e-02 
-6.35000000e-03  6.75773879e-02 
-6.34000000e-03  6.82040222e-02 
-6.33000000e-03  6.88358650e-02 
-6.32000000e-03  6.94729658e-02 
-6.31000000e-03  7.01153949e-02 
-6.30000000e-03  7.07631874e-02 
-6.29000000e-03  7.14163927e-02 
-6.28000000e-03  7.20750939e-02 
-6.27000000e-03  7.27392708e-02 
-6.26000000e-03  7.34090475e-02 
-6.25000000e-03  7.40844711e-02 
-6.24000000e-03  7.47655962e-02 
-6.23000000e-03  7.54524475e-02 
-6.22000000e-03  7.61451064e-02 
-6.21000000e-03  7.68436568e-02 
-6.20000000e-03  7.75481254e-02 
-6.19000000e-03  7.82586045e-02 
-6.18000000e-03  7.89751335e-02 
-6.17000000e-03  7.96977774e-02 
-6.16000000e-03  8.04266274e-02 
-6.15000000e-03  8.11617342e-02 
-6.14000000e-03  8.19031598e-02 
-6.13000000e-03  8.26509874e-02 
-6.12000000e-03  8.34052879e-02 
-6.11000000e-03  8.41661430e-02 
-6.10000000e-03  8.49336025e-02 
-6.09000000e-03  8.57077823e-02 
-6.08000000e-03  8.64887260e-02 
-6.07000000e-03  8.72765279e-02 
-6.06000000e-03  8.80712765e-02 
-6.05000000e-03  8.88730656e-02 
-6.04000000e-03  8.96819423e-02 
-6.03000000e-03  9.04980276e-02 
-6.02000000e-03  9.13214023e-02 
-6.01000000e-03  9.21521643e-02 
-6.00000000e-03  9.29903951e-02 
-5.99000000e-03  9.38362193e-02 
-5.98000000e-03  9.46897290e-02 
-5.97000000e-03  9.55509781e-02 
-5.96000000e-03  9.64201484e-02 
-5.95000000e-03  9.72972972e-02 
-5.94000000e-03  9.81825424e-02 
-5.93000000e-03  9.90759939e-02 
-5.92000000e-03  9.99777600e-02 
-5.91000000e-03  1.00888027e-01 
-5.90000000e-03  1.01806827e-01 
-5.89000000e-03  1.02734317e-01 
-5.88000000e-03  1.03670659e-01 
-5.87000000e-03  1.04615947e-01 
-5.86000000e-03  1.05570317e-01 
-5.85000000e-03  1.06533933e-01 
-5.84000000e-03  1.07506911e-01 
-5.83000000e-03  1.08489428e-01 
-5.82000000e-03  1.09481666e-01 
-5.81000000e-03  1.10483683e-01 
-5.80000000e-03  1.11495720e-01 
-5.79000000e-03  1.12517895e-01 
-5.78000000e-03  1.13550452e-01 
-5.77000000e-03  1.14593487e-01 
-5.76000000e-03  1.15647248e-01 
-5.75000000e-03  1.16711904e-01 
-5.74000000e-03  1.17787624e-01 
-5.73000000e-03  1.18874642e-01 
-5.72000000e-03  1.19973130e-01 
-5.71000000e-03  1.21083355e-01 
-5.70000000e-03  1.22205501e-01 
-5.69000000e-03  1.23339787e-01 
-5.68000000e-03  1.24486543e-01 
-5.67000000e-03  1.25645907e-01 
-5.66000000e-03  1.26818190e-01 
-5.65000000e-03  1.28003649e-01 
-5.64000000e-03  1.29202531e-01 
-5.63000000e-03  1.30415169e-01 
-5.62000000e-03  1.31641846e-01 
-5.61000000e-03  1.32882862e-01 
-5.60000000e-03  1.34138560e-01 
-5.59000000e-03  1.35409233e-01 
-5.58000000e-03  1.36695277e-01 
-5.57000000e-03  1.37997026e-01 
-5.56000000e-03  1.39314887e-01 
-5.55000000e-03  1.40649190e-01 
-5.54000000e-03  1.42000433e-01 
-5.53000000e-03  1.43368993e-01 
-5.52000000e-03  1.44755338e-01 
-5.51000000e-03  1.46159999e-01 
-5.50000000e-03  1.47583392e-01 
-5.49000000e-03  1.49025988e-01 
-5.48000000e-03  1.50488437e-01 
-5.47000000e-03  1.51971312e-01 
-5.46000000e-03  1.53475141e-01 
-5.45000000e-03  1.55000627e-01 
-5.44000000e-03  1.56548415e-01 
-5.43000000e-03  1.58119129e-01 
-5.42000000e-03  1.59713640e-01 
-5.41000000e-03  1.61332717e-01 
-5.40000000e-03  1.62977068e-01 
-5.39000000e-03  1.64647832e-01 
-5.38000000e-03  1.66345642e-01 
-5.37000000e-03  1.68071675e-01 
-5.36000000e-03  1.69826971e-01 
-5.35000000e-03  1.71612620e-01 
-5.34000000e-03  1.73429922e-01 
-5.33000000e-03  1.75280133e-01 
-5.32000000e-03  1.77164679e-01 
-5.31000000e-03  1.79084973e-01 
-5.30000000e-03  1.81042672e-01 
-5.29000000e-03  1.83039556e-01 
-5.28000000e-03  1.85077568e-01 
-5.27000000e-03  1.87158649e-01 
-5.26000000e-03  1.89285059e-01 
-5.25000000e-03  1.91459370e-01 
-5.24000000e-03  1.93684150e-01 
-5.23000000e-03  1.95962363e-01 
-5.22000000e-03  1.98297332e-01 
-5.21000000e-03  2.00692610e-01 
-5.20000000e-03  2.03152285e-01 
-5.19000000e-03  2.05680811e-01 
-5.18000000e-03  2.08283225e-01 
-5.17000000e-03  2.10965403e-01 
-5.16000000e-03  2.13733871e-01 
-5.15000000e-03  2.16595974e-01 
-5.14000000e-03  2.19560494e-01 
-5.13000000e-03  2.22637553e-01 
-5.12000000e-03  2.25838783e-01 
-5.11000000e-03  2.29178374e-01 
-5.10000000e-03  2.32673198e-01 
-5.09000000e-03  2.36343720e-01 
-5.08000000e-03  2.40214959e-01 
-5.07000000e-03  2.44318656e-01 
-5.06000000e-03  2.48694804e-01 
-5.05000000e-03  2.53395643e-01 
-5.04000000e-03  2.58489896e-01 
-5.03000000e-03  2.64364794e-01 
-5.02000000e-03  2.70655064e-01 
-5.01000000e-03  2.77799085e-01 
-5.00000000e-03  2.86108248e-01 
-4.99000000e-03  2.96064715e-01 
-4.98000000e-03  3.08399189e-01 
-4.97000000e-03  3.24113562e-01 
-4.96000000e-03  3.44144295e-01 
-4.95000000e-03  3.68554523e-01 
-4.94000000e-03  3.96318492e-01 
-4.93000000e-03  4.26225541e-01 
-4.92000000e-03  4.57474338e-01 
-4.91000000e-03  4.89224842e-01 
-4.90000000e-03  5.22099183e-01 
-4.89000000e-03  5.55377345e-01 
-4.88000000e-03  5.88874603e-01 
-4.87000000e-03  6.22413289e-01 
-4.86000000e-03  6.55806110e-01 
-4.85000000e-03  6.88850506e-01 
-4.84000000e-03  7.21340284e-01 
-4.83000000e-03  7.53113805e-01 
-4.82000000e-03  7.83999935e-01 
-4.81000000e-03  8.13790978e-01 
-4.80000000e-03  8.42326328e-01 
-4.79000000e-03  8.69458244e-01 
-4.78000000e-03  8.95049149e-01 
-4.77000000e-03  9.18979612e-01 
-4.76000000e-03  9.41144900e-01 
-4.75000000e-03  9.61455590e-01 
-4.74000000e-03  9.79832332e-01 
-4.73000000e-03  9.96216738e-01 
-4.72000000e-03  1.01058244e+00 
-4.71000000e-03  1.02296554e+00 
-4.70000000e-03  1.03348856e+00 
-4.69000000e-03  1.04236010e+00 
-4.68000000e-03  1.04983584e+00 
-4.67000000e-03  1.05617306e+00 
-4.66000000e-03  1.06159762e+00 
-4.65000000e-03  1.06629344e+00 
-4.64000000e-03  1.07040480e+00 
-4.63000000e-03  1.07404381e+00 
-4.62000000e-03  1.07729630e+00 
-4.61000000e-03  1.08022953e+00 
-4.60000000e-03  1.08289576e+00 
-4.59000000e-03  1.08533645e+00 
-4.58000000e-03  1.08758457e+00 
-4.57000000e-03  1.08966695e+00 
-4.56000000e-03  1.09160517e+00 
-4.55000000e-03  1.09341731e+00 
-4.54000000e-03  1.09511821e+00 
-4.53000000e-03  1.09672031e+00 
-4.52000000e-03  1.09823427e+00 
-4.51000000e-03  1.09966897e+00 
-4.50000000e-03  1.10103227e+00 
-4.49000000e-03  1.10233072e+00 
-4.48000000e-03  1.10357011e+00 
-4.47000000e-03  1.10475554e+00 
-4.46000000e-03  1.10589140e+00 
-4.45000000e-03  1.10698167e+00 
-4.44000000e-03  1.10802978e+00 
-4.43000000e-03  1.10903881e+00 
-4.42000000e-03  1.11001157e+00 
-4.41000000e-03  1.11095054e+00 
-4.40000000e-03  1.11185789e+00 
-4.39000000e-03  1.11273570e+00 
-4.38000000e-03  1.11358579e+00 
-4.37000000e-03  1.11440984e+00 
-4.36000000e-03  1.11520937e+00 
-4.35000000e-03  1.11598571e+00 
-4.34000000e-03  1.11674019e+00 
-4.33000000e-03  1.11747398e+00 
-4.32000000e-03  1.11818813e+00 
-4.31000000e-03  1.11888368e+00 
-4.30000000e-03  1.11956149e+00 
-4.29000000e-03  1.12022245e+00 
-4.28000000e-03  1.12086737e+00 
-4.27000000e-03  1.12149695e+00 
-4.26000000e-03  1.12211189e+00 
-4.25000000e-03  1.12271283e+00 
-4.24000000e-03  1.12330039e+00 
-4.23000000e-03  1.12387509e+00 
-4.22000000e-03  1.12443751e+00 
-4.21000000e-03  1.12498808e+00 
-4.20000000e-03  1.12552732e+00 
-4.19000000e-03  1.12605563e+00 
-4.18000000e-03  1.12657344e+00 
-4.17000000e-03  1.12708115e+00 
-4.16000000e-03  1.12757908e+00 
-4.15000000e-03  1.12806763e+00 
-4.14000000e-03  1.12854709e+00 
-4.13000000e-03  1.12901782e+00 
-4.12000000e-03  1.12948007e+00 
-4.11000000e-03  1.12993414e+00 
-4.10000000e-03  1.13038029e+00 
-4.09000000e-03  1.13081876e+00 
-4.08000000e-03  1.13124983e+00 
-4.07000000e-03  1.13167370e+00 
-4.06000000e-03  1.13209060e+00 
-4.05000000e-03  1.13250073e+00 
-4.04000000e-03  1.13290431e+00 
-4.03000000e-03  1.13330151e+00 
-4.02000000e-03  1.13369251e+00 
-4.01000000e-03  1.13407751e+00 
-4.00000000e-03  1.13445666e+00 
-3.99000000e-03  1.13483012e+00 
-3.98000000e-03  1.13519805e+00 
-3.97000000e-03  1.13556059e+00 
-3.96000000e-03  1.13591789e+00 
-3.95000000e-03  1.13627009e+00 
-3.94000000e-03  1.13661729e+00 
-3.93000000e-03  1.13695968e+00 
-3.92000000e-03  1.13729731e+00 
-3.91000000e-03  1.13763034e+00 
-3.90000000e-03  1.13795886e+00 
-3.89000000e-03  1.13828299e+00 
-3.88000000e-03  1.13860285e+00 
-3.87000000e-03  1.13891852e+00 
-3.86000000e-03  1.13923008e+00 
-3.85000000e-03  1.13953765e+00 
-3.84000000e-03  1.13984132e+00 
-3.83000000e-03  1.14014118e+00 
-3.82000000e-03  1.14043730e+00 
-3.81000000e-03  1.14072976e+00 
-3.80000000e-03  1.14101865e+00 
-3.79000000e-03  1.14130405e+00 
-3.78000000e-03  1.14158603e+00 
-3.77000000e-03  1.14186466e+00 
-3.76000000e-03  1.14214001e+00 
-3.75000000e-03  1.14241214e+00 
-3.74000000e-03  1.14268113e+00 
-3.73000000e-03  1.14294704e+00 
-3.72000000e-03  1.14320991e+00 
-3.71000000e-03  1.14346982e+00 
-3.70000000e-03  1.14372684e+00 
-3.69000000e-03  1.14398100e+00 
-3.68000000e-03  1.14423236e+00 
-3.67000000e-03  1.14448099e+00 
-3.66000000e-03  1.14472693e+00 
-3.65000000e-03  1.14497022e+00 
-3.64000000e-03  1.14521093e+00 
-3.63000000e-03  1.14544909e+00 
-3.62000000e-03  1.14568475e+00 
-3.61000000e-03  1.14591796e+00 
-3.60000000e-03  1.14614876e+00 
-3.59000000e-03  1.14637720e+00 
-3.58000000e-03  1.14660331e+00 
-3.57000000e-03  1.14682714e+00 
-3.56000000e-03  1.14704872e+00 
-3.55000000e-03  1.14726809e+00 
-3.54000000e-03  1.14748530e+00 
-3.53000000e-03  1.14770037e+00 
-3.52000000e-03  1.14791335e+00 
-3.51000000e-03  1.14812426e+00 
-3.50000000e-03  1.14833314e+00 
-3.49000000e-03  1.14854003e+00 
-3.48000000e-03  1.14874495e+00 
-3.47000000e-03  1.14894795e+00 
-3.46000000e-03  1.14914904e+00 
-3.45000000e-03  1.14934825e+00 
-3.44000000e-03  1.14954563e+00 
-3.43000000e-03  1.14974119e+00 
-3.42000000e-03  1.14993498e+00 
-3.41000000e-03  1.15012699e+00 
-3.40000000e-03  1.15031728e+00 
-3.39000000e-03  1.15050586e+00 
-3.38000000e-03  1.15069276e+00 
-3.37000000e-03  1.15087801e+00 
-3.36000000e-03  1.15106163e+00 
-3.35000000e-03  1.15124364e+00 
-3.34000000e-03  1.15142407e+00 
-3.33000000e-03  1.15160294e+00 
-3.32000000e-03  1.15178027e+00 
-3.31000000e-03  1.15195609e+00 
-3.30000000e-03  1.15213041e+00 
-3.29000000e-03  1.15230326e+00 
-3.28000000e-03  1.15247465e+00 
-3.27000000e-03  1.15264462e+00 
-3.26000000e-03  1.15281317e+00 
-3.25000000e-03  1.15298033e+00 
-3.24000000e-03  1.15314612e+00 
-3.23000000e-03  1.15331055e+00 
-3.22000000e-03  1.15347364e+00 
-3.21000000e-03  1.15363541e+00 
-3.20000000e-03  1.15379588e+00 
-3.19000000e-03  1.15395507e+00 
-3.18000000e-03  1.15411300e+00 
-3.17000000e-03  1.15426966e+00 
-3.16000000e-03  1.15442510e+00 
-3.15000000e-03  1.15457932e+00 
-3.14000000e-03  1.15473234e+00 
-3.13000000e-03  1.15488416e+00 
-3.12000000e-03  1.15503481e+00 
-3.11000000e-03  1.15518431e+00 
-3.10000000e-03  1.15533267e+00 
-3.09000000e-03  1.15547990e+00 
-3.08000000e-03  1.15562601e+00 
-3.07000000e-03  1.15577102e+00 
-3.06000000e-03  1.15591494e+00 
-3.05000000e-03  1.15605779e+00 
-3.04000000e-03  1.15619958e+00 
-3.03000000e-03  1.15634032e+00 
-3.02000000e-03  1.15648002e+00 
-3.01000000e-03  1.15661870e+00 
-3.00000000e-03  1.15675638e+00 
-2.99000000e-03  1.15689305e+00 
-2.98000000e-03  1.15702873e+00 
-2.97000000e-03  1.15716344e+00 
-2.96000000e-03  1.15729718e+00 
-2.95000000e-03  1.15742997e+00 
-2.94000000e-03  1.15756182e+00 
-2.93000000e-03  1.15769273e+00 
-2.92000000e-03  1.15782273e+00 
-2.91000000e-03  1.15795182e+00 
-2.90000000e-03  1.15808001e+00 
-2.89000000e-03  1.15820730e+00 
-2.88000000e-03  1.15833372e+00 
-2.87000000e-03  1.15845926e+00 
-2.86000000e-03  1.15858395e+00 
-2.85000000e-03  1.15870778e+00 
-2.84000000e-03  1.15883078e+00 
-2.83000000e-03  1.15895294e+00 
-2.82000000e-03  1.15907427e+00 
-2.81000000e-03  1.15919480e+00 
-2.80000000e-03  1.15931452e+00 
-2.79000000e-03  1.15943343e+00 
-2.78000000e-03  1.15955157e+00 
-2.77000000e-03  1.15966892e+00 
-2.76000000e-03  1.15978550e+00 
-2.75000000e-03  1.15990131e+00 
-2.74000000e-03  1.16001637e+00 
-2.73000000e-03  1.16013069e+00 
-2.72000000e-03  1.16024426e+00 
-2.71000000e-03  1.16035710e+00 
-2.70000000e-03  1.16046921e+00 
-2.69000000e-03  1.16058061e+00 
-2.68000000e-03  1.16069130e+00 
-2.67000000e-03  1.16080128e+00 
-2.66000000e-03  1.16091057e+00 
-2.65000000e-03  1.16101917e+00 
-2.64000000e-03  1.16112709e+00 
-2.63000000e-03  1.16123433e+00 
-2.62000000e-03  1.16134091e+00 
-2.61000000e-03  1.16144682e+00 
-2.60000000e-03  1.16155208e+00 
-2.59000000e-03  1.16165669e+00 
-2.58000000e-03  1.16176066e+00 
-2.57000000e-03  1.16186399e+00 
-2.56000000e-03  1.16196669e+00 
-2.55000000e-03  1.16206877e+00 
-2.54000000e-03  1.16217023e+00 
-2.53000000e-03  1.16227108e+00 
-2.52000000e-03  1.16237132e+00 
-2.51000000e-03  1.16247096e+00 
-2.50000000e-03  1.16257001e+00 
-2.49000000e-03  1.16266847e+00 
-2.48000000e-03  1.16276634e+00 
-2.47000000e-03  1.16286364e+00 
-2.46000000e-03  1.16296037e+00 
-2.45000000e-03  1.16305652e+00 
-2.44000000e-03  1.16315212e+00 
-2.43000000e-03  1.16324716e+00 
-2.42000000e-03  1.16334165e+00 
-2.41000000e-03  1.16343559e+00 
-2.40000000e-03  1.16352899e+00 
-2.39000000e-03  1.16362185e+00 
-2.38000000e-03  1.16371419e+00 
-2.37000000e-03  1.16380599e+00 
-2.36000000e-03  1.16389727e+00 
-2.35000000e-03  1.16398804e+00 
-2.34000000e-03  1.16407829e+00 
-2.33000000e-03  1.16416803e+00 
-2.32000000e-03  1.16425727e+00 
-2.31000000e-03  1.16434601e+00 
-2.30000000e-03  1.16443426e+00 
-2.29000000e-03  1.16452202e+00 
-2.28000000e-03  1.16460928e+00 
-2.27000000e-03  1.16469607e+00 
-2.26000000e-03  1.16478238e+00 
-2.25000000e-03  1.16486822e+00 
-2.24000000e-03  1.16495358e+00 
-2.23000000e-03  1.16503848e+00 
-2.22000000e-03  1.16512292e+00 
-2.21000000e-03  1.16520690e+00 
-2.20000000e-03  1.16529043e+00 
-2.19000000e-03  1.16537351e+00 
-2.18000000e-03  1.16545614e+00 
-2.17000000e-03  1.16553833e+00 
-2.16000000e-03  1.16562008e+00 
-2.15000000e-03  1.16570140e+00 
-2.14000000e-03  1.16578228e+00 
-2.13000000e-03  1.16586274e+00 
-2.12000000e-03  1.16594277e+00 
-2.11000000e-03  1.16602238e+00 
-2.10000000e-03  1.16610157e+00 
-2.09000000e-03  1.16618036e+00 
-2.08000000e-03  1.16625873e+00 
-2.07000000e-03  1.16633669e+00 
-2.06000000e-03  1.16641425e+00 
-2.05000000e-03  1.16649141e+00 
-2.04000000e-03  1.16656817e+00 
-2.03000000e-03  1.16664454e+00 
-2.02000000e-03  1.16672051e+00 
-2.01000000e-03  1.16679610e+00 
-2.00000000e-03  1.16687131e+00 
-1.99000000e-03  1.16694613e+00 
-1.98000000e-03  1.16702058e+00 
-1.97000000e-03  1.16709465e+00 
-1.96000000e-03  1.16716834e+00 
-1.95000000e-03  1.16724167e+00 
-1.94000000e-03  1.16731463e+00 
-1.93000000e-03  1.16738723e+00 
-1.92000000e-03  1.16745946e+00 
-1.91000000e-03  1.16753134e+00 
-1.90000000e-03  1.16760286e+00 
-1.89000000e-03  1.16767403e+00 
-1.88000000e-03  1.16774485e+00 
-1.87000000e-03  1.16781532e+00 
-1.86000000e-03  1.16788545e+00 
-1.85000000e-03  1.16795523e+00 
-1.84000000e-03  1.16802468e+00 
-1.83000000e-03  1.16809379e+00 
-1.82000000e-03  1.16816256e+00 
-1.81000000e-03  1.16823100e+00 
-1.80000000e-03  1.16829912e+00 
-1.79000000e-03  1.16836690e+00 
-1.78000000e-03  1.16843436e+00 
-1.77000000e-03  1.16850150e+00 
-1.76000000e-03  1.16856833e+00 
-1.75000000e-03  1.16863483e+00 
-1.74000000e-03  1.16870102e+00 
-1.73000000e-03  1.16876690e+00 
-1.72000000e-03  1.16883246e+00 
-1.71000000e-03  1.16889772e+00 
-1.70000000e-03  1.16896267e+00 
-1.69000000e-03  1.16902732e+00 
-1.68000000e-03  1.16909167e+00 
-1.67000000e-03  1.16915572e+00 
-1.66000000e-03  1.16921947e+00 
-1.65000000e-03  1.16928293e+00 
-1.64000000e-03  1.16934609e+00 
-1.63000000e-03  1.16940897e+00 
-1.62000000e-03  1.16947156e+00 
-1.61000000e-03  1.16953386e+00 
-1.60000000e-03  1.16959587e+00 
-1.59000000e-03  1.16965760e+00 
-1.58000000e-03  1.16971906e+00 
-1.57000000e-03  1.16978023e+00 
-1.56000000e-03  1.16984113e+00 
-1.55000000e-03  1.16990175e+00 
-1.54000000e-03  1.16996211e+00 
-1.53000000e-03  1.17002219e+00 
-1.52000000e-03  1.17008200e+00 
-1.51000000e-03  1.17014155e+00 
-1.50000000e-03  1.17020083e+00 
-1.49000000e-03  1.17025985e+00 
-1.48000000e-03  1.17031860e+00 
-1.47000000e-03  1.17037710e+00 
-1.46000000e-03  1.17043534e+00 
-1.45000000e-03  1.17049332e+00 
-1.44000000e-03  1.17055105e+00 
-1.43000000e-03  1.17060853e+00 
-1.42000000e-03  1.17066576e+00 
-1.41000000e-03  1.17072273e+00 
-1.40000000e-03  1.17077946e+00 
-1.39000000e-03  1.17083595e+00 
-1.38000000e-03  1.17089219e+00 
-1.37000000e-03  1.17094819e+00 
-1.36000000e-03  1.17100395e+00 
-1.35000000e-03  1.17105946e+00 
-1.34000000e-03  1.17111474e+00 
-1.33000000e-03  1.17116979e+00 
-1.32000000e-03  1.17122460e+00 
-1.31000000e-03  1.17127918e+00 
-1.30000000e-03  1.17133353e+00 
-1.29000000e-03  1.17138764e+00 
-1.28000000e-03  1.17144153e+00 
-1.27000000e-03  1.17149519e+00 
-1.26000000e-03  1.17154863e+00 
-1.25000000e-03  1.17160185e+00 
-1.24000000e-03  1.17165484e+00 
-1.23000000e-03  1.17170761e+00 
-1.22000000e-03  1.17176016e+00 
-1.21000000e-03  1.17181249e+00 
-1.20000000e-03  1.17186461e+00 
-1.19000000e-03  1.17191651e+00 
-1.18000000e-03  1.17196820e+00 
-1.17000000e-03  1.17201967e+00 
-1.16000000e-03  1.17207094e+00 
-1.15000000e-03  1.17212199e+00 
-1.14000000e-03  1.17217284e+00 
-1.13000000e-03  1.17222348e+00 
-1.12000000e-03  1.17227392e+00 
-1.11000000e-03  1.17232414e+00 
-1.10000000e-03  1.17237417e+00 
-1.09000000e-03  1.17242400e+00 
-1.08000000e-03  1.17247362e+00 
-1.07000000e-03  1.17252305e+00 
-1.06000000e-03  1.17257227e+00 
-1.05000000e-03  1.17262130e+00 
-1.04000000e-03  1.17267014e+00 
-1.03000000e-03  1.17271878e+00 
-1.02000000e-03  1.17276723e+00 
-1.01000000e-03  1.17281548e+00 
-1.00000000e-03  1.17286355e+00 
-9.90000000e-04  1.17291142e+00 
-9.80000000e-04  1.17295911e+00 
-9.70000000e-04  1.17300661e+00 
-9.60000000e-04  1.17305392e+00 
-9.50000000e-04  1.17310105e+00 
-9.40000000e-04  1.17314800e+00 
-9.30000000e-04  1.17319476e+00 
-9.20000000e-04  1.17324134e+00 
-9.10000000e-04  1.17328774e+00 
-9.00000000e-04  1.17333396e+00 
-8.90000000e-04  1.17338000e+00 
-8.80000000e-04  1.17342587e+00 
-8.70000000e-04  1.17347156e+00 
-8.60000000e-04  1.17351707e+00 
-8.50000000e-04  1.17356241e+00 
-8.40000000e-04  1.17360758e+00 
-8.30000000e-04  1.17365258e+00 
-8.20000000e-04  1.17369740e+00 
-8.10000000e-04  1.17374206e+00 
-8.00000000e-04  1.17378654e+00 
-7.90000000e-04  1.17383086e+00 
-7.80000000e-04  1.17387501e+00 
-7.70000000e-04  1.17391900e+00 
-7.60000000e-04  1.17396282e+00 
-7.50000000e-04  1.17400648e+00 
-7.40000000e-04  1.17404997e+00 
-7.30000000e-04  1.17409330e+00 
-7.20000000e-04  1.17413647e+00 
-7.10000000e-04  1.17417948e+00 
-7.00000000e-04  1.17422233e+00 
-6.90000000e-04  1.17426503e+00 
-6.80000000e-04  1.17430756e+00 
-6.70000000e-04  1.17434994e+00 
-6.60000000e-04  1.17439217e+00 
-6.50000000e-04  1.17443424e+00 
-6.40000000e-04  1.17447615e+00 
-6.30000000e-04  1.17451791e+00 
-6.20000000e-04  1.17455952e+00 
-6.10000000e-04  1.17460098e+00 
-6.00000000e-04  1.17464229e+00 
-5.90000000e-04  1.17468345e+00 
-5.80000000e-04  1.17472446e+00 
-5.70000000e-04  1.17476533e+00 
-5.60000000e-04  1.17480604e+00 
-5.50000000e-04  1.17484661e+00 
-5.40000000e-04  1.17488704e+00 
-5.30000000e-04  1.17492732e+00 
-5.20000000e-04  1.17496746e+00 
-5.10000000e-04  1.17500745e+00 
-5.00000000e-04  1.17504731e+00 
-4.90000000e-04  1.17508702e+00 
-4.80000000e-04  1.17512659e+00 
-4.70000000e-04  1.17516602e+00 
-4.60000000e-04  1.17520531e+00 
-4.50000000e-04  1.17524447e+00 
-4.40000000e-04  1.17528348e+00 
-4.30000000e-04  1.17532236e+00 
-4.20000000e-04  1.17536111e+00 
-4.10000000e-04  1.17539972e+00 
-4.00000000e-04  1.17543819e+00 
-3.90000000e-04  1.17547653e+00 
-3.80000000e-04  1.17551474e+00 
-3.70000000e-04  1.17555282e+00 
-3.60000000e-04  1.17559077e+00 
-3.50000000e-04  1.17562858e+00 
-3.40000000e-04  1.17566626e+00 
-3.30000000e-04  1.17570382e+00 
-3.20000000e-04  1.17574125e+00 
-3.10000000e-04  1.17577855e+00 
-3.00000000e-04  1.17581572e+00 
-2.90000000e-04  1.17585276e+00 
-2.80000000e-04  1.17588968e+00 
-2.70000000e-04  1.17592648e+00 
-2.60000000e-04  1.17596315e+00 
-2.50000000e-04  1.17599969e+00 
-2.40000000e-04  1.17603611e+00 
-2.30000000e-04  1.17607241e+00 
-2.20000000e-04  1.17610859e+00 
-2.10000000e-04  1.17614465e+00 
-2.00000000e-04  1.17618058e+00 
-1.90000000e-04  1.17621640e+00 
-1.80000000e-04  1.17625209e+00 
-1.70000000e-04  1.17628767e+00 
-1.60000000e-04  1.17632313e+00 
-1.50000000e-04  1.17635847e+00 
-1.40000000e-04  1.17639370e+00 
-1.30000000e-04  1.17642881e+00 
-1.20000000e-04  1.17646380e+00 
-1.10000000e-04  1.17649868e+00 
-1.00000000e-04  1.17653344e+00 
-9.00000000e-05  1.17656809e+00 
-8.00000000e-05  1.17660262e+00 
-7.00000000e-05  1.17663705e+00 
-6.00000000e-05  1.17667136e+00 
-5.00000000e-05  1.17670555e+00 
-4.00000000e-05  1.17673964e+00 
-3.00000000e-05  1.17677362e+00 
-2.00000000e-05  1.17680749e+00 
-1.00000000e-05  1.17684124e+00 
-2.38765035e-16  1.17687489e+00 
