 v-sweep         Vout           
-2.00000000e-05  4.58584338e-01 
-1.99400000e-05  4.58759403e-01 
-1.98800000e-05  4.58934277e-01 
-1.98200000e-05  4.59109568e-01 
-1.97600000e-05  4.59285278e-01 
-1.97000000e-05  4.59461404e-01 
-1.96400000e-05  4.59637947e-01 
-1.95800000e-05  4.59814890e-01 
-1.95200000e-05  4.59992260e-01 
-1.94600000e-05  4.60170031e-01 
-1.94000000e-05  4.60348218e-01 
-1.93400000e-05  4.60526825e-01 
-1.92800000e-05  4.60705828e-01 
-1.92200000e-05  4.60885244e-01 
-1.91600000e-05  4.61065062e-01 
-1.91000000e-05  4.61245286e-01 
-1.90400000e-05  4.61425918e-01 
-1.89800000e-05  4.61606937e-01 
-1.89200000e-05  4.61788371e-01 
-1.88600000e-05  4.61970197e-01 
-1.88000000e-05  4.62152417e-01 
-1.87400000e-05  4.62335037e-01 
-1.86800000e-05  4.62518056e-01 
-1.86200000e-05  4.62701463e-01 
-1.85600000e-05  4.62885259e-01 
-1.85000000e-05  4.63069441e-01 
-1.84400000e-05  4.63254017e-01 
-1.83800000e-05  4.63438977e-01 
-1.83200000e-05  4.63624319e-01 
-1.82600000e-05  4.63810048e-01 
-1.82000000e-05  4.63996153e-01 
-1.81400000e-05  4.64182634e-01 
-1.80800000e-05  4.64369503e-01 
-1.80200000e-05  4.64556731e-01 
-1.79600000e-05  4.64744332e-01 
-1.79000000e-05  4.64932314e-01 
-1.78400000e-05  4.65120663e-01 
-1.77800000e-05  4.65309366e-01 
-1.77200000e-05  4.65498446e-01 
-1.76600000e-05  4.65687877e-01 
-1.76000000e-05  4.65877674e-01 
-1.75400000e-05  4.66067820e-01 
-1.74800000e-05  4.66258337e-01 
-1.74200000e-05  4.66449196e-01 
-1.73600000e-05  4.66640408e-01 
-1.73000000e-05  4.66831958e-01 
-1.72400000e-05  4.67023870e-01 
-1.71800000e-05  4.67216124e-01 
-1.71200000e-05  4.67408714e-01 
-1.70600000e-05  4.67601644e-01 
-1.70000000e-05  4.67794909e-01 
-1.69400000e-05  4.67988506e-01 
-1.68800000e-05  4.68182434e-01 
-1.68200000e-05  4.68376693e-01 
-1.67600000e-05  4.68571280e-01 
-1.67000000e-05  4.68766181e-01 
-1.66400000e-05  4.68961411e-01 
-1.65800000e-05  4.69156959e-01 
-1.65200000e-05  4.69352825e-01 
-1.64600000e-05  4.69549002e-01 
-1.64000000e-05  4.69745492e-01 
-1.63400000e-05  4.69942283e-01 
-1.62800000e-05  4.70139387e-01 
-1.62200000e-05  4.70336789e-01 
-1.61600000e-05  4.70534499e-01 
-1.61000000e-05  4.70732499e-01 
-1.60400000e-05  4.70930788e-01 
-1.59800000e-05  4.71129375e-01 
-1.59200000e-05  4.71328252e-01 
-1.58600000e-05  4.71527416e-01 
-1.58000000e-05  4.71726859e-01 
-1.57400000e-05  4.71926588e-01 
-1.56800000e-05  4.72126598e-01 
-1.56200000e-05  4.72326873e-01 
-1.55600000e-05  4.72527430e-01 
-1.55000000e-05  4.72728249e-01 
-1.54400000e-05  4.72929344e-01 
-1.53800000e-05  4.73130692e-01 
-1.53200000e-05  4.73332310e-01 
-1.52600000e-05  4.73534190e-01 
-1.52000000e-05  4.73736321e-01 
-1.51400000e-05  4.73938704e-01 
-1.50800000e-05  4.74141340e-01 
-1.50200000e-05  4.74344222e-01 
-1.49600000e-05  4.74547358e-01 
-1.49000000e-05  4.74750723e-01 
-1.48400000e-05  4.74954332e-01 
-1.47800000e-05  4.75158185e-01 
-1.47200000e-05  4.75362264e-01 
-1.46600000e-05  4.75566584e-01 
-1.46000000e-05  4.75771118e-01 
-1.45400000e-05  4.75975883e-01 
-1.44800000e-05  4.76180876e-01 
-1.44200000e-05  4.76386094e-01 
-1.43600000e-05  4.76591517e-01 
-1.43000000e-05  4.76797161e-01 
-1.42400000e-05  4.77003022e-01 
-1.41800000e-05  4.77209086e-01 
-1.41200000e-05  4.77415357e-01 
-1.40600000e-05  4.77621848e-01 
-1.40000000e-05  4.77828525e-01 
-1.39400000e-05  4.78035399e-01 
-1.38800000e-05  4.78242482e-01 
-1.38200000e-05  4.78449753e-01 
-1.37600000e-05  4.78657218e-01 
-1.37000000e-05  4.78864871e-01 
-1.36400000e-05  4.79072710e-01 
-1.35800000e-05  4.79280733e-01 
-1.35200000e-05  4.79488937e-01 
-1.34600000e-05  4.79697323e-01 
-1.34000000e-05  4.79905881e-01 
-1.33400000e-05  4.80114623e-01 
-1.32800000e-05  4.80323517e-01 
-1.32200000e-05  4.80532603e-01 
-1.31600000e-05  4.80741843e-01 
-1.31000000e-05  4.80951252e-01 
-1.30400000e-05  4.81160828e-01 
-1.29800000e-05  4.81370550e-01 
-1.29200000e-05  4.81580446e-01 
-1.28600000e-05  4.81790486e-01 
-1.28000000e-05  4.82000684e-01 
-1.27400000e-05  4.82211023e-01 
-1.26800000e-05  4.82421527e-01 
-1.26200000e-05  4.82632164e-01 
-1.25600000e-05  4.82842951e-01 
-1.25000000e-05  4.83053875e-01 
-1.24400000e-05  4.83264946e-01 
-1.23800000e-05  4.83476151e-01 
-1.23200000e-05  4.83687491e-01 
-1.22600000e-05  4.83898959e-01 
-1.22000000e-05  4.84110564e-01 
-1.21400000e-05  4.84322301e-01 
-1.20800000e-05  4.84534170e-01 
-1.20200000e-05  4.84746147e-01 
-1.19600000e-05  4.84958253e-01 
-1.19000000e-05  4.85170486e-01 
-1.18400000e-05  4.85382832e-01 
-1.17800000e-05  4.85595302e-01 
-1.17200000e-05  4.85807887e-01 
-1.16600000e-05  4.86020581e-01 
-1.16000000e-05  4.86233388e-01 
-1.15400000e-05  4.86446304e-01 
-1.14800000e-05  4.86659342e-01 
-1.14200000e-05  4.86872466e-01 
-1.13600000e-05  4.87085701e-01 
-1.13000000e-05  4.87299040e-01 
-1.12400000e-05  4.87512477e-01 
-1.11800000e-05  4.87726004e-01 
-1.11200000e-05  4.87939648e-01 
-1.10600000e-05  4.88153389e-01 
-1.10000000e-05  4.88367207e-01 
-1.09400000e-05  4.88581130e-01 
-1.08800000e-05  4.88795135e-01 
-1.08200000e-05  4.89009232e-01 
-1.07600000e-05  4.89223417e-01 
-1.07000000e-05  4.89437688e-01 
-1.06400000e-05  4.89652038e-01 
-1.05800000e-05  4.89866480e-01 
-1.05200000e-05  4.90081000e-01 
-1.04600000e-05  4.90295608e-01 
-1.04000000e-05  4.90510279e-01 
-1.03400000e-05  4.90725032e-01 
-1.02800000e-05  4.90939871e-01 
-1.02200000e-05  4.91154773e-01 
-1.01600000e-05  4.91369746e-01 
-1.01000000e-05  4.91584800e-01 
-1.00400000e-05  4.91799922e-01 
-9.98000000e-06  4.92015105e-01 
-9.92000000e-06  4.92230367e-01 
-9.86000000e-06  4.92445686e-01 
-9.80000000e-06  4.92661073e-01 
-9.74000000e-06  4.92876522e-01 
-9.68000000e-06  4.93092035e-01 
-9.62000000e-06  4.93307618e-01 
-9.56000000e-06  4.93523248e-01 
-9.50000000e-06  4.93738942e-01 
-9.44000000e-06  4.93954692e-01 
-9.38000000e-06  4.94170506e-01 
-9.32000000e-06  4.94386363e-01 
-9.26000000e-06  4.94602281e-01 
-9.20000000e-06  4.94818249e-01 
-9.14000000e-06  4.95034279e-01 
-9.08000000e-06  4.95250344e-01 
-9.02000000e-06  4.95466479e-01 
-8.96000000e-06  4.95682647e-01 
-8.90000000e-06  4.95898871e-01 
-8.84000000e-06  4.96115135e-01 
-8.78000000e-06  4.96331451e-01 
-8.72000000e-06  4.96547807e-01 
-8.66000000e-06  4.96764216e-01 
-8.60000000e-06  4.96980660e-01 
-8.54000000e-06  4.97197139e-01 
-8.48000000e-06  4.97413669e-01 
-8.42000000e-06  4.97630239e-01 
-8.36000000e-06  4.97846847e-01 
-8.30000000e-06  4.98063504e-01 
-8.24000000e-06  4.98280186e-01 
-8.18000000e-06  4.98496904e-01 
-8.12000000e-06  4.98713669e-01 
-8.06000000e-06  4.98930455e-01 
-8.00000000e-06  4.99147275e-01 
-7.94000000e-06  4.99364144e-01 
-7.88000000e-06  4.99581037e-01 
-7.82000000e-06  4.99797967e-01 
-7.76000000e-06  5.00014916e-01 
-7.70000000e-06  5.00231911e-01 
-7.64000000e-06  5.00448929e-01 
-7.58000000e-06  5.00665977e-01 
-7.52000000e-06  5.00883054e-01 
-7.46000000e-06  5.01100150e-01 
-7.40000000e-06  5.01317290e-01 
-7.34000000e-06  5.01534447e-01 
-7.28000000e-06  5.01751621e-01 
-7.22000000e-06  5.01968822e-01 
-7.16000000e-06  5.02186060e-01 
-7.10000000e-06  5.02403316e-01 
-7.04000000e-06  5.02620594e-01 
-6.98000000e-06  5.02837896e-01 
-6.92000000e-06  5.03055217e-01 
-6.86000000e-06  5.03272560e-01 
-6.80000000e-06  5.03489921e-01 
-6.74000000e-06  5.03707308e-01 
-6.68000000e-06  5.03924713e-01 
-6.62000000e-06  5.04142135e-01 
-6.56000000e-06  5.04359580e-01 
-6.50000000e-06  5.04577041e-01 
-6.44000000e-06  5.04794521e-01 
-6.38000000e-06  5.05012015e-01 
-6.32000000e-06  5.05229525e-01 
-6.26000000e-06  5.05447052e-01 
-6.20000000e-06  5.05664605e-01 
-6.14000000e-06  5.05882162e-01 
-6.08000000e-06  5.06099736e-01 
-6.02000000e-06  5.06317318e-01 
-5.96000000e-06  5.06534918e-01 
-5.90000000e-06  5.06752535e-01 
-5.84000000e-06  5.06970168e-01 
-5.78000000e-06  5.07187800e-01 
-5.72000000e-06  5.07405453e-01 
-5.66000000e-06  5.07623113e-01 
-5.60000000e-06  5.07840798e-01 
-5.54000000e-06  5.08058471e-01 
-5.48000000e-06  5.08276171e-01 
-5.42000000e-06  5.08493881e-01 
-5.36000000e-06  5.08711592e-01 
-5.30000000e-06  5.08929318e-01 
-5.24000000e-06  5.09147048e-01 
-5.18000000e-06  5.09364792e-01 
-5.12000000e-06  5.09582544e-01 
-5.06000000e-06  5.09800307e-01 
-5.00000000e-06  5.10018069e-01 
-4.94000000e-06  5.10235839e-01 
-4.88000000e-06  5.10453625e-01 
-4.82000000e-06  5.10671405e-01 
-4.76000000e-06  5.10889202e-01 
-4.70000000e-06  5.11106997e-01 
-4.64000000e-06  5.11324799e-01 
-4.58000000e-06  5.11542607e-01 
-4.52000000e-06  5.11760426e-01 
-4.46000000e-06  5.11978235e-01 
-4.40000000e-06  5.12196066e-01 
-4.34000000e-06  5.12413900e-01 
-4.28000000e-06  5.12631721e-01 
-4.22000000e-06  5.12849559e-01 
-4.16000000e-06  5.13067395e-01 
-4.10000000e-06  5.13285236e-01 
-4.04000000e-06  5.13503081e-01 
-3.98000000e-06  5.13720931e-01 
-3.92000000e-06  5.13938776e-01 
-3.86000000e-06  5.14156632e-01 
-3.80000000e-06  5.14374490e-01 
-3.74000000e-06  5.14592342e-01 
-3.68000000e-06  5.14810198e-01 
-3.62000000e-06  5.15028052e-01 
-3.56000000e-06  5.15245920e-01 
-3.50000000e-06  5.15463774e-01 
-3.44000000e-06  5.15681643e-01 
-3.38000000e-06  5.15899492e-01 
-3.32000000e-06  5.16117358e-01 
-3.26000000e-06  5.16335216e-01 
-3.20000000e-06  5.16553084e-01 
-3.14000000e-06  5.16770940e-01 
-3.08000000e-06  5.16988804e-01 
-3.02000000e-06  5.17206661e-01 
-2.96000000e-06  5.17424519e-01 
-2.90000000e-06  5.17642380e-01 
-2.84000000e-06  5.17860232e-01 
-2.78000000e-06  5.18078087e-01 
-2.72000000e-06  5.18295933e-01 
-2.66000000e-06  5.18513787e-01 
-2.60000000e-06  5.18731643e-01 
-2.54000000e-06  5.18949486e-01 
-2.48000000e-06  5.19167332e-01 
-2.42000000e-06  5.19385180e-01 
-2.36000000e-06  5.19603020e-01 
-2.30000000e-06  5.19820849e-01 
-2.24000000e-06  5.20038690e-01 
-2.18000000e-06  5.20256520e-01 
-2.12000000e-06  5.20474347e-01 
-2.06000000e-06  5.20692174e-01 
-2.00000000e-06  5.20909997e-01 
-1.94000000e-06  5.21127816e-01 
-1.88000000e-06  5.21345631e-01 
-1.82000000e-06  5.21563446e-01 
-1.76000000e-06  5.21781254e-01 
-1.70000000e-06  5.21999055e-01 
-1.64000000e-06  5.22216856e-01 
-1.58000000e-06  5.22434647e-01 
-1.52000000e-06  5.22652440e-01 
-1.46000000e-06  5.22870230e-01 
-1.40000000e-06  5.23088015e-01 
-1.34000000e-06  5.23305789e-01 
-1.28000000e-06  5.23523558e-01 
-1.22000000e-06  5.23741331e-01 
-1.16000000e-06  5.23959088e-01 
-1.10000000e-06  5.24176847e-01 
-1.04000000e-06  5.24394598e-01 
-9.80000000e-07  5.24612347e-01 
-9.20000000e-07  5.24830092e-01 
-8.60000000e-07  5.25047831e-01 
-8.00000000e-07  5.25265561e-01 
-7.40000000e-07  5.25483288e-01 
-6.80000000e-07  5.25701011e-01 
-6.20000000e-07  5.25918715e-01 
-5.60000000e-07  5.26136426e-01 
-5.00000000e-07  5.26354129e-01 
-4.40000000e-07  5.26571833e-01 
-3.80000000e-07  5.26789514e-01 
-3.20000000e-07  5.27007204e-01 
-2.60000000e-07  5.27224883e-01 
-2.00000000e-07  5.27442560e-01 
-1.40000000e-07  5.27660219e-01 
-8.00000000e-08  5.27877881e-01 
-2.00000000e-08  5.28095530e-01 
 4.00000000e-08  5.28313186e-01 
 1.00000000e-07  5.28530822e-01 
 1.60000000e-07  5.28748454e-01 
 2.20000000e-07  5.28966082e-01 
 2.80000000e-07  5.29183703e-01 
 3.40000000e-07  5.29401306e-01 
 4.00000000e-07  5.29618911e-01 
 4.60000000e-07  5.29836502e-01 
 5.20000000e-07  5.30054100e-01 
 5.80000000e-07  5.30271683e-01 
 6.40000000e-07  5.30489256e-01 
 7.00000000e-07  5.30706829e-01 
 7.60000000e-07  5.30924391e-01 
 8.20000000e-07  5.31141942e-01 
 8.80000000e-07  5.31359493e-01 
 9.40000000e-07  5.31577037e-01 
 1.00000000e-06  5.31794563e-01 
 1.06000000e-06  5.32012084e-01 
 1.12000000e-06  5.32229603e-01 
 1.18000000e-06  5.32447113e-01 
 1.24000000e-06  5.32664618e-01 
 1.30000000e-06  5.32882109e-01 
 1.36000000e-06  5.33099596e-01 
 1.42000000e-06  5.33317072e-01 
 1.48000000e-06  5.33534541e-01 
 1.54000000e-06  5.33752002e-01 
 1.60000000e-06  5.33969462e-01 
 1.66000000e-06  5.34186899e-01 
 1.72000000e-06  5.34404339e-01 
 1.78000000e-06  5.34621769e-01 
 1.84000000e-06  5.34839192e-01 
 1.90000000e-06  5.35056599e-01 
 1.96000000e-06  5.35274004e-01 
 2.02000000e-06  5.35491395e-01 
 2.08000000e-06  5.35708780e-01 
 2.14000000e-06  5.35926161e-01 
 2.20000000e-06  5.36143530e-01 
 2.26000000e-06  5.36360895e-01 
 2.32000000e-06  5.36578244e-01 
 2.38000000e-06  5.36795590e-01 
 2.44000000e-06  5.37012929e-01 
 2.50000000e-06  5.37230255e-01 
 2.56000000e-06  5.37447575e-01 
 2.62000000e-06  5.37664881e-01 
 2.68000000e-06  5.37882184e-01 
 2.74000000e-06  5.38099481e-01 
 2.80000000e-06  5.38316758e-01 
 2.86000000e-06  5.38534034e-01 
 2.92000000e-06  5.38751298e-01 
 2.98000000e-06  5.38968553e-01 
 3.04000000e-06  5.39185805e-01 
 3.10000000e-06  5.39403041e-01 
 3.16000000e-06  5.39620267e-01 
 3.22000000e-06  5.39837488e-01 
 3.28000000e-06  5.40054695e-01 
 3.34000000e-06  5.40271897e-01 
 3.40000000e-06  5.40489087e-01 
 3.46000000e-06  5.40706272e-01 
 3.52000000e-06  5.40923441e-01 
 3.58000000e-06  5.41140611e-01 
 3.64000000e-06  5.41357767e-01 
 3.70000000e-06  5.41574909e-01 
 3.76000000e-06  5.41792041e-01 
 3.82000000e-06  5.42009175e-01 
 3.88000000e-06  5.42226292e-01 
 3.94000000e-06  5.42443389e-01 
 4.00000000e-06  5.42660482e-01 
 4.06000000e-06  5.42877574e-01 
 4.12000000e-06  5.43094652e-01 
 4.18000000e-06  5.43311715e-01 
 4.24000000e-06  5.43528777e-01 
 4.30000000e-06  5.43745828e-01 
 4.36000000e-06  5.43962862e-01 
 4.42000000e-06  5.44179886e-01 
 4.48000000e-06  5.44396903e-01 
 4.54000000e-06  5.44613914e-01 
 4.60000000e-06  5.44830919e-01 
 4.66000000e-06  5.45047900e-01 
 4.72000000e-06  5.45264883e-01 
 4.78000000e-06  5.45481854e-01 
 4.84000000e-06  5.45698808e-01 
 4.90000000e-06  5.45915758e-01 
 4.96000000e-06  5.46132693e-01 
 5.02000000e-06  5.46349615e-01 
 5.08000000e-06  5.46566536e-01 
 5.14000000e-06  5.46783444e-01 
 5.20000000e-06  5.47000341e-01 
 5.26000000e-06  5.47217222e-01 
 5.32000000e-06  5.47434105e-01 
 5.38000000e-06  5.47650962e-01 
 5.44000000e-06  5.47867816e-01 
 5.50000000e-06  5.48084656e-01 
 5.56000000e-06  5.48301492e-01 
 5.62000000e-06  5.48518322e-01 
 5.68000000e-06  5.48735136e-01 
 5.74000000e-06  5.48951936e-01 
 5.80000000e-06  5.49168719e-01 
 5.86000000e-06  5.49385502e-01 
 5.92000000e-06  5.49602273e-01 
 5.98000000e-06  5.49819029e-01 
 6.04000000e-06  5.50035778e-01 
 6.10000000e-06  5.50252517e-01 
 6.16000000e-06  5.50469241e-01 
 6.22000000e-06  5.50685953e-01 
 6.28000000e-06  5.50902653e-01 
 6.34000000e-06  5.51119343e-01 
 6.40000000e-06  5.51336030e-01 
 6.46000000e-06  5.51552700e-01 
 6.52000000e-06  5.51769365e-01 
 6.58000000e-06  5.51986005e-01 
 6.64000000e-06  5.52202633e-01 
 6.70000000e-06  5.52419262e-01 
 6.76000000e-06  5.52635886e-01 
 6.82000000e-06  5.52852474e-01 
 6.88000000e-06  5.53069065e-01 
 6.94000000e-06  5.53285642e-01 
 7.00000000e-06  5.53502211e-01 
 7.06000000e-06  5.53718766e-01 
 7.12000000e-06  5.53935308e-01 
 7.18000000e-06  5.54151838e-01 
 7.24000000e-06  5.54368356e-01 
 7.30000000e-06  5.54584866e-01 
 7.36000000e-06  5.54801354e-01 
 7.42000000e-06  5.55017841e-01 
 7.48000000e-06  5.55234316e-01 
 7.54000000e-06  5.55450770e-01 
 7.60000000e-06  5.55667215e-01 
 7.66000000e-06  5.55883659e-01 
 7.72000000e-06  5.56100083e-01 
 7.78000000e-06  5.56316491e-01 
 7.84000000e-06  5.56532884e-01 
 7.90000000e-06  5.56749280e-01 
 7.96000000e-06  5.56965651e-01 
 8.02000000e-06  5.57182008e-01 
 8.08000000e-06  5.57398358e-01 
 8.14000000e-06  5.57614700e-01 
 8.20000000e-06  5.57831019e-01 
 8.26000000e-06  5.58047340e-01 
 8.32000000e-06  5.58263636e-01 
 8.38000000e-06  5.58479918e-01 
 8.44000000e-06  5.58696185e-01 
 8.50000000e-06  5.58912453e-01 
 8.56000000e-06  5.59128699e-01 
 8.62000000e-06  5.59344930e-01 
 8.68000000e-06  5.59561151e-01 
 8.74000000e-06  5.59777363e-01 
 8.80000000e-06  5.59993559e-01 
 8.86000000e-06  5.60209735e-01 
 8.92000000e-06  5.60425914e-01 
 8.98000000e-06  5.60642059e-01 
 9.04000000e-06  5.60858202e-01 
 9.10000000e-06  5.61074323e-01 
 9.16000000e-06  5.61290448e-01 
 9.22000000e-06  5.61506549e-01 
 9.28000000e-06  5.61722640e-01 
 9.34000000e-06  5.61938709e-01 
 9.40000000e-06  5.62154766e-01 
 9.46000000e-06  5.62370822e-01 
 9.52000000e-06  5.62586844e-01 
 9.58000000e-06  5.62802865e-01 
 9.64000000e-06  5.63018876e-01 
 9.70000000e-06  5.63234867e-01 
 9.76000000e-06  5.63450841e-01 
 9.82000000e-06  5.63666808e-01 
 9.88000000e-06  5.63882748e-01 
 9.94000000e-06  5.64098685e-01 
 1.00000000e-05  5.64314600e-01 
 1.00600000e-05  5.64530503e-01 
 1.01200000e-05  5.64746404e-01 
 1.01800000e-05  5.64962275e-01 
 1.02400000e-05  5.65178137e-01 
 1.03000000e-05  5.65393987e-01 
 1.03600000e-05  5.65609817e-01 
 1.04200000e-05  5.65825639e-01 
 1.04800000e-05  5.66041435e-01 
 1.05400000e-05  5.66257230e-01 
 1.06000000e-05  5.66472997e-01 
 1.06600000e-05  5.66688742e-01 
 1.07200000e-05  5.66904493e-01 
 1.07800000e-05  5.67120217e-01 
 1.08400000e-05  5.67335932e-01 
 1.09000000e-05  5.67551630e-01 
 1.09600000e-05  5.67767302e-01 
 1.10200000e-05  5.67982973e-01 
 1.10800000e-05  5.68198615e-01 
 1.11400000e-05  5.68414250e-01 
 1.12000000e-05  5.68629863e-01 
 1.12600000e-05  5.68845469e-01 
 1.13200000e-05  5.69061057e-01 
 1.13800000e-05  5.69276620e-01 
 1.14400000e-05  5.69492182e-01 
 1.15000000e-05  5.69707708e-01 
 1.15600000e-05  5.69923232e-01 
 1.16200000e-05  5.70138733e-01 
 1.16800000e-05  5.70354221e-01 
 1.17400000e-05  5.70569697e-01 
 1.18000000e-05  5.70785150e-01 
 1.18600000e-05  5.71000591e-01 
 1.19200000e-05  5.71216012e-01 
 1.19800000e-05  5.71431418e-01 
 1.20400000e-05  5.71646798e-01 
 1.21000000e-05  5.71862171e-01 
 1.21600000e-05  5.72077522e-01 
 1.22200000e-05  5.72292859e-01 
 1.22800000e-05  5.72508169e-01 
 1.23400000e-05  5.72723480e-01 
 1.24000000e-05  5.72938759e-01 
 1.24600000e-05  5.73154028e-01 
 1.25200000e-05  5.73369270e-01 
 1.25800000e-05  5.73584504e-01 
 1.26400000e-05  5.73799717e-01 
 1.27000000e-05  5.74014910e-01 
 1.27600000e-05  5.74230088e-01 
 1.28200000e-05  5.74445247e-01 
 1.28800000e-05  5.74660386e-01 
 1.29400000e-05  5.74875505e-01 
 1.30000000e-05  5.75090606e-01 
 1.30600000e-05  5.75305699e-01 
 1.31200000e-05  5.75520760e-01 
 1.31800000e-05  5.75735811e-01 
 1.32400000e-05  5.75950836e-01 
 1.33000000e-05  5.76165838e-01 
 1.33600000e-05  5.76380827e-01 
 1.34200000e-05  5.76595803e-01 
 1.34800000e-05  5.76810758e-01 
 1.35400000e-05  5.77025680e-01 
 1.36000000e-05  5.77240595e-01 
 1.36600000e-05  5.77455487e-01 
 1.37200000e-05  5.77670364e-01 
 1.37800000e-05  5.77885218e-01 
 1.38400000e-05  5.78100055e-01 
 1.39000000e-05  5.78314861e-01 
 1.39600000e-05  5.78529663e-01 
 1.40200000e-05  5.78744436e-01 
 1.40800000e-05  5.78959180e-01 
 1.41400000e-05  5.79173923e-01 
 1.42000000e-05  5.79388633e-01 
 1.42600000e-05  5.79603324e-01 
 1.43200000e-05  5.79817997e-01 
 1.43800000e-05  5.80032644e-01 
 1.44400000e-05  5.80247274e-01 
 1.45000000e-05  5.80461882e-01 
 1.45600000e-05  5.80676464e-01 
 1.46200000e-05  5.80891032e-01 
 1.46800000e-05  5.81105572e-01 
 1.47400000e-05  5.81320101e-01 
 1.48000000e-05  5.81534589e-01 
 1.48600000e-05  5.81749069e-01 
 1.49200000e-05  5.81963532e-01 
 1.49800000e-05  5.82177968e-01 
 1.50400000e-05  5.82392374e-01 
 1.51000000e-05  5.82606769e-01 
 1.51600000e-05  5.82821136e-01 
 1.52200000e-05  5.83035477e-01 
 1.52800000e-05  5.83249802e-01 
 1.53400000e-05  5.83464095e-01 
 1.54000000e-05  5.83678377e-01 
 1.54600000e-05  5.83892621e-01 
 1.55200000e-05  5.84106864e-01 
 1.55800000e-05  5.84321061e-01 
 1.56400000e-05  5.84535247e-01 
 1.57000000e-05  5.84749408e-01 
 1.57600000e-05  5.84963539e-01 
 1.58200000e-05  5.85177652e-01 
 1.58800000e-05  5.85391733e-01 
 1.59400000e-05  5.85605800e-01 
 1.60000000e-05  5.85819845e-01 
 1.60600000e-05  5.86033861e-01 
 1.61200000e-05  5.86247848e-01 
 1.61800000e-05  5.86461816e-01 
 1.62400000e-05  5.86675753e-01 
 1.63000000e-05  5.86889671e-01 
 1.63600000e-05  5.87103561e-01 
 1.64200000e-05  5.87317428e-01 
 1.64800000e-05  5.87531270e-01 
 1.65400000e-05  5.87745081e-01 
 1.66000000e-05  5.87958868e-01 
 1.66600000e-05  5.88172644e-01 
 1.67200000e-05  5.88386374e-01 
 1.67800000e-05  5.88600087e-01 
 1.68400000e-05  5.88813774e-01 
 1.69000000e-05  5.89027431e-01 
 1.69600000e-05  5.89241058e-01 
 1.70200000e-05  5.89454667e-01 
 1.70800000e-05  5.89668250e-01 
 1.71400000e-05  5.89881787e-01 
 1.72000000e-05  5.90095321e-01 
 1.72600000e-05  5.90308817e-01 
 1.73200000e-05  5.90522293e-01 
 1.73800000e-05  5.90735725e-01 
 1.74400000e-05  5.90949140e-01 
 1.75000000e-05  5.91162530e-01 
 1.75600000e-05  5.91375880e-01 
 1.76200000e-05  5.91589217e-01 
 1.76800000e-05  5.91802520e-01 
 1.77400000e-05  5.92015788e-01 
 1.78000000e-05  5.92229031e-01 
 1.78600000e-05  5.92442252e-01 
 1.79200000e-05  5.92655432e-01 
 1.79800000e-05  5.92868590e-01 
 1.80400000e-05  5.93081721e-01 
 1.81000000e-05  5.93294810e-01 
 1.81600000e-05  5.93507880e-01 
 1.82200000e-05  5.93720920e-01 
 1.82800000e-05  5.93933931e-01 
 1.83400000e-05  5.94146907e-01 
 1.84000000e-05  5.94359853e-01 
 1.84600000e-05  5.94572774e-01 
 1.85200000e-05  5.94785655e-01 
 1.85800000e-05  5.94998515e-01 
 1.86400000e-05  5.95211340e-01 
 1.87000000e-05  5.95424127e-01 
 1.87600000e-05  5.95636892e-01 
 1.88200000e-05  5.95849625e-01 
 1.88800000e-05  5.96062324e-01 
 1.89400000e-05  5.96274989e-01 
 1.90000000e-05  5.96487621e-01 
 1.90600000e-05  5.96700222e-01 
 1.91200000e-05  5.96912789e-01 
 1.91800000e-05  5.97125326e-01 
 1.92400000e-05  5.97337821e-01 
 1.93000000e-05  5.97550298e-01 
 1.93600000e-05  5.97762729e-01 
 1.94200000e-05  5.97975139e-01 
 1.94800000e-05  5.98187509e-01 
 1.95400000e-05  5.98399846e-01 
 1.96000000e-05  5.98612139e-01 
 1.96600000e-05  5.98824411e-01 
 1.97200000e-05  5.99036645e-01 
 1.97800000e-05  5.99248841e-01 
 1.98400000e-05  5.99461006e-01 
 1.99000000e-05  5.99673133e-01 
 1.99600000e-05  5.99885222e-01 
 2.00200000e-05  6.00097280e-01 
 2.00800000e-05  6.00309308e-01 
 2.01400000e-05  6.00521291e-01 
 2.02000000e-05  6.00733241e-01 
 2.02600000e-05  6.00945155e-01 
 2.03200000e-05  6.01157029e-01 
 2.03800000e-05  6.01368876e-01 
 2.04400000e-05  6.01580681e-01 
 2.05000000e-05  6.01792453e-01 
 2.05600000e-05  6.02004176e-01 
 2.06200000e-05  6.02215870e-01 
 2.06800000e-05  6.02427518e-01 
 2.07400000e-05  6.02639138e-01 
 2.08000000e-05  6.02850716e-01 
 2.08600000e-05  6.03062257e-01 
 2.09200000e-05  6.03273758e-01 
 2.09800000e-05  6.03485223e-01 
 2.10400000e-05  6.03696644e-01 
 2.11000000e-05  6.03908028e-01 
 2.11600000e-05  6.04119367e-01 
 2.12200000e-05  6.04330673e-01 
 2.12800000e-05  6.04541942e-01 
 2.13400000e-05  6.04753163e-01 
 2.14000000e-05  6.04964353e-01 
 2.14600000e-05  6.05175497e-01 
 2.15200000e-05  6.05386598e-01 
 2.15800000e-05  6.05597661e-01 
 2.16400000e-05  6.05808681e-01 
 2.17000000e-05  6.06019663e-01 
 2.17600000e-05  6.06230602e-01 
 2.18200000e-05  6.06441499e-01 
 2.18800000e-05  6.06652345e-01 
 2.19400000e-05  6.06863165e-01 
 2.20000000e-05  6.07073933e-01 
 2.20600000e-05  6.07284658e-01 
 2.21200000e-05  6.07495338e-01 
 2.21800000e-05  6.07705981e-01 
 2.22400000e-05  6.07916568e-01 
 2.23000000e-05  6.08127125e-01 
 2.23600000e-05  6.08337630e-01 
 2.24200000e-05  6.08548089e-01 
 2.24800000e-05  6.08758515e-01 
 2.25400000e-05  6.08968879e-01 
 2.26000000e-05  6.09179215e-01 
 2.26600000e-05  6.09389498e-01 
 2.27200000e-05  6.09599741e-01 
 2.27800000e-05  6.09809929e-01 
 2.28400000e-05  6.10020072e-01 
 2.29000000e-05  6.10230167e-01 
 2.29600000e-05  6.10440214e-01 
 2.30200000e-05  6.10650222e-01 
 2.30800000e-05  6.10860187e-01 
 2.31400000e-05  6.11070092e-01 
 2.32000000e-05  6.11279952e-01 
 2.32600000e-05  6.11489768e-01 
 2.33200000e-05  6.11699532e-01 
 2.33800000e-05  6.11909253e-01 
 2.34400000e-05  6.12118922e-01 
 2.35000000e-05  6.12328536e-01 
 2.35600000e-05  6.12538113e-01 
 2.36200000e-05  6.12747633e-01 
 2.36800000e-05  6.12957112e-01 
 2.37400000e-05  6.13166523e-01 
 2.38000000e-05  6.13375895e-01 
 2.38600000e-05  6.13585223e-01 
 2.39200000e-05  6.13794492e-01 
 2.39800000e-05  6.14003704e-01 
 2.40400000e-05  6.14212864e-01 
 2.41000000e-05  6.14421976e-01 
 2.41600000e-05  6.14631038e-01 
 2.42200000e-05  6.14840047e-01 
 2.42800000e-05  6.15049005e-01 
 2.43400000e-05  6.15257913e-01 
 2.44000000e-05  6.15466759e-01 
 2.44600000e-05  6.15675551e-01 
 2.45200000e-05  6.15884298e-01 
 2.45800000e-05  6.16092980e-01 
 2.46400000e-05  6.16301616e-01 
 2.47000000e-05  6.16510195e-01 
 2.47600000e-05  6.16718718e-01 
 2.48200000e-05  6.16927185e-01 
 2.48800000e-05  6.17135598e-01 
 2.49400000e-05  6.17343957e-01 
 2.50000000e-05  6.17552256e-01 
 2.50600000e-05  6.17760496e-01 
 2.51200000e-05  6.17968680e-01 
 2.51800000e-05  6.18176822e-01 
 2.52400000e-05  6.18384891e-01 
 2.53000000e-05  6.18592898e-01 
 2.53600000e-05  6.18800859e-01 
 2.54200000e-05  6.19008754e-01 
 2.54800000e-05  6.19216583e-01 
 2.55400000e-05  6.19424367e-01 
 2.56000000e-05  6.19632091e-01 
 2.56600000e-05  6.19839744e-01 
 2.57200000e-05  6.20047343e-01 
 2.57800000e-05  6.20254875e-01 
 2.58400000e-05  6.20462356e-01 
 2.59000000e-05  6.20669772e-01 
 2.59600000e-05  6.20877125e-01 
 2.60200000e-05  6.21084421e-01 
 2.60800000e-05  6.21291644e-01 
 2.61400000e-05  6.21498816e-01 
 2.62000000e-05  6.21705920e-01 
 2.62600000e-05  6.21912969e-01 
 2.63200000e-05  6.22119940e-01 
 2.63800000e-05  6.22326859e-01 
 2.64400000e-05  6.22533703e-01 
 2.65000000e-05  6.22740481e-01 
 2.65600000e-05  6.22947206e-01 
 2.66200000e-05  6.23153861e-01 
 2.66800000e-05  6.23360452e-01 
 2.67400000e-05  6.23566971e-01 
 2.68000000e-05  6.23773430e-01 
 2.68600000e-05  6.23979816e-01 
 2.69200000e-05  6.24186138e-01 
 2.69800000e-05  6.24392396e-01 
 2.70400000e-05  6.24598586e-01 
 2.71000000e-05  6.24804705e-01 
 2.71600000e-05  6.25010747e-01 
 2.72200000e-05  6.25216737e-01 
 2.72800000e-05  6.25422641e-01 
 2.73400000e-05  6.25628485e-01 
 2.74000000e-05  6.25834257e-01 
 2.74600000e-05  6.26039957e-01 
 2.75200000e-05  6.26245585e-01 
 2.75800000e-05  6.26451144e-01 
 2.76400000e-05  6.26656638e-01 
 2.77000000e-05  6.26862043e-01 
 2.77600000e-05  6.27067390e-01 
 2.78200000e-05  6.27272660e-01 
 2.78800000e-05  6.27477854e-01 
 2.79400000e-05  6.27682977e-01 
 2.80000000e-05  6.27888028e-01 
 2.80600000e-05  6.28093000e-01 
 2.81200000e-05  6.28297902e-01 
 2.81800000e-05  6.28502729e-01 
 2.82400000e-05  6.28707471e-01 
 2.83000000e-05  6.28912150e-01 
 2.83600000e-05  6.29116747e-01 
 2.84200000e-05  6.29321263e-01 
 2.84800000e-05  6.29525708e-01 
 2.85400000e-05  6.29730073e-01 
 2.86000000e-05  6.29934357e-01 
 2.86600000e-05  6.30138564e-01 
 2.87200000e-05  6.30342698e-01 
 2.87800000e-05  6.30546747e-01 
 2.88400000e-05  6.30750713e-01 
 2.89000000e-05  6.30954601e-01 
 2.89600000e-05  6.31158407e-01 
 2.90200000e-05  6.31362135e-01 
 2.90800000e-05  6.31565790e-01 
 2.91400000e-05  6.31769346e-01 
 2.92000000e-05  6.31972831e-01 
 2.92600000e-05  6.32176230e-01 
 2.93200000e-05  6.32379538e-01 
 2.93800000e-05  6.32582778e-01 
 2.94400000e-05  6.32785932e-01 
 2.95000000e-05  6.32988997e-01 
 2.95600000e-05  6.33191967e-01 
 2.96200000e-05  6.33394858e-01 
 2.96800000e-05  6.33597667e-01 
 2.97400000e-05  6.33800384e-01 
 2.98000000e-05  6.34003024e-01 
 2.98600000e-05  6.34205569e-01 
 2.99200000e-05  6.34408024e-01 
 2.99800000e-05  6.34610398e-01 
 3.00400000e-05  6.34812674e-01 
 3.01000000e-05  6.35014869e-01 
 3.01600000e-05  6.35216974e-01 
 3.02200000e-05  6.35418981e-01 
 3.02800000e-05  6.35620907e-01 
 3.03400000e-05  6.35822743e-01 
 3.04000000e-05  6.36024479e-01 
 3.04600000e-05  6.36226125e-01 
 3.05200000e-05  6.36427685e-01 
 3.05800000e-05  6.36629144e-01 
 3.06400000e-05  6.36830512e-01 
 3.07000000e-05  6.37031785e-01 
 3.07600000e-05  6.37232972e-01 
 3.08200000e-05  6.37434048e-01 
 3.08800000e-05  6.37635036e-01 
 3.09400000e-05  6.37835934e-01 
 3.10000000e-05  6.38036728e-01 
 3.10600000e-05  6.38237437e-01 
 3.11200000e-05  6.38438025e-01 
 3.11800000e-05  6.38638533e-01 
 3.12400000e-05  6.38838948e-01 
 3.13000000e-05  6.39039252e-01 
 3.13600000e-05  6.39239458e-01 
 3.14200000e-05  6.39439561e-01 
 3.14800000e-05  6.39639576e-01 
 3.15400000e-05  6.39839486e-01 
 3.16000000e-05  6.40039286e-01 
 3.16600000e-05  6.40238986e-01 
 3.17200000e-05  6.40438582e-01 
 3.17800000e-05  6.40638083e-01 
 3.18400000e-05  6.40837475e-01 
 3.19000000e-05  6.41036763e-01 
 3.19600000e-05  6.41235953e-01 
 3.20200000e-05  6.41435026e-01 
 3.20800000e-05  6.41634004e-01 
 3.21400000e-05  6.41832863e-01 
 3.22000000e-05  6.42031624e-01 
 3.22600000e-05  6.42230277e-01 
 3.23200000e-05  6.42428814e-01 
 3.23800000e-05  6.42627256e-01 
 3.24400000e-05  6.42825580e-01 
 3.25000000e-05  6.43023799e-01 
 3.25600000e-05  6.43221904e-01 
 3.26200000e-05  6.43419901e-01 
 3.26800000e-05  6.43617785e-01 
 3.27400000e-05  6.43815557e-01 
 3.28000000e-05  6.44013211e-01 
 3.28600000e-05  6.44210763e-01 
 3.29200000e-05  6.44408185e-01 
 3.29800000e-05  6.44605510e-01 
 3.30400000e-05  6.44802718e-01 
 3.31000000e-05  6.44999809e-01 
 3.31600000e-05  6.45196776e-01 
 3.32200000e-05  6.45393624e-01 
 3.32800000e-05  6.45590369e-01 
 3.33400000e-05  6.45786996e-01 
 3.34000000e-05  6.45983496e-01 
 3.34600000e-05  6.46179880e-01 
 3.35200000e-05  6.46376137e-01 
 3.35800000e-05  6.46572284e-01 
 3.36400000e-05  6.46768309e-01 
 3.37000000e-05  6.46964219e-01 
 3.37600000e-05  6.47159991e-01 
 3.38200000e-05  6.47355646e-01 
 3.38800000e-05  6.47551186e-01 
 3.39400000e-05  6.47746596e-01 
 3.40000000e-05  6.47941881e-01 
 3.40600000e-05  6.48137046e-01 
 3.41200000e-05  6.48332081e-01 
 3.41800000e-05  6.48526995e-01 
 3.42400000e-05  6.48721774e-01 
 3.43000000e-05  6.48916424e-01 
 3.43600000e-05  6.49110955e-01 
 3.44200000e-05  6.49305348e-01 
 3.44800000e-05  6.49499624e-01 
 3.45400000e-05  6.49693766e-01 
 3.46000000e-05  6.49887768e-01 
 3.46600000e-05  6.50081650e-01 
 3.47200000e-05  6.50275400e-01 
 3.47800000e-05  6.50469010e-01 
 3.48400000e-05  6.50662491e-01 
 3.49000000e-05  6.50855831e-01 
 3.49600000e-05  6.51049053e-01 
 3.50200000e-05  6.51242124e-01 
 3.50800000e-05  6.51435066e-01 
 3.51400000e-05  6.51627877e-01 
 3.52000000e-05  6.51820537e-01 
 3.52600000e-05  6.52013076e-01 
 3.53200000e-05  6.52205462e-01 
 3.53800000e-05  6.52397714e-01 
 3.54400000e-05  6.52589830e-01 
 3.55000000e-05  6.52781798e-01 
 3.55600000e-05  6.52973637e-01 
 3.56200000e-05  6.53165320e-01 
 3.56800000e-05  6.53356873e-01 
 3.57400000e-05  6.53548278e-01 
 3.58000000e-05  6.53739534e-01 
 3.58600000e-05  6.53930655e-01 
 3.59200000e-05  6.54121617e-01 
 3.59800000e-05  6.54312451e-01 
 3.60400000e-05  6.54503132e-01 
 3.61000000e-05  6.54693662e-01 
 3.61600000e-05  6.54884049e-01 
 3.62200000e-05  6.55074285e-01 
 3.62800000e-05  6.55264365e-01 
 3.63400000e-05  6.55454303e-01 
 3.64000000e-05  6.55644093e-01 
 3.64600000e-05  6.55833729e-01 
 3.65200000e-05  6.56023205e-01 
 3.65800000e-05  6.56212534e-01 
 3.66400000e-05  6.56401713e-01 
 3.67000000e-05  6.56590738e-01 
 3.67600000e-05  6.56779606e-01 
 3.68200000e-05  6.56968322e-01 
 3.68800000e-05  6.57156870e-01 
 3.69400000e-05  6.57345272e-01 
 3.70000000e-05  6.57533514e-01 
 3.70600000e-05  6.57721600e-01 
 3.71200000e-05  6.57909518e-01 
 3.71800000e-05  6.58097289e-01 
 3.72400000e-05  6.58284893e-01 
 3.73000000e-05  6.58472335e-01 
 3.73600000e-05  6.58659617e-01 
 3.74200000e-05  6.58846730e-01 
 3.74800000e-05  6.59033682e-01 
 3.75400000e-05  6.59220476e-01 
 3.76000000e-05  6.59407103e-01 
 3.76600000e-05  6.59593567e-01 
 3.77200000e-05  6.59779856e-01 
 3.77800000e-05  6.59965981e-01 
 3.78400000e-05  6.60151939e-01 
 3.79000000e-05  6.60337732e-01 
 3.79600000e-05  6.60523348e-01 
 3.80200000e-05  6.60708805e-01 
 3.80800000e-05  6.60894082e-01 
 3.81400000e-05  6.61079188e-01 
 3.82000000e-05  6.61264133e-01 
 3.82600000e-05  6.61448897e-01 
 3.83200000e-05  6.61633490e-01 
 3.83800000e-05  6.61817902e-01 
 3.84400000e-05  6.62002143e-01 
 3.85000000e-05  6.62186205e-01 
 3.85600000e-05  6.62370093e-01 
 3.86200000e-05  6.62553807e-01 
 3.86800000e-05  6.62737337e-01 
 3.87400000e-05  6.62920691e-01 
 3.88000000e-05  6.63103865e-01 
 3.88600000e-05  6.63286862e-01 
 3.89200000e-05  6.63469673e-01 
 3.89800000e-05  6.63652306e-01 
 3.90400000e-05  6.63834754e-01 
 3.91000000e-05  6.64017011e-01 
 3.91600000e-05  6.64199096e-01 
 3.92200000e-05  6.64380989e-01 
 3.92800000e-05  6.64562704e-01 
 3.93400000e-05  6.64744223e-01 
 3.94000000e-05  6.64925555e-01 
 3.94600000e-05  6.65106706e-01 
 3.95200000e-05  6.65287666e-01 
 3.95800000e-05  6.65468431e-01 
 3.96400000e-05  6.65649018e-01 
 3.97000000e-05  6.65829402e-01 
 3.97600000e-05  6.66009605e-01 
 3.98200000e-05  6.66189608e-01 
 3.98800000e-05  6.66369420e-01 
 3.99400000e-05  6.66549036e-01 
 4.00000000e-05  6.66728454e-01 
