 time            v(inp)          v(out)         
 0.00000000e+00  4.00000000e-01  4.03961054e-01 
 1.10000000e-11  4.00000000e-01  4.03961054e-01 
 2.20000000e-11  4.00000000e-01  4.03961054e-01 
 4.40000000e-11  4.00000000e-01  4.03961054e-01 
 8.80000000e-11  4.00000000e-01  4.03961054e-01 
 1.76000000e-10  4.00000000e-01  4.03961054e-01 
 3.52000000e-10  4.00000000e-01  4.03961054e-01 
 7.04000000e-10  4.00000000e-01  4.03961054e-01 
 1.40800000e-09  4.00000000e-01  4.03961054e-01 
 2.50800000e-09  4.00000000e-01  4.03961054e-01 
 3.60800000e-09  4.00000000e-01  4.03961054e-01 
 4.70800000e-09  4.00000000e-01  4.03961054e-01 
 5.80800000e-09  4.00000000e-01  4.03961054e-01 
 6.90800000e-09  4.00000000e-01  4.03961054e-01 
 8.00800000e-09  4.00000000e-01  4.03961054e-01 
 9.10800000e-09  4.00000000e-01  4.03961054e-01 
 1.02080000e-08  4.00000000e-01  4.03961054e-01 
 1.13080000e-08  4.00000000e-01  4.03961054e-01 
 1.24080000e-08  4.00000000e-01  4.03961054e-01 
 1.35080000e-08  4.00000000e-01  4.03961054e-01 
 1.46080000e-08  4.00000000e-01  4.03961054e-01 
 1.57080000e-08  4.00000000e-01  4.03961054e-01 
 1.68080000e-08  4.00000000e-01  4.03961054e-01 
 1.79080000e-08  4.00000000e-01  4.03961054e-01 
 1.90080000e-08  4.00000000e-01  4.03961054e-01 
 2.01080000e-08  4.00000000e-01  4.03961054e-01 
 2.12080000e-08  4.00000000e-01  4.03961054e-01 
 2.23080000e-08  4.00000000e-01  4.03961054e-01 
 2.34080000e-08  4.00000000e-01  4.03961054e-01 
 2.45080000e-08  4.00000000e-01  4.03961054e-01 
 2.56080000e-08  4.00000000e-01  4.03961054e-01 
 2.67080000e-08  4.00000000e-01  4.03961054e-01 
 2.78080000e-08  4.00000000e-01  4.03961054e-01 
 2.89080000e-08  4.00000000e-01  4.03961054e-01 
 3.00080000e-08  4.00000000e-01  4.03961054e-01 
 3.11080000e-08  4.00000000e-01  4.03961054e-01 
 3.22080000e-08  4.00000000e-01  4.03961054e-01 
 3.33080000e-08  4.00000000e-01  4.03961054e-01 
 3.44080000e-08  4.00000000e-01  4.03961054e-01 
 3.55080000e-08  4.00000000e-01  4.03961054e-01 
 3.66080000e-08  4.00000000e-01  4.03961054e-01 
 3.77080000e-08  4.00000000e-01  4.03961054e-01 
 3.88080000e-08  4.00000000e-01  4.03961054e-01 
 3.99080000e-08  4.00000000e-01  4.03961054e-01 
 4.10080000e-08  4.00000000e-01  4.03961054e-01 
 4.21080000e-08  4.00000000e-01  4.03961054e-01 
 4.32080000e-08  4.00000000e-01  4.03961054e-01 
 4.43080000e-08  4.00000000e-01  4.03961054e-01 
 4.54080000e-08  4.00000000e-01  4.03961054e-01 
 4.65080000e-08  4.00000000e-01  4.03961054e-01 
 4.76080000e-08  4.00000000e-01  4.03961054e-01 
 4.87080000e-08  4.00000000e-01  4.03961054e-01 
 4.98080000e-08  4.00000000e-01  4.03961054e-01 
 5.09080000e-08  4.00000000e-01  4.03961054e-01 
 5.20080000e-08  4.00000000e-01  4.03961054e-01 
 5.31080000e-08  4.00000000e-01  4.03961054e-01 
 5.42080000e-08  4.00000000e-01  4.03961054e-01 
 5.53080000e-08  4.00000000e-01  4.03961054e-01 
 5.64080000e-08  4.00000000e-01  4.03961054e-01 
 5.75080000e-08  4.00000000e-01  4.03961054e-01 
 5.86080000e-08  4.00000000e-01  4.03961054e-01 
 5.97080000e-08  4.00000000e-01  4.03961054e-01 
 6.08080000e-08  4.00000000e-01  4.03961054e-01 
 6.19080000e-08  4.00000000e-01  4.03961054e-01 
 6.30080000e-08  4.00000000e-01  4.03961054e-01 
 6.41080000e-08  4.00000000e-01  4.03961054e-01 
 6.52080000e-08  4.00000000e-01  4.03961054e-01 
 6.63080000e-08  4.00000000e-01  4.03961054e-01 
 6.74080000e-08  4.00000000e-01  4.03961054e-01 
 6.85080000e-08  4.00000000e-01  4.03961054e-01 
 6.96080000e-08  4.00000000e-01  4.03961054e-01 
 7.07080000e-08  4.00000000e-01  4.03961054e-01 
 7.18080000e-08  4.00000000e-01  4.03961054e-01 
 7.29080000e-08  4.00000000e-01  4.03961054e-01 
 7.40080000e-08  4.00000000e-01  4.03961054e-01 
 7.51080000e-08  4.00000000e-01  4.03961054e-01 
 7.62080000e-08  4.00000000e-01  4.03961054e-01 
 7.73080000e-08  4.00000000e-01  4.03961054e-01 
 7.84080000e-08  4.00000000e-01  4.03961054e-01 
 7.95080000e-08  4.00000000e-01  4.03961054e-01 
 8.06080000e-08  4.00000000e-01  4.03961054e-01 
 8.17080000e-08  4.00000000e-01  4.03961054e-01 
 8.28080000e-08  4.00000000e-01  4.03961054e-01 
 8.39080000e-08  4.00000000e-01  4.03961054e-01 
 8.50080000e-08  4.00000000e-01  4.03961054e-01 
 8.61080000e-08  4.00000000e-01  4.03961054e-01 
 8.72080000e-08  4.00000000e-01  4.03961054e-01 
 8.83080000e-08  4.00000000e-01  4.03961054e-01 
 8.94080000e-08  4.00000000e-01  4.03961054e-01 
 9.05080000e-08  4.00000000e-01  4.03961054e-01 
 9.16080000e-08  4.00000000e-01  4.03961054e-01 
 9.27080000e-08  4.00000000e-01  4.03961054e-01 
 9.38080000e-08  4.00000000e-01  4.03961054e-01 
 9.49080000e-08  4.00000000e-01  4.03961054e-01 
 9.60080000e-08  4.00000000e-01  4.03961054e-01 
 9.71080000e-08  4.00000000e-01  4.03961054e-01 
 9.82080000e-08  4.00000000e-01  4.03961054e-01 
 9.93080000e-08  4.00000000e-01  4.03961054e-01 
 1.00000000e-07  4.00000000e-01  4.03961054e-01 
 1.00001000e-07  4.30000000e-01  4.04013873e-01 
 1.00003000e-07  4.90000000e-01  4.04111779e-01 
 1.00007000e-07  6.10000000e-01  4.04231736e-01 
 1.00010000e-07  7.00000000e-01  4.04300500e-01 
 1.00010800e-07  7.00000000e-01  4.04302096e-01 
 1.00012400e-07  7.00000000e-01  4.04302102e-01 
 1.00015600e-07  7.00000000e-01  4.04301551e-01 
 1.00022000e-07  7.00000000e-01  4.04300980e-01 
 1.00034800e-07  7.00000000e-01  4.04299355e-01 
 1.00060400e-07  7.00000000e-01  4.04296703e-01 
 1.00111600e-07  7.00000000e-01  4.04291358e-01 
 1.00214000e-07  7.00000000e-01  4.04283122e-01 
 1.00418800e-07  7.00000000e-01  4.04274110e-01 
 1.00828400e-07  7.00000000e-01  4.04283557e-01 
 1.01647600e-07  7.00000000e-01  4.04370118e-01 
 1.02747600e-07  7.00000000e-01  4.04554062e-01 
 1.03847600e-07  7.00000000e-01  4.04761368e-01 
 1.04947600e-07  7.00000000e-01  4.04973423e-01 
 1.06047600e-07  7.00000000e-01  4.05187541e-01 
 1.07147600e-07  7.00000000e-01  4.05406451e-01 
 1.08247600e-07  7.00000000e-01  4.05632339e-01 
 1.09347600e-07  7.00000000e-01  4.05868529e-01 
 1.10447600e-07  7.00000000e-01  4.06116685e-01 
 1.11547600e-07  7.00000000e-01  4.06379283e-01 
 1.12647600e-07  7.00000000e-01  4.06657024e-01 
 1.13747600e-07  7.00000000e-01  4.06951402e-01 
 1.14847600e-07  7.00000000e-01  4.07262166e-01 
 1.15947600e-07  7.00000000e-01  4.07589898e-01 
 1.17047600e-07  7.00000000e-01  4.07933810e-01 
 1.18147600e-07  7.00000000e-01  4.08294051e-01 
 1.19247600e-07  7.00000000e-01  4.08668922e-01 
 1.20347600e-07  7.00000000e-01  4.09057900e-01 
 1.21447600e-07  7.00000000e-01  4.09459133e-01 
 1.22547600e-07  7.00000000e-01  4.09872050e-01 
 1.23647600e-07  7.00000000e-01  4.10294833e-01 
 1.24747600e-07  7.00000000e-01  4.10727004e-01 
 1.25847600e-07  7.00000000e-01  4.11166877e-01 
 1.26947600e-07  7.00000000e-01  4.11614131e-01 
 1.28047600e-07  7.00000000e-01  4.12067253e-01 
 1.29147600e-07  7.00000000e-01  4.12526101e-01 
 1.30247600e-07  7.00000000e-01  4.12989333e-01 
 1.31347600e-07  7.00000000e-01  4.13456973e-01 
 1.32447600e-07  7.00000000e-01  4.13927837e-01 
 1.33547600e-07  7.00000000e-01  4.14402093e-01 
 1.34647600e-07  7.00000000e-01  4.14878686e-01 
 1.35747600e-07  7.00000000e-01  4.15357902e-01 
 1.36847600e-07  7.00000000e-01  4.15838792e-01 
 1.37947600e-07  7.00000000e-01  4.16321734e-01 
 1.39047600e-07  7.00000000e-01  4.16805860e-01 
 1.40147600e-07  7.00000000e-01  4.17291620e-01 
 1.41247600e-07  7.00000000e-01  4.17778208e-01 
 1.42347600e-07  7.00000000e-01  4.18266127e-01 
 1.43447600e-07  7.00000000e-01  4.18754617e-01 
 1.44547600e-07  7.00000000e-01  4.19244220e-01 
 1.45647600e-07  7.00000000e-01  4.19734212e-01 
 1.46747600e-07  7.00000000e-01  4.20225163e-01 
 1.47847600e-07  7.00000000e-01  4.20716373e-01 
 1.48947600e-07  7.00000000e-01  4.21208434e-01 
 1.50047600e-07  7.00000000e-01  4.21700665e-01 
 1.51147600e-07  7.00000000e-01  4.22193670e-01 
 1.52247600e-07  7.00000000e-01  4.22686783e-01 
 1.53347600e-07  7.00000000e-01  4.23180618e-01 
 1.54447600e-07  7.00000000e-01  4.23674519e-01 
 1.55547600e-07  7.00000000e-01  4.24169107e-01 
 1.56647600e-07  7.00000000e-01  4.24663731e-01 
 1.57747600e-07  7.00000000e-01  4.25159020e-01 
 1.58847600e-07  7.00000000e-01  4.25654327e-01 
 1.59947600e-07  7.00000000e-01  4.26150283e-01 
 1.61047600e-07  7.00000000e-01  4.26646245e-01 
 1.62147600e-07  7.00000000e-01  4.27142847e-01 
 1.63247600e-07  7.00000000e-01  4.27639448e-01 
 1.64347600e-07  7.00000000e-01  4.28136685e-01 
 1.65447600e-07  7.00000000e-01  4.28633916e-01 
 1.66547600e-07  7.00000000e-01  4.29131780e-01 
 1.67647600e-07  7.00000000e-01  4.29629638e-01 
 1.68747600e-07  7.00000000e-01  4.30128128e-01 
 1.69847600e-07  7.00000000e-01  4.30626613e-01 
 1.70947600e-07  7.00000000e-01  4.31125729e-01 
 1.72047600e-07  7.00000000e-01  4.31624842e-01 
 1.73147600e-07  7.00000000e-01  4.32124588e-01 
 1.74247600e-07  7.00000000e-01  4.32624332e-01 
 1.75347600e-07  7.00000000e-01  4.33124712e-01 
 1.76447600e-07  7.00000000e-01  4.33625092e-01 
 1.77547600e-07  7.00000000e-01  4.34126111e-01 
 1.78647600e-07  7.00000000e-01  4.34627132e-01 
 1.79747600e-07  7.00000000e-01  4.35128795e-01 
 1.80847600e-07  7.00000000e-01  4.35630464e-01 
 1.81947600e-07  7.00000000e-01  4.36132776e-01 
 1.83047600e-07  7.00000000e-01  4.36635098e-01 
 1.84147600e-07  7.00000000e-01  4.37138067e-01 
 1.85247600e-07  7.00000000e-01  4.37641048e-01 
 1.86347600e-07  7.00000000e-01  4.38144679e-01 
 1.87447600e-07  7.00000000e-01  4.38648325e-01 
 1.88547600e-07  7.00000000e-01  4.39152624e-01 
 1.89647600e-07  7.00000000e-01  4.39656942e-01 
 1.90747600e-07  7.00000000e-01  4.40161915e-01 
 1.91847600e-07  7.00000000e-01  4.40666910e-01 
 1.92947600e-07  7.00000000e-01  4.41172564e-01 
 1.94047600e-07  7.00000000e-01  4.41678243e-01 
 1.95147600e-07  7.00000000e-01  4.42184583e-01 
 1.96247600e-07  7.00000000e-01  4.42690952e-01 
 1.97347600e-07  7.00000000e-01  4.43197984e-01 
 1.98447600e-07  7.00000000e-01  4.43705048e-01 
 1.99547600e-07  7.00000000e-01  4.44212779e-01 
 2.00647600e-07  7.00000000e-01  4.44720544e-01 
 2.01747600e-07  7.00000000e-01  4.45228978e-01 
 2.02847600e-07  7.00000000e-01  4.45737449e-01 
 2.03947600e-07  7.00000000e-01  4.46246592e-01 
 2.05047600e-07  7.00000000e-01  4.46755776e-01 
 2.06147600e-07  7.00000000e-01  4.47265634e-01 
 2.07247600e-07  7.00000000e-01  4.47775534e-01 
 2.08347600e-07  7.00000000e-01  4.48286112e-01 
 2.09447600e-07  7.00000000e-01  4.48796735e-01 
 2.10547600e-07  7.00000000e-01  4.49308036e-01 
 2.11647600e-07  7.00000000e-01  4.49819386e-01 
 2.12747600e-07  7.00000000e-01  4.50331417e-01 
 2.13847600e-07  7.00000000e-01  4.50843499e-01 
 2.14947600e-07  7.00000000e-01  4.51356263e-01 
 2.16047600e-07  7.00000000e-01  4.51869081e-01 
 2.17147600e-07  7.00000000e-01  4.52382583e-01 
 2.18247600e-07  7.00000000e-01  4.52896141e-01 
 2.19347600e-07  7.00000000e-01  4.53410385e-01 
 2.20447600e-07  7.00000000e-01  4.53924686e-01 
 2.21547600e-07  7.00000000e-01  4.54439677e-01 
 2.22647600e-07  7.00000000e-01  4.54954726e-01 
 2.23747600e-07  7.00000000e-01  4.55470465e-01 
 2.24847600e-07  7.00000000e-01  4.55986265e-01 
 2.25947600e-07  7.00000000e-01  4.56502756e-01 
 2.27047600e-07  7.00000000e-01  4.57019311e-01 
 2.28147600e-07  7.00000000e-01  4.57536557e-01 
 2.29247600e-07  7.00000000e-01  4.58053868e-01 
 2.30347600e-07  7.00000000e-01  4.58571873e-01 
 2.31447600e-07  7.00000000e-01  4.59089942e-01 
 2.32547600e-07  7.00000000e-01  4.59608707e-01 
 2.33647600e-07  7.00000000e-01  4.60127538e-01 
 2.34747600e-07  7.00000000e-01  4.60647065e-01 
 2.35847600e-07  7.00000000e-01  4.61166659e-01 
 2.36947600e-07  7.00000000e-01  4.61686949e-01 
 2.38047600e-07  7.00000000e-01  4.62207307e-01 
 2.39147600e-07  7.00000000e-01  4.62728362e-01 
 2.40247600e-07  7.00000000e-01  4.63249485e-01 
 2.41347600e-07  7.00000000e-01  4.63771306e-01 
 2.42447600e-07  7.00000000e-01  4.64293195e-01 
 2.43547600e-07  7.00000000e-01  4.64815782e-01 
 2.44647600e-07  7.00000000e-01  4.65338437e-01 
 2.45747600e-07  7.00000000e-01  4.65861790e-01 
 2.46847600e-07  7.00000000e-01  4.66385212e-01 
 2.47947600e-07  7.00000000e-01  4.66909330e-01 
 2.49047600e-07  7.00000000e-01  4.67433517e-01 
 2.50147600e-07  7.00000000e-01  4.67958400e-01 
 2.51247600e-07  7.00000000e-01  4.68483352e-01 
 2.52347600e-07  7.00000000e-01  4.69008998e-01 
 2.53447600e-07  7.00000000e-01  4.69534713e-01 
 2.54547600e-07  7.00000000e-01  4.70061122e-01 
 2.55647600e-07  7.00000000e-01  4.70587598e-01 
 2.56747600e-07  7.00000000e-01  4.71114766e-01 
 2.57847600e-07  7.00000000e-01  4.71642001e-01 
 2.58947600e-07  7.00000000e-01  4.72169927e-01 
 2.60047600e-07  7.00000000e-01  4.72697918e-01 
 2.61147600e-07  7.00000000e-01  4.73226598e-01 
 2.62247600e-07  7.00000000e-01  4.73755343e-01 
 2.63347600e-07  7.00000000e-01  4.74284774e-01 
 2.64447600e-07  7.00000000e-01  4.74814267e-01 
 2.65547600e-07  7.00000000e-01  4.75344446e-01 
 2.66647600e-07  7.00000000e-01  4.75874684e-01 
 2.67747600e-07  7.00000000e-01  4.76405605e-01 
 2.68847600e-07  7.00000000e-01  4.76936584e-01 
 2.69947600e-07  7.00000000e-01  4.77468243e-01 
 2.71047600e-07  7.00000000e-01  4.77999958e-01 
 2.72147600e-07  7.00000000e-01  4.78532349e-01 
 2.73247600e-07  7.00000000e-01  4.79064794e-01 
 2.74347600e-07  7.00000000e-01  4.79597912e-01 
 2.75447600e-07  7.00000000e-01  4.80131081e-01 
 2.76547600e-07  7.00000000e-01  4.80664919e-01 
 2.77647600e-07  7.00000000e-01  4.81198805e-01 
 2.78747600e-07  7.00000000e-01  4.81733358e-01 
 2.79847600e-07  7.00000000e-01  4.82267954e-01 
 2.80947600e-07  7.00000000e-01  4.82803214e-01 
 2.82047600e-07  7.00000000e-01  4.83338513e-01 
 2.83147600e-07  7.00000000e-01  4.83874471e-01 
 2.84247600e-07  7.00000000e-01  4.84410466e-01 
 2.85347600e-07  7.00000000e-01  4.84947115e-01 
 2.86447600e-07  7.00000000e-01  4.85483797e-01 
 2.87547600e-07  7.00000000e-01  4.86021128e-01 
 2.88647600e-07  7.00000000e-01  4.86558488e-01 
 2.89747600e-07  7.00000000e-01  4.87096493e-01 
 2.90847600e-07  7.00000000e-01  4.87634521e-01 
 2.91947600e-07  7.00000000e-01  4.88173190e-01 
 2.93047600e-07  7.00000000e-01  4.88711878e-01 
 2.94147600e-07  7.00000000e-01  4.89251201e-01 
 2.95247600e-07  7.00000000e-01  4.89790538e-01 
 2.96347600e-07  7.00000000e-01  4.90330505e-01 
 2.97447600e-07  7.00000000e-01  4.90870481e-01 
 2.98547600e-07  7.00000000e-01  4.91411081e-01 
 2.99647600e-07  7.00000000e-01  4.91951685e-01 
 3.00747600e-07  7.00000000e-01  4.92492907e-01 
 3.01847600e-07  7.00000000e-01  4.93034127e-01 
 3.02947600e-07  7.00000000e-01  4.93575961e-01 
 3.04047600e-07  7.00000000e-01  4.94117786e-01 
 3.05147600e-07  7.00000000e-01  4.94660218e-01 
 3.06247600e-07  7.00000000e-01  4.95202636e-01 
 3.07347600e-07  7.00000000e-01  4.95745655e-01 
 3.08447600e-07  7.00000000e-01  4.96288653e-01 
 3.09547600e-07  7.00000000e-01  4.96832246e-01 
 3.10647600e-07  7.00000000e-01  4.97375813e-01 
 3.11747600e-07  7.00000000e-01  4.97919967e-01 
 3.12847600e-07  7.00000000e-01  4.98464089e-01 
 3.13947600e-07  7.00000000e-01  4.99008791e-01 
 3.15047600e-07  7.00000000e-01  4.99553454e-01 
 3.16147600e-07  7.00000000e-01  5.00098691e-01 
 3.17247600e-07  7.00000000e-01  5.00643882e-01 
 3.18347600e-07  7.00000000e-01  5.01189640e-01 
 3.19447600e-07  7.00000000e-01  5.01735345e-01 
 3.20547600e-07  7.00000000e-01  5.02281610e-01 
 3.21647600e-07  7.00000000e-01  5.02827815e-01 
 3.22747600e-07  7.00000000e-01  5.03374572e-01 
 3.23847600e-07  7.00000000e-01  5.03921263e-01 
 3.24947600e-07  7.00000000e-01  5.04468498e-01 
 3.26047600e-07  7.00000000e-01  5.05015660e-01 
 3.27147600e-07  7.00000000e-01  5.05563358e-01 
 3.28247600e-07  7.00000000e-01  5.06110975e-01 
 3.29347600e-07  7.00000000e-01  5.06659122e-01 
 3.30447600e-07  7.00000000e-01  5.07207180e-01 
 3.31547600e-07  7.00000000e-01  5.07755760e-01 
 3.32647600e-07  7.00000000e-01  5.08304243e-01 
 3.33747600e-07  7.00000000e-01  5.08853241e-01 
 3.34847600e-07  7.00000000e-01  5.09402134e-01 
 3.35947600e-07  7.00000000e-01  5.09951534e-01 
 3.37047600e-07  7.00000000e-01  5.10500822e-01 
 3.38147600e-07  7.00000000e-01  5.11050608e-01 
 3.39247600e-07  7.00000000e-01  5.11600274e-01 
 3.40347600e-07  7.00000000e-01  5.12150430e-01 
 3.41447600e-07  7.00000000e-01  5.12700459e-01 
 3.42547600e-07  7.00000000e-01  5.13250970e-01 
 3.43647600e-07  7.00000000e-01  5.13801345e-01 
 3.44747600e-07  7.00000000e-01  5.14352194e-01 
 3.45847600e-07  7.00000000e-01  5.14902900e-01 
 3.46947600e-07  7.00000000e-01  5.15454071e-01 
 3.48047600e-07  7.00000000e-01  5.16005090e-01 
 3.49147600e-07  7.00000000e-01  5.16556567e-01 
 3.50247600e-07  7.00000000e-01  5.17107884e-01 
 3.51347600e-07  7.00000000e-01  5.17659649e-01 
 3.52447600e-07  7.00000000e-01  5.18211247e-01 
 3.53547600e-07  7.00000000e-01  5.18763285e-01 
 3.54647600e-07  7.00000000e-01  5.19315147e-01 
 3.55747600e-07  7.00000000e-01  5.19867441e-01 
 3.56847600e-07  7.00000000e-01  5.20419550e-01 
 3.57947600e-07  7.00000000e-01  5.20972083e-01 
 3.59047600e-07  7.00000000e-01  5.21524423e-01 
 3.60147600e-07  7.00000000e-01  5.22077178e-01 
 3.61247600e-07  7.00000000e-01  5.22629732e-01 
 3.62347600e-07  7.00000000e-01  5.23182692e-01 
 3.63447600e-07  7.00000000e-01  5.23735442e-01 
 3.64547600e-07  7.00000000e-01  5.24288591e-01 
 3.65647600e-07  7.00000000e-01  5.24841521e-01 
 3.66747600e-07  7.00000000e-01  5.25394841e-01 
 3.67847600e-07  7.00000000e-01  5.25947934e-01 
 3.68947600e-07  7.00000000e-01  5.26501408e-01 
 3.70047600e-07  7.00000000e-01  5.27054646e-01 
 3.71147600e-07  7.00000000e-01  5.27608256e-01 
 3.72247600e-07  7.00000000e-01  5.28161623e-01 
 3.73347600e-07  7.00000000e-01  5.28715353e-01 
 3.74447600e-07  7.00000000e-01  5.29268830e-01 
 3.75547600e-07  7.00000000e-01  5.29822662e-01 
 3.76647600e-07  7.00000000e-01  5.30376233e-01 
 3.77747600e-07  7.00000000e-01  5.30930150e-01 
 3.78847600e-07  7.00000000e-01  5.31483797e-01 
 3.79947600e-07  7.00000000e-01  5.32037782e-01 
 3.81047600e-07  7.00000000e-01  5.32591487e-01 
 3.82147600e-07  7.00000000e-01  5.33145521e-01 
 3.83247600e-07  7.00000000e-01  5.33699268e-01 
 3.84347600e-07  7.00000000e-01  5.34253334e-01 
 3.85447600e-07  7.00000000e-01  5.34807104e-01 
 3.86547600e-07  7.00000000e-01  5.35361185e-01 
 3.87647600e-07  7.00000000e-01  5.35914959e-01 
 3.88747600e-07  7.00000000e-01  5.36469037e-01 
 3.89847600e-07  7.00000000e-01  5.37022800e-01 
 3.90947600e-07  7.00000000e-01  5.37576856e-01 
 3.92047600e-07  7.00000000e-01  5.38130588e-01 
 3.93147600e-07  7.00000000e-01  5.38684605e-01 
 3.94247600e-07  7.00000000e-01  5.39238289e-01 
 3.95347600e-07  7.00000000e-01  5.39792249e-01 
 3.96447600e-07  7.00000000e-01  5.40345866e-01 
 3.97547600e-07  7.00000000e-01  5.40899750e-01 
 3.98647600e-07  7.00000000e-01  5.41453282e-01 
 3.99747600e-07  7.00000000e-01  5.42007072e-01 
 4.00847600e-07  7.00000000e-01  5.42560501e-01 
 4.01947600e-07  7.00000000e-01  5.43114178e-01 
 4.03047600e-07  7.00000000e-01  5.43667485e-01 
 4.04147600e-07  7.00000000e-01  5.44221031e-01 
 4.05247600e-07  7.00000000e-01  5.44774197e-01 
 4.06347600e-07  7.00000000e-01  5.45327593e-01 
 4.07447600e-07  7.00000000e-01  5.45880599e-01 
 4.08547600e-07  7.00000000e-01  5.46433826e-01 
 4.09647600e-07  7.00000000e-01  5.46986653e-01 
 4.10747600e-07  7.00000000e-01  5.47539692e-01 
 4.11847600e-07  7.00000000e-01  5.48092320e-01 
 4.12947600e-07  7.00000000e-01  5.48645151e-01 
 4.14047600e-07  7.00000000e-01  5.49197562e-01 
 4.15147600e-07  7.00000000e-01  5.49750166e-01 
 4.16247600e-07  7.00000000e-01  5.50302338e-01 
 4.17347600e-07  7.00000000e-01  5.50854695e-01 
 4.18447600e-07  7.00000000e-01  5.51406610e-01 
 4.19547600e-07  7.00000000e-01  5.51958699e-01 
 4.20647600e-07  7.00000000e-01  5.52510335e-01 
 4.21747600e-07  7.00000000e-01  5.53062136e-01 
 4.22847600e-07  7.00000000e-01  5.53613474e-01 
 4.23947600e-07  7.00000000e-01  5.54164967e-01 
 4.25047600e-07  7.00000000e-01  5.54715985e-01 
 4.26147600e-07  7.00000000e-01  5.55267147e-01 
 4.27247600e-07  7.00000000e-01  5.55817825e-01 
 4.28347600e-07  7.00000000e-01  5.56368636e-01 
 4.29447600e-07  7.00000000e-01  5.56918951e-01 
 4.30547600e-07  7.00000000e-01  5.57469389e-01 
 4.31647600e-07  7.00000000e-01  5.58019320e-01 
 4.32747600e-07  7.00000000e-01  5.58569363e-01 
 4.33847600e-07  7.00000000e-01  5.59118887e-01 
 4.34947600e-07  7.00000000e-01  5.59668513e-01 
 4.36047600e-07  7.00000000e-01  5.60217607e-01 
 4.37147600e-07  7.00000000e-01  5.60766792e-01 
 4.38247600e-07  7.00000000e-01  5.61315433e-01 
 4.39347600e-07  7.00000000e-01  5.61864154e-01 
 4.40447600e-07  7.00000000e-01  5.62412319e-01 
 4.41547600e-07  7.00000000e-01  5.62960552e-01 
 4.42647600e-07  7.00000000e-01  5.63508216e-01 
 4.43747600e-07  7.00000000e-01  5.64055938e-01 
 4.44847600e-07  7.00000000e-01  5.64603077e-01 
 4.45947600e-07  7.00000000e-01  5.65150261e-01 
 4.47047600e-07  7.00000000e-01  5.65696849e-01 
 4.48147600e-07  7.00000000e-01  5.66243471e-01 
 4.49247600e-07  7.00000000e-01  5.66789484e-01 
 4.50347600e-07  7.00000000e-01  5.67335517e-01 
 4.51447600e-07  7.00000000e-01  5.67880927e-01 
 4.52547600e-07  7.00000000e-01  5.68426346e-01 
 4.53647600e-07  7.00000000e-01  5.68971126e-01 
 4.54747600e-07  7.00000000e-01  5.69515903e-01 
 4.55847600e-07  7.00000000e-01  5.70060026e-01 
 4.56947600e-07  7.00000000e-01  5.70604133e-01 
 4.58047600e-07  7.00000000e-01  5.71147572e-01 
 4.59147600e-07  7.00000000e-01  5.71690979e-01 
 4.60247600e-07  7.00000000e-01  5.72233704e-01 
 4.61347600e-07  7.00000000e-01  5.72776384e-01 
 4.62447600e-07  7.00000000e-01  5.73318366e-01 
 4.63547600e-07  7.00000000e-01  5.73860289e-01 
 4.64647600e-07  7.00000000e-01  5.74401496e-01 
 4.65747600e-07  7.00000000e-01  5.74942631e-01 
 4.66847600e-07  7.00000000e-01  5.75483034e-01 
 4.67947600e-07  7.00000000e-01  5.76023349e-01 
 4.69047600e-07  7.00000000e-01  5.76562915e-01 
 4.70147600e-07  7.00000000e-01  5.77102378e-01 
 4.71247600e-07  7.00000000e-01  5.77641076e-01 
 4.72347600e-07  7.00000000e-01  5.78179654e-01 
 4.73447600e-07  7.00000000e-01  5.78717449e-01 
 4.74547600e-07  7.00000000e-01  5.79255109e-01 
 4.75647600e-07  7.00000000e-01  5.79791967e-01 
 4.76747600e-07  7.00000000e-01  5.80328674e-01 
 4.77847600e-07  7.00000000e-01  5.80864560e-01 
 4.78947600e-07  7.00000000e-01  5.81400279e-01 
 4.80047600e-07  7.00000000e-01  5.81935158e-01 
 4.81147600e-07  7.00000000e-01  5.82469851e-01 
 4.82247600e-07  7.00000000e-01  5.83003685e-01 
 4.83347600e-07  7.00000000e-01  5.83537317e-01 
 4.84447600e-07  7.00000000e-01  5.84070069e-01 
 4.85547600e-07  7.00000000e-01  5.84602601e-01 
 4.86647600e-07  7.00000000e-01  5.85134233e-01 
 4.87747600e-07  7.00000000e-01  5.85665626e-01 
 4.88847600e-07  7.00000000e-01  5.86196097e-01 
 4.89947600e-07  7.00000000e-01  5.86726312e-01 
 4.91047600e-07  7.00000000e-01  5.87255583e-01 
 4.92147600e-07  7.00000000e-01  5.87784579e-01 
 4.93247600e-07  7.00000000e-01  5.88312609e-01 
 4.94347600e-07  7.00000000e-01  5.88840344e-01 
 4.95447600e-07  7.00000000e-01  5.89367091e-01 
 4.96547600e-07  7.00000000e-01  5.89893523e-01 
 4.97647600e-07  7.00000000e-01  5.90418944e-01 
 4.98747600e-07  7.00000000e-01  5.90944030e-01 
 4.99847600e-07  7.00000000e-01  5.91468082e-01 
 5.00947600e-07  7.00000000e-01  5.91991778e-01 
 5.02047600e-07  7.00000000e-01  5.92514416e-01 
 5.03147600e-07  7.00000000e-01  5.93036678e-01 
 5.04247600e-07  7.00000000e-01  5.93557858e-01 
 5.05347600e-07  7.00000000e-01  5.94078640e-01 
 5.06447600e-07  7.00000000e-01  5.94598316e-01 
 5.07547600e-07  7.00000000e-01  5.95117572e-01 
 5.08647600e-07  7.00000000e-01  5.95635697e-01 
 5.09747600e-07  7.00000000e-01  5.96153381e-01 
 5.10847600e-07  7.00000000e-01  5.96669908e-01 
 5.11947600e-07  7.00000000e-01  5.97185972e-01 
 5.13047600e-07  7.00000000e-01  5.97700854e-01 
 5.14147600e-07  7.00000000e-01  5.98215251e-01 
 5.15247600e-07  7.00000000e-01  5.98728440e-01 
 5.16347600e-07  7.00000000e-01  5.99241122e-01 
 5.17447600e-07  7.00000000e-01  5.99752568e-01 
 5.18547600e-07  7.00000000e-01  6.00263486e-01 
 5.19647600e-07  7.00000000e-01  6.00773142e-01 
 5.20747600e-07  7.00000000e-01  6.01282246e-01 
 5.21847600e-07  7.00000000e-01  6.01790063e-01 
 5.22947600e-07  7.00000000e-01  6.02297305e-01 
 5.24047600e-07  7.00000000e-01  6.02803232e-01 
 5.25147600e-07  7.00000000e-01  6.03308561e-01 
 5.26247600e-07  7.00000000e-01  6.03812550e-01 
 5.27347600e-07  7.00000000e-01  6.04315918e-01 
 5.28447600e-07  7.00000000e-01  6.04817917e-01 
 5.29547600e-07  7.00000000e-01  6.05319274e-01 
 5.30647600e-07  7.00000000e-01  6.05819235e-01 
 5.31747600e-07  7.00000000e-01  6.06318530e-01 
 5.32847600e-07  7.00000000e-01  6.06816403e-01 
 5.33947600e-07  7.00000000e-01  6.07313587e-01 
 5.35047600e-07  7.00000000e-01  6.07809321e-01 
 5.36147600e-07  7.00000000e-01  6.08304345e-01 
 5.37247600e-07  7.00000000e-01  6.08797892e-01 
 5.38347600e-07  7.00000000e-01  6.09290705e-01 
 5.39447600e-07  7.00000000e-01  6.09782014e-01 
 5.40547600e-07  7.00000000e-01  6.10272568e-01 
 5.41647600e-07  7.00000000e-01  6.10761591e-01 
 5.42747600e-07  7.00000000e-01  6.11249836e-01 
 5.43847600e-07  7.00000000e-01  6.11736525e-01 
 5.44947600e-07  7.00000000e-01  6.12222412e-01 
 5.46047600e-07  7.00000000e-01  6.12706717e-01 
 5.47147600e-07  7.00000000e-01  6.13190199e-01 
 5.48247600e-07  7.00000000e-01  6.13672072e-01 
 5.49347600e-07  7.00000000e-01  6.14153101e-01 
 5.50447600e-07  7.00000000e-01  6.14632495e-01 
 5.51547600e-07  7.00000000e-01  6.15111024e-01 
 5.52647600e-07  7.00000000e-01  6.15587891e-01 
 5.53747600e-07  7.00000000e-01  6.16063872e-01 
 5.54847600e-07  7.00000000e-01  6.16538167e-01 
 5.55947600e-07  7.00000000e-01  6.17011555e-01 
 5.57047600e-07  7.00000000e-01  6.17483231e-01 
 5.58147600e-07  7.00000000e-01  6.17953980e-01 
 5.59247600e-07  7.00000000e-01  6.18422992e-01 
 5.60347600e-07  7.00000000e-01  6.18891057e-01 
 5.61447600e-07  7.00000000e-01  6.19357361e-01 
 5.62547600e-07  7.00000000e-01  6.19822698e-01 
 5.63647600e-07  7.00000000e-01  6.20286250e-01 
 5.64747600e-07  7.00000000e-01  6.20748816e-01 
 5.65847600e-07  7.00000000e-01  6.21209573e-01 
 5.66947600e-07  7.00000000e-01  6.21669325e-01 
 5.68047600e-07  7.00000000e-01  6.22127244e-01 
 5.69147600e-07  7.00000000e-01  6.22584141e-01 
 5.70247600e-07  7.00000000e-01  6.23039181e-01 
 5.71347600e-07  7.00000000e-01  6.23493181e-01 
 5.72447600e-07  7.00000000e-01  6.23945302e-01 
 5.73547600e-07  7.00000000e-01  6.24396365e-01 
 5.74647600e-07  7.00000000e-01  6.24845527e-01 
 5.75747600e-07  7.00000000e-01  6.25293614e-01 
 5.76847600e-07  7.00000000e-01  6.25739779e-01 
 5.77947600e-07  7.00000000e-01  6.26184852e-01 
 5.79047600e-07  7.00000000e-01  6.26627981e-01 
 5.80147600e-07  7.00000000e-01  6.27070002e-01 
 5.81247600e-07  7.00000000e-01  6.27510059e-01 
 5.82347600e-07  7.00000000e-01  6.27948992e-01 
 5.83447600e-07  7.00000000e-01  6.28385941e-01 
 5.84547600e-07  7.00000000e-01  6.28821751e-01 
 5.85647600e-07  7.00000000e-01  6.29255556e-01 
 5.86747600e-07  7.00000000e-01  6.29688209e-01 
 5.87847600e-07  7.00000000e-01  6.30118838e-01 
 5.88947600e-07  7.00000000e-01  6.30548300e-01 
 5.90047600e-07  7.00000000e-01  6.30975718e-01 
 5.91147600e-07  7.00000000e-01  6.31401957e-01 
 5.92247600e-07  7.00000000e-01  6.31826135e-01 
 5.93347600e-07  7.00000000e-01  6.32249119e-01 
 5.94447600e-07  7.00000000e-01  6.32670025e-01 
 5.95547600e-07  7.00000000e-01  6.33089725e-01 
 5.96647600e-07  7.00000000e-01  6.33507330e-01 
 5.97747600e-07  7.00000000e-01  6.33923717e-01 
 5.98847600e-07  7.00000000e-01  6.34337992e-01 
 5.99947600e-07  7.00000000e-01  6.34751039e-01 
 6.01047600e-07  7.00000000e-01  6.35161958e-01 
 6.02147600e-07  7.00000000e-01  6.35571637e-01 
 6.03247600e-07  7.00000000e-01  6.35979174e-01 
 6.04347600e-07  7.00000000e-01  6.36385461e-01 
 6.05447600e-07  7.00000000e-01  6.36789590e-01 
 6.06547600e-07  7.00000000e-01  6.37192462e-01 
 6.07647600e-07  7.00000000e-01  6.37593161e-01 
 6.08747600e-07  7.00000000e-01  6.37992594e-01 
 6.09847600e-07  7.00000000e-01  6.38389841e-01 
 6.10947600e-07  7.00000000e-01  6.38785814e-01 
 6.12047600e-07  7.00000000e-01  6.39179588e-01 
 6.13147600e-07  7.00000000e-01  6.39572081e-01 
 6.14247600e-07  7.00000000e-01  6.39962364e-01 
 6.15347600e-07  7.00000000e-01  6.40351358e-01 
 6.16447600e-07  7.00000000e-01  6.40738131e-01 
 6.17547600e-07  7.00000000e-01  6.41123610e-01 
 6.18647600e-07  7.00000000e-01  6.41506857e-01 
 6.19747600e-07  7.00000000e-01  6.41888804e-01 
 6.20847600e-07  7.00000000e-01  6.42268510e-01 
 6.21947600e-07  7.00000000e-01  6.42646910e-01 
 6.23047600e-07  7.00000000e-01  6.43023062e-01 
 6.24147600e-07  7.00000000e-01  6.43397903e-01 
 6.25247600e-07  7.00000000e-01  6.43770487e-01 
 6.26347600e-07  7.00000000e-01  6.44141759e-01 
 6.27447600e-07  7.00000000e-01  6.44510764e-01 
 6.28547600e-07  7.00000000e-01  6.44878455e-01 
 6.29647600e-07  7.00000000e-01  6.45243873e-01 
 6.30747600e-07  7.00000000e-01  6.45607974e-01 
 6.31847600e-07  7.00000000e-01  6.45969797e-01 
 6.32947600e-07  7.00000000e-01  6.46330301e-01 
 6.34047600e-07  7.00000000e-01  6.46688522e-01 
 6.35147600e-07  7.00000000e-01  6.47045423e-01 
 6.36247600e-07  7.00000000e-01  6.47400036e-01 
 6.37347600e-07  7.00000000e-01  6.47753329e-01 
 6.38447600e-07  7.00000000e-01  6.48104331e-01 
 6.39547600e-07  7.00000000e-01  6.48454014e-01 
 6.40647600e-07  7.00000000e-01  6.48801401e-01 
 6.41747600e-07  7.00000000e-01  6.49147471e-01 
 6.42847600e-07  7.00000000e-01  6.49491243e-01 
 6.43947600e-07  7.00000000e-01  6.49833700e-01 
 6.45047600e-07  7.00000000e-01  6.50173857e-01 
 6.46147600e-07  7.00000000e-01  6.50512700e-01 
 6.47247600e-07  7.00000000e-01  6.50849244e-01 
 6.48347600e-07  7.00000000e-01  6.51184477e-01 
 6.49447600e-07  7.00000000e-01  6.51517409e-01 
 6.50547600e-07  7.00000000e-01  6.51849034e-01 
 6.51647600e-07  7.00000000e-01  6.52178359e-01 
 6.52747600e-07  7.00000000e-01  6.52506382e-01 
 6.53847600e-07  7.00000000e-01  6.52832104e-01 
 6.54947600e-07  7.00000000e-01  6.53156530e-01 
 6.56047600e-07  7.00000000e-01  6.53478656e-01 
 6.57147600e-07  7.00000000e-01  6.53799491e-01 
 6.58247600e-07  7.00000000e-01  6.54118030e-01 
 6.59347600e-07  7.00000000e-01  6.54435282e-01 
 6.60447600e-07  7.00000000e-01  6.54750241e-01 
 6.61547600e-07  7.00000000e-01  6.55063920e-01 
 6.62647600e-07  7.00000000e-01  6.55375309e-01 
 6.63747600e-07  7.00000000e-01  6.55685426e-01 
 6.64847600e-07  7.00000000e-01  6.55993255e-01 
 6.65947600e-07  7.00000000e-01  6.56299820e-01 
 6.67047600e-07  7.00000000e-01  6.56604103e-01 
 6.68147600e-07  7.00000000e-01  6.56907129e-01 
 6.69247600e-07  7.00000000e-01  6.57207877e-01 
 6.70347600e-07  7.00000000e-01  6.57507377e-01 
 6.71447600e-07  7.00000000e-01  6.57804605e-01 
 6.72547600e-07  7.00000000e-01  6.58100593e-01 
 6.73647600e-07  7.00000000e-01  6.58394316e-01 
 6.74747600e-07  7.00000000e-01  6.58686809e-01 
 6.75847600e-07  7.00000000e-01  6.58977041e-01 
 6.76947600e-07  7.00000000e-01  6.59266054e-01 
 6.78047600e-07  7.00000000e-01  6.59552814e-01 
 6.79147600e-07  7.00000000e-01  6.59838365e-01 
 6.80247600e-07  7.00000000e-01  6.60121669e-01 
 6.81347600e-07  7.00000000e-01  6.60403775e-01 
 6.82447600e-07  7.00000000e-01  6.60683643e-01 
 6.83547600e-07  7.00000000e-01  6.60962322e-01 
 6.84647600e-07  7.00000000e-01  6.61238773e-01 
 6.85747600e-07  7.00000000e-01  6.61514046e-01 
 6.86847600e-07  7.00000000e-01  6.61787099e-01 
 6.87947600e-07  7.00000000e-01  6.62058986e-01 
 6.89047600e-07  7.00000000e-01  6.62328662e-01 
 6.90147600e-07  7.00000000e-01  6.62597184e-01 
 6.91247600e-07  7.00000000e-01  6.62863505e-01 
 6.92347600e-07  7.00000000e-01  6.63128684e-01 
 6.93447600e-07  7.00000000e-01  6.63391671e-01 
 6.94547600e-07  7.00000000e-01  6.63653530e-01 
 6.95647600e-07  7.00000000e-01  6.63913206e-01 
 6.96747600e-07  7.00000000e-01  6.64171767e-01 
 6.97847600e-07  7.00000000e-01  6.64428156e-01 
 6.98947600e-07  7.00000000e-01  6.64683442e-01 
 7.00047600e-07  7.00000000e-01  6.64936568e-01 
 7.01147600e-07  7.00000000e-01  6.65188605e-01 
 7.02247600e-07  7.00000000e-01  6.65438491e-01 
 7.03347600e-07  7.00000000e-01  6.65687303e-01 
 7.04447600e-07  7.00000000e-01  6.65933976e-01 
 7.05547600e-07  7.00000000e-01  6.66179587e-01 
 7.06647600e-07  7.00000000e-01  6.66423072e-01 
 7.07747600e-07  7.00000000e-01  6.66665509e-01 
 7.08847600e-07  7.00000000e-01  6.66905830e-01 
 7.09947600e-07  7.00000000e-01  6.67145119e-01 
 7.11047600e-07  7.00000000e-01  6.67382304e-01 
 7.12147600e-07  7.00000000e-01  6.67618471e-01 
 7.13247600e-07  7.00000000e-01  6.67852547e-01 
 7.14347600e-07  7.00000000e-01  6.68085619e-01 
 7.15447600e-07  7.00000000e-01  6.68316613e-01 
 7.16547600e-07  7.00000000e-01  6.68546617e-01 
 7.17647600e-07  7.00000000e-01  6.68774555e-01 
 7.18747600e-07  7.00000000e-01  6.69001520e-01 
 7.19847600e-07  7.00000000e-01  6.69226431e-01 
 7.20947600e-07  7.00000000e-01  6.69450382e-01 
 7.22047600e-07  7.00000000e-01  6.69672294e-01 
 7.23147600e-07  7.00000000e-01  6.69893262e-01 
 7.24247600e-07  7.00000000e-01  6.70112203e-01 
 7.25347600e-07  7.00000000e-01  6.70330215e-01 
 7.26447600e-07  7.00000000e-01  6.70546213e-01 
 7.27547600e-07  7.00000000e-01  6.70761298e-01 
 7.28647600e-07  7.00000000e-01  6.70974382e-01 
 7.29747600e-07  7.00000000e-01  6.71186568e-01 
 7.30847600e-07  7.00000000e-01  6.71396768e-01 
 7.31947600e-07  7.00000000e-01  6.71606085e-01 
 7.33047600e-07  7.00000000e-01  6.71813429e-01 
 7.34147600e-07  7.00000000e-01  6.72019905e-01 
 7.35247600e-07  7.00000000e-01  6.72224422e-01 
 7.36347600e-07  7.00000000e-01  6.72428087e-01 
 7.37447600e-07  7.00000000e-01  6.72629807e-01 
 7.38547600e-07  7.00000000e-01  6.72830691e-01 
 7.39647600e-07  7.00000000e-01  6.73029643e-01 
 7.40747600e-07  7.00000000e-01  6.73227774e-01 
 7.41847600e-07  7.00000000e-01  6.73423988e-01 
 7.42947600e-07  7.00000000e-01  6.73619396e-01 
 7.44047600e-07  7.00000000e-01  6.73812901e-01 
 7.45147600e-07  7.00000000e-01  6.74005615e-01 
 7.46247600e-07  7.00000000e-01  6.74196441e-01 
 7.47347600e-07  7.00000000e-01  6.74386492e-01 
 7.48447600e-07  7.00000000e-01  6.74574669e-01 
 7.49547600e-07  7.00000000e-01  6.74762085e-01 
 7.50647600e-07  7.00000000e-01  6.74947642e-01 
 7.51747600e-07  7.00000000e-01  6.75132454e-01 
 7.52847600e-07  7.00000000e-01  6.75315420e-01 
 7.53947600e-07  7.00000000e-01  6.75497657e-01 
 7.55047600e-07  7.00000000e-01  6.75678062e-01 
 7.56147600e-07  7.00000000e-01  6.75857754e-01 
 7.57247600e-07  7.00000000e-01  6.76035628e-01 
 7.58347600e-07  7.00000000e-01  6.76212804e-01 
 7.59447600e-07  7.00000000e-01  6.76388176e-01 
 7.60547600e-07  7.00000000e-01  6.76562866e-01 
 7.61647600e-07  7.00000000e-01  6.76735765e-01 
 7.62747600e-07  7.00000000e-01  6.76907998e-01 
 7.63847600e-07  7.00000000e-01  6.77078454e-01 
 7.64947600e-07  7.00000000e-01  6.77248259e-01 
 7.66047600e-07  7.00000000e-01  6.77416302e-01 
 7.67147600e-07  7.00000000e-01  6.77583708e-01 
 7.68247600e-07  7.00000000e-01  6.77749366e-01 
 7.69347600e-07  7.00000000e-01  6.77914402e-01 
 7.70447600e-07  7.00000000e-01  6.78077704e-01 
 7.71547600e-07  7.00000000e-01  6.78240399e-01 
 7.72647600e-07  7.00000000e-01  6.78401375e-01 
 7.73747600e-07  7.00000000e-01  6.78561758e-01 
 7.74847600e-07  7.00000000e-01  6.78720436e-01 
 7.75947600e-07  7.00000000e-01  6.78878536e-01 
 7.77047600e-07  7.00000000e-01  6.79034943e-01 
 7.78147600e-07  7.00000000e-01  6.79190789e-01 
 7.79247600e-07  7.00000000e-01  6.79344955e-01 
 7.80347600e-07  7.00000000e-01  6.79498574e-01 
 7.81447600e-07  7.00000000e-01  6.79650528e-01 
 7.82547600e-07  7.00000000e-01  6.79801948e-01 
 7.83647600e-07  7.00000000e-01  6.79951717e-01 
 7.84747600e-07  7.00000000e-01  6.80100967e-01 
 7.85847600e-07  7.00000000e-01  6.80248579e-01 
 7.86947600e-07  7.00000000e-01  6.80395686e-01 
 7.88047600e-07  7.00000000e-01  6.80541168e-01 
 7.89147600e-07  7.00000000e-01  6.80686161e-01 
 7.90247600e-07  7.00000000e-01  6.80829542e-01 
 7.91347600e-07  7.00000000e-01  6.80972446e-01 
 7.92447600e-07  7.00000000e-01  6.81113752e-01 
 7.93547600e-07  7.00000000e-01  6.81254596e-01 
 7.94647600e-07  7.00000000e-01  6.81393855e-01 
 7.95747600e-07  7.00000000e-01  6.81532666e-01 
 7.96847600e-07  7.00000000e-01  6.81669904e-01 
 7.97947600e-07  7.00000000e-01  6.81806708e-01 
 7.99047600e-07  7.00000000e-01  6.81941952e-01 
 8.00147600e-07  7.00000000e-01  6.82076776e-01 
 8.01247600e-07  7.00000000e-01  6.82210053e-01 
 8.02347600e-07  7.00000000e-01  6.82342922e-01 
 8.03447600e-07  7.00000000e-01  6.82474258e-01 
 8.04547600e-07  7.00000000e-01  6.82605199e-01 
 8.05647600e-07  7.00000000e-01  6.82734620e-01 
 8.06747600e-07  7.00000000e-01  6.82863659e-01 
 8.07847600e-07  7.00000000e-01  6.82991190e-01 
 8.08947600e-07  7.00000000e-01  6.83118353e-01 
 8.10047600e-07  7.00000000e-01  6.83244020e-01 
 8.11147600e-07  7.00000000e-01  6.83369331e-01 
 8.12247600e-07  7.00000000e-01  6.83493159e-01 
 8.13347600e-07  7.00000000e-01  6.83616645e-01 
 8.14447600e-07  7.00000000e-01  6.83738659e-01 
 8.15547600e-07  7.00000000e-01  6.83860343e-01 
 8.16647600e-07  7.00000000e-01  6.83980568e-01 
 8.17747600e-07  7.00000000e-01  6.84100476e-01 
 8.18847600e-07  7.00000000e-01  6.84218937e-01 
 8.19947600e-07  7.00000000e-01  6.84337092e-01 
 8.21047600e-07  7.00000000e-01  6.84453812e-01 
 8.22147600e-07  7.00000000e-01  6.84570239e-01 
 8.23247600e-07  7.00000000e-01  6.84685243e-01 
 8.24347600e-07  7.00000000e-01  6.84799966e-01 
 8.25447600e-07  7.00000000e-01  6.84913277e-01 
 8.26547600e-07  7.00000000e-01  6.85026319e-01 
 8.27647600e-07  7.00000000e-01  6.85137961e-01 
 8.28747600e-07  7.00000000e-01  6.85249346e-01 
 8.29847600e-07  7.00000000e-01  6.85359342e-01 
 8.30947600e-07  7.00000000e-01  6.85469092e-01 
 8.32047600e-07  7.00000000e-01  6.85577466e-01 
 8.33147600e-07  7.00000000e-01  6.85685605e-01 
 8.34247600e-07  7.00000000e-01  6.85792377e-01 
 8.35347600e-07  7.00000000e-01  6.85898928e-01 
 8.36447600e-07  7.00000000e-01  6.86004123e-01 
 8.37547600e-07  7.00000000e-01  6.86109106e-01 
 8.38647600e-07  7.00000000e-01  6.86212746e-01 
 8.39747600e-07  7.00000000e-01  6.86316185e-01 
 8.40847600e-07  7.00000000e-01  6.86418291e-01 
 8.41947600e-07  7.00000000e-01  6.86520207e-01 
 8.43047600e-07  7.00000000e-01  6.86620801e-01 
 8.44147600e-07  7.00000000e-01  6.86721217e-01 
 8.45247600e-07  7.00000000e-01  6.86820320e-01 
 8.46347600e-07  7.00000000e-01  6.86919255e-01 
 8.47447600e-07  7.00000000e-01  6.87016889e-01 
 8.48547600e-07  7.00000000e-01  6.87114366e-01 
 8.49647600e-07  7.00000000e-01  6.87210551e-01 
 8.50747600e-07  7.00000000e-01  6.87306590e-01 
 8.51847600e-07  7.00000000e-01  6.87401347e-01 
 8.52947600e-07  7.00000000e-01  6.87495969e-01 
 8.54047600e-07  7.00000000e-01  6.87589319e-01 
 8.55147600e-07  7.00000000e-01  6.87682543e-01 
 8.56247600e-07  7.00000000e-01  6.87774506e-01 
 8.57347600e-07  7.00000000e-01  6.87866352e-01 
 8.58447600e-07  7.00000000e-01  6.87956948e-01 
 8.59547600e-07  7.00000000e-01  6.88047437e-01 
 8.60647600e-07  7.00000000e-01  6.88136685e-01 
 8.61747600e-07  7.00000000e-01  6.88225836e-01 
 8.62847600e-07  7.00000000e-01  6.88313756e-01 
 8.63947600e-07  7.00000000e-01  6.88401588e-01 
 8.65047600e-07  7.00000000e-01  6.88488199e-01 
 8.66147600e-07  7.00000000e-01  6.88574732e-01 
 8.67247600e-07  7.00000000e-01  6.88660052e-01 
 8.68347600e-07  7.00000000e-01  6.88745304e-01 
 8.69447600e-07  7.00000000e-01  6.88829353e-01 
 8.70547600e-07  7.00000000e-01  6.88913342e-01 
 8.71647600e-07  7.00000000e-01  6.88996138e-01 
 8.72747600e-07  7.00000000e-01  6.89078884e-01 
 8.73847600e-07  7.00000000e-01  6.89160444e-01 
 8.74947600e-07  7.00000000e-01  6.89241964e-01 
 8.76047600e-07  7.00000000e-01  6.89322307e-01 
 8.77147600e-07  7.00000000e-01  6.89402619e-01 
 8.78247600e-07  7.00000000e-01  6.89481763e-01 
 8.79347600e-07  7.00000000e-01  6.89560884e-01 
 8.80447600e-07  7.00000000e-01  6.89638847e-01 
 8.81547600e-07  7.00000000e-01  6.89716795e-01 
 8.82647600e-07  7.00000000e-01  6.89793592e-01 
 8.83747600e-07  7.00000000e-01  6.89870384e-01 
 8.84847600e-07  7.00000000e-01  6.89946034e-01 
 8.85947600e-07  7.00000000e-01  6.90021687e-01 
 8.87047600e-07  7.00000000e-01  6.90096206e-01 
 8.88147600e-07  7.00000000e-01  6.90170736e-01 
 8.89247600e-07  7.00000000e-01  6.90244141e-01 
 8.90347600e-07  7.00000000e-01  6.90317565e-01 
 8.91447600e-07  7.00000000e-01  6.90389872e-01 
 8.92547600e-07  7.00000000e-01  6.90462206e-01 
 8.93647600e-07  7.00000000e-01  6.90533431e-01 
 8.94747600e-07  7.00000000e-01  6.90604691e-01 
 8.95847600e-07  7.00000000e-01  6.90674850e-01 
 8.96947600e-07  7.00000000e-01  6.90745053e-01 
 8.98047600e-07  7.00000000e-01  6.90814161e-01 
 8.99147600e-07  7.00000000e-01  6.90883321e-01 
 9.00247600e-07  7.00000000e-01  6.90951395e-01 
 9.01347600e-07  7.00000000e-01  6.91019527e-01 
 9.02447600e-07  7.00000000e-01  6.91086581e-01 
 9.03547600e-07  7.00000000e-01  6.91153701e-01 
 9.04647600e-07  7.00000000e-01  6.91219751e-01 
 9.05747600e-07  7.00000000e-01  6.91285874e-01 
 9.06847600e-07  7.00000000e-01  6.91350934e-01 
 9.07947600e-07  7.00000000e-01  6.91416074e-01 
 9.09047600e-07  7.00000000e-01  6.91480159e-01 
 9.10147600e-07  7.00000000e-01  6.91544331e-01 
 9.11247600e-07  7.00000000e-01  6.91607455e-01 
 9.12347600e-07  7.00000000e-01  6.91670674e-01 
 9.13447600e-07  7.00000000e-01  6.91732851e-01 
 9.14547600e-07  7.00000000e-01  6.91795130e-01 
 9.15647600e-07  7.00000000e-01  6.91856375e-01 
 9.16747600e-07  7.00000000e-01  6.91917728e-01 
 9.17847600e-07  7.00000000e-01  6.91978054e-01 
 9.18947600e-07  7.00000000e-01  6.92038496e-01 
 9.20047600e-07  7.00000000e-01  6.92097916e-01 
 9.21147600e-07  7.00000000e-01  6.92157459e-01 
 9.22247600e-07  7.00000000e-01  6.92215988e-01 
 9.23347600e-07  7.00000000e-01  6.92274646e-01 
 9.24447600e-07  7.00000000e-01  6.92332296e-01 
 9.25547600e-07  7.00000000e-01  6.92390082e-01 
 9.26647600e-07  7.00000000e-01  6.92446867e-01 
 9.27747600e-07  7.00000000e-01  6.92503793e-01 
 9.28847600e-07  7.00000000e-01  6.92559725e-01 
 9.29947600e-07  7.00000000e-01  6.92615805e-01 
 9.31047600e-07  7.00000000e-01  6.92670898e-01 
 9.32147600e-07  7.00000000e-01  6.92726144e-01 
 9.33247600e-07  7.00000000e-01  6.92780409e-01 
 9.34347600e-07  7.00000000e-01  6.92834833e-01 
 9.35447600e-07  7.00000000e-01  6.92888283e-01 
 9.36547600e-07  7.00000000e-01  6.92941898e-01 
 9.37647600e-07  7.00000000e-01  6.92994545e-01 
 9.38747600e-07  7.00000000e-01  6.93047363e-01 
 9.39847600e-07  7.00000000e-01  6.93099218e-01 
 9.40947600e-07  7.00000000e-01  6.93151251e-01 
 9.42047600e-07  7.00000000e-01  6.93202327e-01 
 9.43147600e-07  7.00000000e-01  6.93253586e-01 
 9.44247600e-07  7.00000000e-01  6.93303894e-01 
 9.45347600e-07  7.00000000e-01  6.93354391e-01 
 9.46447600e-07  7.00000000e-01  6.93403943e-01 
 9.47547600e-07  7.00000000e-01  6.93453690e-01 
 9.48647600e-07  7.00000000e-01  6.93502496e-01 
 9.49747600e-07  7.00000000e-01  6.93551503e-01 
 9.50847600e-07  7.00000000e-01  6.93599576e-01 
 9.51947600e-07  7.00000000e-01  6.93647854e-01 
 9.53047600e-07  7.00000000e-01  6.93695203e-01 
 9.54147600e-07  7.00000000e-01  6.93742764e-01 
 9.55247600e-07  7.00000000e-01  6.93789401e-01 
 9.56347600e-07  7.00000000e-01  6.93836255e-01 
 9.57447600e-07  7.00000000e-01  6.93882190e-01 
 9.58547600e-07  7.00000000e-01  6.93928347e-01 
 9.59647600e-07  7.00000000e-01  6.93973592e-01 
 9.60747600e-07  7.00000000e-01  6.94019063e-01 
 9.61847600e-07  7.00000000e-01  6.94063627e-01 
 9.62947600e-07  7.00000000e-01  6.94108422e-01 
 9.64047600e-07  7.00000000e-01  6.94152315e-01 
 9.65147600e-07  7.00000000e-01  6.94196444e-01 
 9.66247600e-07  7.00000000e-01  6.94239677e-01 
 9.67347600e-07  7.00000000e-01  6.94283150e-01 
 9.68447600e-07  7.00000000e-01  6.94325732e-01 
 9.69547600e-07  7.00000000e-01  6.94368559e-01 
 9.70647600e-07  7.00000000e-01  6.94410500e-01 
 9.71747600e-07  7.00000000e-01  6.94452691e-01 
 9.72847600e-07  7.00000000e-01  6.94494000e-01 
 9.73947600e-07  7.00000000e-01  6.94535565e-01 
 9.75047600e-07  7.00000000e-01  6.94576252e-01 
 9.76147600e-07  7.00000000e-01  6.94617198e-01 
 9.77247600e-07  7.00000000e-01  6.94657273e-01 
 9.78347600e-07  7.00000000e-01  6.94697611e-01 
 9.79447600e-07  7.00000000e-01  6.94737082e-01 
 9.80547600e-07  7.00000000e-01  6.94776821e-01 
 9.81647600e-07  7.00000000e-01  6.94815698e-01 
 9.82747600e-07  7.00000000e-01  6.94854847e-01 
 9.83847600e-07  7.00000000e-01  6.94893138e-01 
 9.84947600e-07  7.00000000e-01  6.94931705e-01 
 9.86047600e-07  7.00000000e-01  6.94969419e-01 
 9.87147600e-07  7.00000000e-01  6.95007414e-01 
 9.88247600e-07  7.00000000e-01  6.95044560e-01 
 9.89347600e-07  7.00000000e-01  6.95081990e-01 
 9.90447600e-07  7.00000000e-01  6.95118576e-01 
 9.91547600e-07  7.00000000e-01  6.95155451e-01 
 9.92647600e-07  7.00000000e-01  6.95191486e-01 
 9.93747600e-07  7.00000000e-01  6.95227813e-01 
 9.94847600e-07  7.00000000e-01  6.95263305e-01 
 9.95947600e-07  7.00000000e-01  6.95299093e-01 
 9.97047600e-07  7.00000000e-01  6.95334050e-01 
 9.98147600e-07  7.00000000e-01  6.95369307e-01 
 9.99247600e-07  7.00000000e-01  6.95403737e-01 
 1.00034760e-06  7.00000000e-01  6.95438471e-01 
 1.00144760e-06  7.00000000e-01  6.95472381e-01 
 1.00254760e-06  7.00000000e-01  6.95506600e-01 
 1.00364760e-06  7.00000000e-01  6.95539999e-01 
 1.00474760e-06  7.00000000e-01  6.95573710e-01 
 1.00584760e-06  7.00000000e-01  6.95606606e-01 
 1.00694760e-06  7.00000000e-01  6.95639817e-01 
 1.00804760e-06  7.00000000e-01  6.95672216e-01 
 1.00914760e-06  7.00000000e-01  6.95704935e-01 
 1.01024760e-06  7.00000000e-01  6.95736845e-01 
 1.01134760e-06  7.00000000e-01  6.95769079e-01 
 1.01244760e-06  7.00000000e-01  6.95800508e-01 
 1.01354760e-06  7.00000000e-01  6.95832263e-01 
 1.01464760e-06  7.00000000e-01  6.95863219e-01 
 1.01574760e-06  7.00000000e-01  6.95894503e-01 
 1.01684760e-06  7.00000000e-01  6.95924991e-01 
 1.01794760e-06  7.00000000e-01  6.95955812e-01 
 1.01904760e-06  7.00000000e-01  6.95985840e-01 
 1.02014760e-06  7.00000000e-01  6.96016205e-01 
 1.02124760e-06  7.00000000e-01  6.96045780e-01 
 1.02234760e-06  7.00000000e-01  6.96075694e-01 
 1.02344760e-06  7.00000000e-01  6.96104823e-01 
 1.02454760e-06  7.00000000e-01  6.96134294e-01 
 1.02564760e-06  7.00000000e-01  6.96162983e-01 
 1.02674760e-06  7.00000000e-01  6.96192017e-01 
 1.02784760e-06  7.00000000e-01  6.96220273e-01 
 1.02894760e-06  7.00000000e-01  6.96248878e-01 
 1.03004760e-06  7.00000000e-01  6.96276707e-01 
 1.03114760e-06  7.00000000e-01  6.96304888e-01 
 1.03224760e-06  7.00000000e-01  6.96332297e-01 
 1.03334760e-06  7.00000000e-01  6.96360060e-01 
 1.03444760e-06  7.00000000e-01  6.96387056e-01 
 1.03554760e-06  7.00000000e-01  6.96414408e-01 
 1.03664760e-06  7.00000000e-01  6.96440996e-01 
 1.03774760e-06  7.00000000e-01  6.96467944e-01 
 1.03884760e-06  7.00000000e-01  6.96494130e-01 
 1.03994760e-06  7.00000000e-01  6.96520679e-01 
 1.04104760e-06  7.00000000e-01  6.96546469e-01 
 1.04214760e-06  7.00000000e-01  6.96572625e-01 
 1.04324760e-06  7.00000000e-01  6.96598026e-01 
 1.04434760e-06  7.00000000e-01  6.96623795e-01 
 1.04544760e-06  7.00000000e-01  6.96648812e-01 
 1.04654760e-06  7.00000000e-01  6.96674201e-01 
 1.04764760e-06  7.00000000e-01  6.96698839e-01 
 1.04874760e-06  7.00000000e-01  6.96723852e-01 
 1.04984760e-06  7.00000000e-01  6.96748119e-01 
 1.05094760e-06  7.00000000e-01  6.96772762e-01 
 1.05204760e-06  7.00000000e-01  6.96796661e-01 
 1.05314760e-06  7.00000000e-01  6.96820940e-01 
 1.05424760e-06  7.00000000e-01  6.96844478e-01 
 1.05534760e-06  7.00000000e-01  6.96868399e-01 
 1.05644760e-06  7.00000000e-01  6.96891581e-01 
 1.05754760e-06  7.00000000e-01  6.96915148e-01 
 1.05864760e-06  7.00000000e-01  6.96937979e-01 
 1.05974760e-06  7.00000000e-01  6.96961198e-01 
 1.06084760e-06  7.00000000e-01  6.96983684e-01 
 1.06194760e-06  7.00000000e-01  6.97006560e-01 
 1.06304760e-06  7.00000000e-01  6.97028706e-01 
 1.06414760e-06  7.00000000e-01  6.97051244e-01 
 1.06524760e-06  7.00000000e-01  6.97073056e-01 
 1.06634760e-06  7.00000000e-01  6.97095261e-01 
 1.06744760e-06  7.00000000e-01  6.97116742e-01 
 1.06854760e-06  7.00000000e-01  6.97138620e-01 
 1.06964760e-06  7.00000000e-01  6.97159776e-01 
 1.07074760e-06  7.00000000e-01  6.97181330e-01 
 1.07184760e-06  7.00000000e-01  6.97202166e-01 
 1.07294760e-06  7.00000000e-01  6.97223403e-01 
 1.07404760e-06  7.00000000e-01  6.97243924e-01 
 1.07514760e-06  7.00000000e-01  6.97264847e-01 
 1.07624760e-06  7.00000000e-01  6.97285057e-01 
 1.07734760e-06  7.00000000e-01  6.97305672e-01 
 1.07844760e-06  7.00000000e-01  6.97325576e-01 
 1.07954760e-06  7.00000000e-01  6.97345887e-01 
 1.08064760e-06  7.00000000e-01  6.97365489e-01 
 1.08174760e-06  7.00000000e-01  6.97385501e-01 
 1.08284760e-06  7.00000000e-01  6.97404806e-01 
 1.08394760e-06  7.00000000e-01  6.97424523e-01 
 1.08504760e-06  7.00000000e-01  6.97443536e-01 
 1.08614760e-06  7.00000000e-01  6.97462962e-01 
 1.08724760e-06  7.00000000e-01  6.97481687e-01 
 1.08834760e-06  7.00000000e-01  6.97500827e-01 
 1.08944760e-06  7.00000000e-01  6.97519268e-01 
 1.09054760e-06  7.00000000e-01  6.97538126e-01 
 1.09164760e-06  7.00000000e-01  6.97556288e-01 
 1.09274760e-06  7.00000000e-01  6.97574868e-01 
 1.09384760e-06  7.00000000e-01  6.97592755e-01 
 1.09494760e-06  7.00000000e-01  6.97611062e-01 
 1.09604760e-06  7.00000000e-01  6.97628677e-01 
 1.09714760e-06  7.00000000e-01  6.97646715e-01 
 1.09824760e-06  7.00000000e-01  6.97664063e-01 
 1.09934760e-06  7.00000000e-01  6.97681835e-01 
 1.10000000e-06  7.00000000e-01  6.97691870e-01 
