 frequency       AmagdB          Aphdeg         
 1.00000000e+04  4.66817150e+01  1.78758808e+02 
 1.02305973e+04  4.66816203e+01  1.78730195e+02 
 1.04665121e+04  4.66815212e+01  1.78700924e+02 
 1.07078670e+04  4.66814174e+01  1.78670978e+02 
 1.09547876e+04  4.66813088e+01  1.78640342e+02 
 1.12074020e+04  4.66811952e+01  1.78609001e+02 
 1.14658417e+04  4.66810762e+01  1.78576938e+02 
 1.17302409e+04  4.66809517e+01  1.78544136e+02 
 1.20007371e+04  4.66808214e+01  1.78510579e+02 
 1.22774708e+04  4.66806851e+01  1.78476250e+02 
 1.25605860e+04  4.66805423e+01  1.78441130e+02 
 1.28502297e+04  4.66803929e+01  1.78405201e+02 
 1.31465525e+04  4.66802366e+01  1.78368445e+02 
 1.34497085e+04  4.66800730e+01  1.78330842e+02 
 1.37598551e+04  4.66799017e+01  1.78292374e+02 
 1.40771537e+04  4.66797225e+01  1.78253021e+02 
 1.44017690e+04  4.66795349e+01  1.78212762e+02 
 1.47338699e+04  4.66793385e+01  1.78171576e+02 
 1.50736290e+04  4.66791330e+01  1.78129443e+02 
 1.54212228e+04  4.66789180e+01  1.78086340e+02 
 1.57768320e+04  4.66786929e+01  1.78042245e+02 
 1.61406415e+04  4.66784573e+01  1.77997136e+02 
 1.65128404e+04  4.66782107e+01  1.77950989e+02 
 1.68936220e+04  4.66779527e+01  1.77903781e+02 
 1.72831844e+04  4.66776826e+01  1.77855487e+02 
 1.76817299e+04  4.66774000e+01  1.77806082e+02 
 1.80894658e+04  4.66771042e+01  1.77755542e+02 
 1.85066040e+04  4.66767946e+01  1.77703840e+02 
 1.89333613e+04  4.66764706e+01  1.77650950e+02 
 1.93699595e+04  4.66761315e+01  1.77596844e+02 
 1.98166255e+04  4.66757766e+01  1.77541494e+02 
 2.02735916e+04  4.66754052e+01  1.77484873e+02 
 2.07410951e+04  4.66750165e+01  1.77426952e+02 
 2.12193792e+04  4.66746097e+01  1.77367700e+02 
 2.17086923e+04  4.66741840e+01  1.77307088e+02 
 2.22092889e+04  4.66737384e+01  1.77245084e+02 
 2.27214291e+04  4.66732721e+01  1.77181657e+02 
 2.32453791e+04  4.66727841e+01  1.77116775e+02 
 2.37814113e+04  4.66722734e+01  1.77050404e+02 
 2.43298042e+04  4.66717390e+01  1.76982511e+02 
 2.48908429e+04  4.66711797e+01  1.76913060e+02 
 2.54648190e+04  4.66705943e+01  1.76842018e+02 
 2.60520309e+04  4.66699818e+01  1.76769348e+02 
 2.66527837e+04  4.66693407e+01  1.76695012e+02 
 2.72673897e+04  4.66686699e+01  1.76618974e+02 
 2.78961683e+04  4.66679679e+01  1.76541194e+02 
 2.85394464e+04  4.66672332e+01  1.76461634e+02 
 2.91975583e+04  4.66664644e+01  1.76380254e+02 
 2.98708461e+04  4.66656599e+01  1.76297012e+02 
 3.05596598e+04  4.66648180e+01  1.76211866e+02 
 3.12643573e+04  4.66639370e+01  1.76124775e+02 
 3.19853049e+04  4.66630151e+01  1.76035693e+02 
 3.27228774e+04  4.66620504e+01  1.75944577e+02 
 3.34774581e+04  4.66610410e+01  1.75851382e+02 
 3.42494392e+04  4.66599846e+01  1.75756059e+02 
 3.50392221e+04  4.66588793e+01  1.75658563e+02 
 3.58472171e+04  4.66577227e+01  1.75558845e+02 
 3.66738442e+04  4.66565125e+01  1.75456854e+02 
 3.75195331e+04  4.66552462e+01  1.75352542e+02 
 3.83847234e+04  4.66539213e+01  1.75245856e+02 
 3.92698648e+04  4.66525349e+01  1.75136744e+02 
 4.01754173e+04  4.66510843e+01  1.75025152e+02 
 4.11018515e+04  4.66495666e+01  1.74911025e+02 
 4.20496491e+04  4.66479787e+01  1.74794309e+02 
 4.30193027e+04  4.66463173e+01  1.74674946e+02 
 4.40113162e+04  4.66445791e+01  1.74552878e+02 
 4.50262052e+04  4.66427605e+01  1.74428046e+02 
 4.60644974e+04  4.66408579e+01  1.74300390e+02 
 4.71267322e+04  4.66388674e+01  1.74169849e+02 
 4.82134619e+04  4.66367851e+01  1.74036360e+02 
 4.93252513e+04  4.66346066e+01  1.73899860e+02 
 5.04626783e+04  4.66323278e+01  1.73760283e+02 
 5.16263340e+04  4.66299439e+01  1.73617565e+02 
 5.28168234e+04  4.66274501e+01  1.73471637e+02 
 5.40347650e+04  4.66248416e+01  1.73322431e+02 
 5.52807921e+04  4.66221131e+01  1.73169879e+02 
 5.65555523e+04  4.66192591e+01  1.73013909e+02 
 5.78597080e+04  4.66162739e+01  1.72854449e+02 
 5.91939372e+04  4.66131518e+01  1.72691427e+02 
 6.05589334e+04  4.66098863e+01  1.72524768e+02 
 6.19554061e+04  4.66064712e+01  1.72354396e+02 
 6.33840810e+04  4.66028996e+01  1.72180236e+02 
 6.48457008e+04  4.65991645e+01  1.72002209e+02 
 6.63410251e+04  4.65952586e+01  1.71820236e+02 
 6.78708313e+04  4.65911743e+01  1.71634238e+02 
 6.94359143e+04  4.65869035e+01  1.71444134e+02 
 7.10370877e+04  4.65824380e+01  1.71249841e+02 
 7.26751838e+04  4.65777691e+01  1.71051277e+02 
 7.43510539e+04  4.65728877e+01  1.70848356e+02 
 7.60655691e+04  4.65677845e+01  1.70640994e+02 
 7.78196206e+04  4.65624496e+01  1.70429104e+02 
 7.96141200e+04  4.65568729e+01  1.70212600e+02 
 8.14500001e+04  4.65510436e+01  1.69991394e+02 
 8.33282151e+04  4.65449508e+01  1.69765397e+02 
 8.52497412e+04  4.65385829e+01  1.69534518e+02 
 8.72155772e+04  4.65319279e+01  1.69298669e+02 
 8.92267449e+04  4.65249734e+01  1.69057759e+02 
 9.12842895e+04  4.65177063e+01  1.68811695e+02 
 9.33892805e+04  4.65101132e+01  1.68560387e+02 
 9.55428121e+04  4.65021801e+01  1.68303742e+02 
 9.77460036e+04  4.64938924e+01  1.68041668e+02 
 1.00000000e+05  4.64852349e+01  1.67774072e+02 
 1.02305973e+05  4.64761920e+01  1.67500861e+02 
 1.04665121e+05  4.64667474e+01  1.67221943e+02 
 1.07078670e+05  4.64568841e+01  1.66937226e+02 
 1.09547876e+05  4.64465847e+01  1.66646618e+02 
 1.12074020e+05  4.64358308e+01  1.66350026e+02 
 1.14658417e+05  4.64246037e+01  1.66047360e+02 
 1.17302409e+05  4.64128839e+01  1.65738531e+02 
 1.20007371e+05  4.64006511e+01  1.65423448e+02 
 1.22774708e+05  4.63878844e+01  1.65102024e+02 
 1.25605860e+05  4.63745622e+01  1.64774172e+02 
 1.28502297e+05  4.63606621e+01  1.64439807e+02 
 1.31465525e+05  4.63461611e+01  1.64098847e+02 
 1.34497085e+05  4.63310353e+01  1.63751209e+02 
 1.37598551e+05  4.63152601e+01  1.63396815e+02 
 1.40771537e+05  4.62988100e+01  1.63035589e+02 
 1.44017690e+05  4.62816591e+01  1.62667457e+02 
 1.47338699e+05  4.62637803e+01  1.62292349e+02 
 1.50736290e+05  4.62451459e+01  1.61910198e+02 
 1.54212228e+05  4.62257274e+01  1.61520939e+02 
 1.57768320e+05  4.62054957e+01  1.61124514e+02 
 1.61406415e+05  4.61844205e+01  1.60720868e+02 
 1.65128404e+05  4.61624712e+01  1.60309950e+02 
 1.68936220e+05  4.61396161e+01  1.59891715e+02 
 1.72831844e+05  4.61158229e+01  1.59466122e+02 
 1.76817299e+05  4.60910586e+01  1.59033137e+02 
 1.80894658e+05  4.60652894e+01  1.58592732e+02 
 1.85066040e+05  4.60384807e+01  1.58144885e+02 
 1.89333613e+05  4.60105976e+01  1.57689580e+02 
 1.93699595e+05  4.59816041e+01  1.57226809e+02 
 1.98166255e+05  4.59514640e+01  1.56756572e+02 
 2.02735916e+05  4.59201402e+01  1.56278876e+02 
 2.07410951e+05  4.58875953e+01  1.55793737e+02 
 2.12193792e+05  4.58537914e+01  1.55301179e+02 
 2.17086923e+05  4.58186901e+01  1.54801236e+02 
 2.22092889e+05  4.57822526e+01  1.54293949e+02 
 2.27214291e+05  4.57444399e+01  1.53779373e+02 
 2.32453791e+05  4.57052127e+01  1.53257568e+02 
 2.37814113e+05  4.56645315e+01  1.52728608e+02 
 2.43298042e+05  4.56223567e+01  1.52192575e+02 
 2.48908429e+05  4.55786487e+01  1.51649565e+02 
 2.54648190e+05  4.55333680e+01  1.51099682e+02 
 2.60520309e+05  4.54864752e+01  1.50543042e+02 
 2.66527837e+05  4.54379312e+01  1.49979775e+02 
 2.72673897e+05  4.53876970e+01  1.49410018e+02 
 2.78961683e+05  4.53357344e+01  1.48833925e+02 
 2.85394464e+05  4.52820055e+01  1.48251657e+02 
 2.91975583e+05  4.52264730e+01  1.47663389e+02 
 2.98708461e+05  4.51691006e+01  1.47069308e+02 
 3.05596598e+05  4.51098526e+01  1.46469613e+02 
 3.12643573e+05  4.50486943e+01  1.45864513e+02 
 3.19853049e+05  4.49855922e+01  1.45254228e+02 
 3.27228774e+05  4.49205138e+01  1.44638993e+02 
 3.34774581e+05  4.48534281e+01  1.44019048e+02 
 3.42494392e+05  4.47843053e+01  1.43394648e+02 
 3.50392221e+05  4.47131172e+01  1.42766057e+02 
 3.58472171e+05  4.46398372e+01  1.42133548e+02 
 3.66738442e+05  4.45644403e+01  1.41497404e+02 
 3.75195331e+05  4.44869034e+01  1.40857914e+02 
 3.83847234e+05  4.44072053e+01  1.40215380e+02 
 3.92698648e+05  4.43253266e+01  1.39570106e+02 
 4.01754173e+05  4.42412502e+01  1.38922407e+02 
 4.11018515e+05  4.41549607e+01  1.38272601e+02 
 4.20496491e+05  4.40664453e+01  1.37621013e+02 
 4.30193027e+05  4.39756931e+01  1.36967971e+02 
 4.40113162e+05  4.38826956e+01  1.36313808e+02 
 4.50262052e+05  4.37874467e+01  1.35658859e+02 
 4.60644974e+05  4.36899423e+01  1.35003461e+02 
 4.71267322e+05  4.35901810e+01  1.34347951e+02 
 4.82134619e+05  4.34881635e+01  1.33692667e+02 
 4.93252513e+05  4.33838930e+01  1.33037948e+02 
 5.04626783e+05  4.32773749e+01  1.32384128e+02 
 5.16263340e+05  4.31686169e+01  1.31731540e+02 
 5.28168234e+05  4.30576291e+01  1.31080515e+02 
 5.40347650e+05  4.29444238e+01  1.30431378e+02 
 5.52807921e+05  4.28290154e+01  1.29784450e+02 
 5.65555523e+05  4.27114205e+01  1.29140044e+02 
 5.78597080e+05  4.25916577e+01  1.28498471e+02 
 5.91939372e+05  4.24697476e+01  1.27860030e+02 
 6.05589334e+05  4.23457128e+01  1.27225015e+02 
 6.19554061e+05  4.22195776e+01  1.26593711e+02 
 6.33840810e+05  4.20913680e+01  1.25966394e+02 
 6.48457008e+05  4.19611119e+01  1.25343329e+02 
 6.63410251e+05  4.18288383e+01  1.24724773e+02 
 6.78708313e+05  4.16945781e+01  1.24110971e+02 
 6.94359143e+05  4.15583631e+01  1.23502159e+02 
 7.10370877e+05  4.14202266e+01  1.22898560e+02 
 7.26751838e+05  4.12802028e+01  1.22300387e+02 
 7.43510539e+05  4.11383272e+01  1.21707840e+02 
 7.60655691e+05  4.09946358e+01  1.21121109e+02 
 7.78196206e+05  4.08491658e+01  1.20540372e+02 
 7.96141200e+05  4.07019546e+01  1.19965794e+02 
 8.14500001e+05  4.05530406e+01  1.19397528e+02 
 8.33282151e+05  4.04024624e+01  1.18835717e+02 
 8.52497412e+05  4.02502592e+01  1.18280492e+02 
 8.72155772e+05  4.00964701e+01  1.17731970e+02 
 8.92267449e+05  3.99411348e+01  1.17190260e+02 
 9.12842895e+05  3.97842927e+01  1.16655457e+02 
 9.33892805e+05  3.96259836e+01  1.16127646e+02 
 9.55428121e+05  3.94662470e+01  1.15606901e+02 
 9.77460036e+05  3.93051221e+01  1.15093288e+02 
 1.00000000e+06  3.91426483e+01  1.14586858e+02 
 1.02305973e+06  3.89788642e+01  1.14087656e+02 
 1.04665121e+06  3.88138086e+01  1.13595717e+02 
 1.07078670e+06  3.86475193e+01  1.13111064e+02 
 1.09547876e+06  3.84800342e+01  1.12633715e+02 
 1.12074020e+06  3.83113903e+01  1.12163677e+02 
 1.14658417e+06  3.81416242e+01  1.11700950e+02 
 1.17302409e+06  3.79707718e+01  1.11245525e+02 
 1.20007371e+06  3.77988687e+01  1.10797387e+02 
 1.22774708e+06  3.76259494e+01  1.10356513e+02 
 1.25605860e+06  3.74520479e+01  1.09922875e+02 
 1.28502297e+06  3.72771977e+01  1.09496437e+02 
 1.31465525e+06  3.71014313e+01  1.09077157e+02 
 1.34497085e+06  3.69247804e+01  1.08664989e+02 
 1.37598551e+06  3.67472762e+01  1.08259881e+02 
 1.40771537e+06  3.65689491e+01  1.07861776e+02 
 1.44017690e+06  3.63898285e+01  1.07470613e+02 
 1.47338699e+06  3.62099432e+01  1.07086325e+02 
 1.50736290e+06  3.60293212e+01  1.06708844e+02 
 1.54212228e+06  3.58479897e+01  1.06338096e+02 
 1.57768320e+06  3.56659751e+01  1.05974006e+02 
 1.61406415e+06  3.54833031e+01  1.05616493e+02 
 1.65128404e+06  3.52999985e+01  1.05265477e+02 
 1.68936220e+06  3.51160855e+01  1.04920871e+02 
 1.72831844e+06  3.49315874e+01  1.04582591e+02 
 1.76817299e+06  3.47465269e+01  1.04250546e+02 
 1.80894658e+06  3.45609258e+01  1.03924647e+02 
 1.85066040e+06  3.43748053e+01  1.03604801e+02 
 1.89333613e+06  3.41881858e+01  1.03290915e+02 
 1.93699595e+06  3.40010872e+01  1.02982895e+02 
 1.98166255e+06  3.38135286e+01  1.02680644e+02 
 2.02735916e+06  3.36255283e+01  1.02384067e+02 
 2.07410951e+06  3.34371042e+01  1.02093066e+02 
 2.12193792e+06  3.32482734e+01  1.01807544e+02 
 2.17086923e+06  3.30590525e+01  1.01527403e+02 
 2.22092889e+06  3.28694573e+01  1.01252545e+02 
 2.27214291e+06  3.26795032e+01  1.00982871e+02 
 2.32453791e+06  3.24892051e+01  1.00718284e+02 
 2.37814113e+06  3.22985771e+01  1.00458684e+02 
 2.43298042e+06  3.21076329e+01  1.00203974e+02 
 2.48908429e+06  3.19163858e+01  9.99540563e+01 
 2.54648190e+06  3.17248484e+01  9.97088332e+01 
 2.60520309e+06  3.15330328e+01  9.94682078e+01 
 2.66527837e+06  3.13409509e+01  9.92320836e+01 
 2.72673897e+06  3.11486139e+01  9.90003648e+01 
 2.78961683e+06  3.09560325e+01  9.87729559e+01 
 2.85394464e+06  3.07632173e+01  9.85497625e+01 
 2.91975583e+06  3.05701782e+01  9.83306906e+01 
 2.98708461e+06  3.03769247e+01  9.81156470e+01 
 3.05596598e+06  3.01834662e+01  9.79045394e+01 
 3.12643573e+06  2.99898114e+01  9.76972762e+01 
 3.19853049e+06  2.97959688e+01  9.74937667e+01 
 3.27228774e+06  2.96019467e+01  9.72939211e+01 
 3.34774581e+06  2.94077528e+01  9.70976506e+01 
 3.42494392e+06  2.92133946e+01  9.69048669e+01 
 3.50392221e+06  2.90188793e+01  9.67154832e+01 
 3.58472171e+06  2.88242139e+01  9.65294131e+01 
 3.66738442e+06  2.86294049e+01  9.63465715e+01 
 3.75195331e+06  2.84344588e+01  9.61668741e+01 
 3.83847234e+06  2.82393816e+01  9.59902376e+01 
 3.92698648e+06  2.80441793e+01  9.58165796e+01 
 4.01754173e+06  2.78488573e+01  9.56458186e+01 
 4.11018515e+06  2.76534212e+01  9.54778741e+01 
 4.20496491e+06  2.74578760e+01  9.53126666e+01 
 4.30193027e+06  2.72622268e+01  9.51501175e+01 
 4.40113162e+06  2.70664783e+01  9.49901489e+01 
 4.50262052e+06  2.68706351e+01  9.48326842e+01 
 4.60644974e+06  2.66747015e+01  9.46776474e+01 
 4.71267322e+06  2.64786818e+01  9.45249634e+01 
 4.82134619e+06  2.62825800e+01  9.43745581e+01 
 4.93252513e+06  2.60864000e+01  9.42263582e+01 
 5.04626783e+06  2.58901456e+01  9.40802912e+01 
 5.16263340e+06  2.56938202e+01  9.39362854e+01 
 5.28168234e+06  2.54974274e+01  9.37942700e+01 
 5.40347650e+06  2.53009704e+01  9.36541749e+01 
 5.52807921e+06  2.51044525e+01  9.35159307e+01 
 5.65555523e+06  2.49078767e+01  9.33794690e+01 
 5.78597080e+06  2.47112459e+01  9.32447218e+01 
 5.91939372e+06  2.45145629e+01  9.31116220e+01 
 6.05589334e+06  2.43178306e+01  9.29801031e+01 
 6.19554061e+06  2.41210516e+01  9.28500993e+01 
 6.33840810e+06  2.39242283e+01  9.27215453e+01 
 6.48457008e+06  2.37273632e+01  9.25943767e+01 
 6.63410251e+06  2.35304588e+01  9.24685294e+01 
 6.78708313e+06  2.33335172e+01  9.23439400e+01 
 6.94359143e+06  2.31365408e+01  9.22205455e+01 
 7.10370877e+06  2.29395316e+01  9.20982836e+01 
 7.26751838e+06  2.27424917e+01  9.19770924e+01 
 7.43510539e+06  2.25454232e+01  9.18569104e+01 
 7.60655691e+06  2.23483279e+01  9.17376767e+01 
 7.78196206e+06  2.21512079e+01  9.16193307e+01 
 7.96141200e+06  2.19540649e+01  9.15018121e+01 
 8.14500001e+06  2.17569008e+01  9.13850613e+01 
 8.33282151e+06  2.15597173e+01  9.12690186e+01 
 8.52497412e+06  2.13625161e+01  9.11536250e+01 
 8.72155772e+06  2.11652990e+01  9.10388215e+01 
 8.92267449e+06  2.09680676e+01  9.09245495e+01 
 9.12842895e+06  2.07708236e+01  9.08107506e+01 
 9.33892805e+06  2.05735684e+01  9.06973668e+01 
 9.55428121e+06  2.03763038e+01  9.05843399e+01 
 9.77460036e+06  2.01790313e+01  9.04716121e+01 
 1.00000000e+07  1.99817523e+01  9.03591259e+01 
 1.02305973e+07  1.97844685e+01  9.02468235e+01 
 1.04665121e+07  1.95871814e+01  9.01346475e+01 
 1.07078670e+07  1.93898925e+01  9.00225405e+01 
 1.09547876e+07  1.91926033e+01  8.99104450e+01 
 1.12074020e+07  1.89953152e+01  8.97983037e+01 
 1.14658417e+07  1.87980299e+01  8.96860590e+01 
 1.17302409e+07  1.86007488e+01  8.95736537e+01 
 1.20007371e+07  1.84034735e+01  8.94610300e+01 
 1.22774708e+07  1.82062055e+01  8.93481303e+01 
 1.25605860e+07  1.80089464e+01  8.92348970e+01 
 1.28502297e+07  1.78116977e+01  8.91212720e+01 
 1.31465525e+07  1.76144610e+01  8.90071973e+01 
 1.34497085e+07  1.74172379e+01  8.88926146e+01 
 1.37598551e+07  1.72200302e+01  8.87774654e+01 
 1.40771537e+07  1.70228394e+01  8.86616908e+01 
 1.44017690e+07  1.68256672e+01  8.85452319e+01 
 1.47338699e+07  1.66285155e+01  8.84280293e+01 
 1.50736290e+07  1.64313860e+01  8.83100233e+01 
 1.54212228e+07  1.62342806e+01  8.81911539e+01 
 1.57768320e+07  1.60372011e+01  8.80713606e+01 
 1.61406415e+07  1.58401494e+01  8.79505826e+01 
 1.65128404e+07  1.56431276e+01  8.78287587e+01 
 1.68936220e+07  1.54461377e+01  8.77058272e+01 
 1.72831844e+07  1.52491818e+01  8.75817259e+01 
 1.76817299e+07  1.50522622e+01  8.74563920e+01 
 1.80894658e+07  1.48553810e+01  8.73297625e+01 
 1.85066040e+07  1.46585406e+01  8.72017734e+01 
 1.89333613e+07  1.44617435e+01  8.70723605e+01 
 1.93699595e+07  1.42649920e+01  8.69414588e+01 
 1.98166255e+07  1.40682889e+01  8.68090028e+01 
 2.02735916e+07  1.38716368e+01  8.66749261e+01 
 2.07410951e+07  1.36750385e+01  8.65391621e+01 
 2.12193792e+07  1.34784969e+01  8.64016430e+01 
 2.17086923e+07  1.32820150e+01  8.62623006e+01 
 2.22092889e+07  1.30855960e+01  8.61210658e+01 
 2.27214291e+07  1.28892431e+01  8.59778690e+01 
 2.32453791e+07  1.26929596e+01  8.58326395e+01 
 2.37814113e+07  1.24967492e+01  8.56853060e+01 
 2.43298042e+07  1.23006155e+01  8.55357965e+01 
 2.48908429e+07  1.21045623e+01  8.53840378e+01 
 2.54648190e+07  1.19085936e+01  8.52299561e+01 
 2.60520309e+07  1.17127134e+01  8.50734769e+01 
 2.66527837e+07  1.15169263e+01  8.49145245e+01 
 2.72673897e+07  1.13212365e+01  8.47530225e+01 
 2.78961683e+07  1.11256489e+01  8.45888935e+01 
 2.85394464e+07  1.09301683e+01  8.44220593e+01 
 2.91975583e+07  1.07347997e+01  8.42524406e+01 
 2.98708461e+07  1.05395486e+01  8.40799574e+01 
 3.05596598e+07  1.03444203e+01  8.39045286e+01 
 3.12643573e+07  1.01494207e+01  8.37260721e+01 
 3.19853049e+07  9.95455580e+00  8.35445051e+01 
 3.27228774e+07  9.75983181e+00  8.33597436e+01 
 3.34774581e+07  9.56525528e+00  8.31717028e+01 
 3.42494392e+07  9.37083301e+00  8.29802969e+01 
 3.50392221e+07  9.17657206e+00  8.27854391e+01 
 3.58472171e+07  8.98247984e+00  8.25870419e+01 
 3.66738442e+07  8.78856404e+00  8.23850167e+01 
 3.75195331e+07  8.59483267e+00  8.21792739e+01 
 3.83847234e+07  8.40129408e+00  8.19697233e+01 
 3.92698648e+07  8.20795699e+00  8.17562736e+01 
 4.01754173e+07  8.01483045e+00  8.15388329e+01 
 4.11018515e+07  7.82192391e+00  8.13173082e+01 
 4.20496491e+07  7.62924719e+00  8.10916059e+01 
 4.30193027e+07  7.43681053e+00  8.08616318e+01 
 4.40113162e+07  7.24462459e+00  8.06272907e+01 
 4.50262052e+07  7.05270044e+00  8.03884870e+01 
 4.60644974e+07  6.86104963e+00  8.01451245e+01 
 4.71267322e+07  6.66968415e+00  7.98971063e+01 
 4.82134619e+07  6.47861648e+00  7.96443352e+01 
 4.93252513e+07  6.28785961e+00  7.93867136e+01 
 5.04626783e+07  6.09742701e+00  7.91241436e+01 
 5.16263340e+07  5.90733270e+00  7.88565270e+01 
 5.28168234e+07  5.71759125e+00  7.85837654e+01 
 5.40347650e+07  5.52821777e+00  7.83057606e+01 
 5.52807921e+07  5.33922796e+00  7.80224144e+01 
 5.65555523e+07  5.15063812e+00  7.77336285e+01 
 5.78597080e+07  4.96246514e+00  7.74393055e+01 
 5.91939372e+07  4.77472655e+00  7.71393479e+01 
 6.05589334e+07  4.58744052e+00  7.68336591e+01 
 6.19554061e+07  4.40062588e+00  7.65221432e+01 
 6.33840810e+07  4.21430212e+00  7.62047052e+01 
 6.48457008e+07  4.02848943e+00  7.58812512e+01 
 6.63410251e+07  3.84320870e+00  7.55516886e+01 
 6.78708313e+07  3.65848152e+00  7.52159262e+01 
 6.94359143e+07  3.47433022e+00  7.48738745e+01 
 7.10370877e+07  3.29077787e+00  7.45254461e+01 
 7.26751838e+07  3.10784827e+00  7.41705555e+01 
 7.43510539e+07  2.92556601e+00  7.38091196e+01 
 7.60655691e+07  2.74395642e+00  7.34410580e+01 
 7.78196206e+07  2.56304560e+00  7.30662932e+01 
 7.96141200e+07  2.38286044e+00  7.26847507e+01 
 8.14500001e+07  2.20342862e+00  7.22963598e+01 
 8.33282151e+07  2.02477857e+00  7.19010531e+01 
 8.52497412e+07  1.84693953e+00  7.14987676e+01 
 8.72155772e+07  1.66994150e+00  7.10894446e+01 
 8.92267449e+07  1.49381526e+00  7.06730300e+01 
 9.12842895e+07  1.31859234e+00  7.02494750e+01 
 9.33892805e+07  1.14430502e+00  6.98187359e+01 
 9.55428121e+07  9.70986334e-01  6.93807748e+01 
 9.77460036e+07  7.98670009e-01  6.89355602e+01 
 1.00000000e+08  6.27390478e-01  6.84830668e+01 
 1.02305973e+08  4.57182841e-01  6.80232761e+01 
 1.04665121e+08  2.88082839e-01  6.75561771e+01 
 1.07078670e+08  1.20126817e-01  6.70817661e+01 
 1.09547876e+08 -4.66483067e-02  6.66000475e+01 
 1.12074020e+08 -2.12205091e-01  6.61110342e+01 
 1.14658417e+08 -3.76505612e-01  6.56147474e+01 
 1.17302409e+08 -5.39511514e-01  6.51112177e+01 
 1.20007371e+08 -7.01184070e-01  6.46004850e+01 
 1.22774708e+08 -8.61484237e-01  6.40825989e+01 
 1.25605860e+08 -1.02037272e+00  6.35576191e+01 
 1.28502297e+08 -1.17781005e+00  6.30256157e+01 
 1.31465525e+08 -1.33375664e+00  6.24866693e+01 
 1.34497085e+08 -1.48817288e+00  6.19408716e+01 
 1.37598551e+08 -1.64101923e+00  6.13883253e+01 
 1.40771537e+08 -1.79225628e+00  6.08291446e+01 
 1.44017690e+08 -1.94184484e+00  6.02634551e+01 
 1.47338699e+08 -2.08974606e+00  5.96913941e+01 
 1.50736290e+08 -2.23592154e+00  5.91131105e+01 
 1.54212228e+08 -2.38033337e+00  5.85287654e+01 
 1.57768320e+08 -2.52294428e+00  5.79385313e+01 
 1.61406415e+08 -2.66371776e+00  5.73425928e+01 
 1.65128404e+08 -2.80261813e+00  5.67411462e+01 
 1.68936220e+08 -2.93961065e+00  5.61343993e+01 
 1.72831844e+08 -3.07466168e+00  5.55225714e+01 
 1.76817299e+08 -3.20773870e+00  5.49058929e+01 
 1.80894658e+08 -3.33881052e+00  5.42846054e+01 
 1.85066040e+08 -3.46784731e+00  5.36589606e+01 
 1.89333613e+08 -3.59482073e+00  5.30292209e+01 
 1.93699595e+08 -3.71970405e+00  5.23956582e+01 
 1.98166255e+08 -3.84247221e+00  5.17585536e+01 
 2.02735916e+08 -3.96310194e+00  5.11181970e+01 
 2.07410951e+08 -4.08157186e+00  5.04748865e+01 
 2.12193792e+08 -4.19786251e+00  4.98289275e+01 
 2.17086923e+08 -4.31195650e+00  4.91806323e+01 
 2.22092889e+08 -4.42383850e+00  4.85303192e+01 
 2.27214291e+08 -4.53349536e+00  4.78783120e+01 
 2.32453791e+08 -4.64091616e+00  4.72249388e+01 
 2.37814113e+08 -4.74609220e+00  4.65705314e+01 
 2.43298042e+08 -4.84901711e+00  4.59154245e+01 
 2.48908429e+08 -4.94968683e+00  4.52599549e+01 
 2.54648190e+08 -5.04809962e+00  4.46044605e+01 
 2.60520309e+08 -5.14425611e+00  4.39492791e+01 
 2.66527837e+08 -5.23815925e+00  4.32947483e+01 
 2.72673897e+08 -5.32981434e+00  4.26412039e+01 
 2.78961683e+08 -5.41922897e+00  4.19889795e+01 
 2.85394464e+08 -5.50641301e+00  4.13384053e+01 
 2.91975583e+08 -5.59137859e+00  4.06898074e+01 
 2.98708461e+08 -5.67413999e+00  4.00435073e+01 
 3.05596598e+08 -5.75471363e+00  3.93998204e+01 
 3.12643573e+08 -5.83311802e+00  3.87590562e+01 
 3.19853049e+08 -5.90937363e+00  3.81215167e+01 
 3.27228774e+08 -5.98350285e+00  3.74874963e+01 
 3.34774581e+08 -6.05552991e+00  3.68572810e+01 
 3.42494392e+08 -6.12548075e+00  3.62311480e+01 
 3.50392221e+08 -6.19338296e+00  3.56093647e+01 
 3.58472171e+08 -6.25926569e+00  3.49921889e+01 
 3.66738442e+08 -6.32315948e+00  3.43798679e+01 
 3.75195331e+08 -6.38509625e+00  3.37726383e+01 
 3.83847234e+08 -6.44510911e+00  3.31707257e+01 
 3.92698648e+08 -6.50323230e+00  3.25743445e+01 
 4.01754173e+08 -6.55950105e+00  3.19836974e+01 
 4.11018515e+08 -6.61395151e+00  3.13989758e+01 
 4.20496491e+08 -6.66662059e+00  3.08203592e+01 
 4.30193027e+08 -6.71754591e+00  3.02480155e+01 
 4.40113162e+08 -6.76676564e+00  2.96821004e+01 
 4.50262052e+08 -6.81431843e+00  2.91227585e+01 
 4.60644974e+08 -6.86024332e+00  2.85701222e+01 
 4.71267322e+08 -6.90457962e+00  2.80243128e+01 
 4.82134619e+08 -6.94736680e+00  2.74854398e+01 
 4.93252513e+08 -6.98864447e+00  2.69536020e+01 
 5.04626783e+08 -7.02845222e+00  2.64288869e+01 
 5.16263340e+08 -7.06682958e+00  2.59113715e+01 
 5.28168234e+08 -7.10381592e+00  2.54011221e+01 
 5.40347650e+08 -7.13945041e+00  2.48981952e+01 
 5.52807921e+08 -7.17377193e+00  2.44026372e+01 
 5.65555523e+08 -7.20681900e+00  2.39144853e+01 
 5.78597080e+08 -7.23862976e+00  2.34337673e+01 
 5.91939372e+08 -7.26924188e+00  2.29605022e+01 
 6.05589334e+08 -7.29869251e+00  2.24947008e+01 
 6.19554061e+08 -7.32701826e+00  2.20363656e+01 
 6.33840810e+08 -7.35425517e+00  2.15854916e+01 
 6.48457008e+08 -7.38043861e+00  2.11420664e+01 
 6.63410251e+08 -7.40560335e+00  2.07060706e+01 
 6.78708313e+08 -7.42978343e+00  2.02774784e+01 
 6.94359143e+08 -7.45301219e+00  1.98562575e+01 
 7.10370877e+08 -7.47532228e+00  1.94423702e+01 
 7.26751838e+08 -7.49674556e+00  1.90357730e+01 
 7.43510539e+08 -7.51731316e+00  1.86364173e+01 
 7.60655691e+08 -7.53705543e+00  1.82442500e+01 
 7.78196206e+08 -7.55600196e+00  1.78592131e+01 
 7.96141200e+08 -7.57418154e+00  1.74812449e+01 
 8.14500001e+08 -7.59162221e+00  1.71102797e+01 
 8.33282151e+08 -7.60835119e+00  1.67462484e+01 
 8.52497412e+08 -7.62439496e+00  1.63890786e+01 
 8.72155772e+08 -7.63977919e+00  1.60386951e+01 
 8.92267449e+08 -7.65452880e+00  1.56950198e+01 
 9.12842895e+08 -7.66866794e+00  1.53579726e+01 
 9.33892805e+08 -7.68222001e+00  1.50274711e+01 
 9.55428121e+08 -7.69520766e+00  1.47034308e+01 
 9.77460036e+08 -7.70765281e+00  1.43857658e+01 
 1.00000000e+09 -7.71957667e+00  1.40743887e+01 
 1.02305973e+09 -7.73099972e+00  1.37692107e+01 
 1.04665121e+09 -7.74194177e+00  1.34701421e+01 
 1.07078670e+09 -7.75242192e+00  1.31770922e+01 
 1.09547876e+09 -7.76245863e+00  1.28899697e+01 
 1.12074020e+09 -7.77206971e+00  1.26086827e+01 
 1.14658417e+09 -7.78127231e+00  1.23331390e+01 
 1.17302409e+09 -7.79008299e+00  1.20632459e+01 
 1.20007371e+09 -7.79851769e+00  1.17989108e+01 
 1.22774708e+09 -7.80659177e+00  1.15400412e+01 
 1.25605860e+09 -7.81432002e+00  1.12865444e+01 
 1.28502297e+09 -7.82171668e+00  1.10383281e+01 
 1.31465525e+09 -7.82879544e+00  1.07953005e+01 
 1.34497085e+09 -7.83556949e+00  1.05573699e+01 
 1.37598551e+09 -7.84205148e+00  1.03244453e+01 
 1.40771537e+09 -7.84825362e+00  1.00964363e+01 
 1.44017690e+09 -7.85418759e+00  9.87325304e+00 
 1.47338699e+09 -7.85986467e+00  9.65480648e+00 
 1.50736290e+09 -7.86529564e+00  9.44100831e+00 
 1.54212228e+09 -7.87049090e+00  9.23177110e+00 
 1.57768320e+09 -7.87546041e+00  9.02700826e+00 
 1.61406415e+09 -7.88021374e+00  8.82663416e+00 
 1.65128404e+09 -7.88476007e+00  8.63056414e+00 
 1.68936220e+09 -7.88910821e+00  8.43871455e+00 
 1.72831844e+09 -7.89326661e+00  8.25100277e+00 
 1.76817299e+09 -7.89724339e+00  8.06734726e+00 
 1.80894658e+09 -7.90104633e+00  7.88766754e+00 
 1.85066040e+09 -7.90468287e+00  7.71188428e+00 
 1.89333613e+09 -7.90816017e+00  7.53991927e+00 
 1.93699595e+09 -7.91148509e+00  7.37169544e+00 
 1.98166255e+09 -7.91466418e+00  7.20713687e+00 
 2.02735916e+09 -7.91770376e+00  7.04616882e+00 
 2.07410951e+09 -7.92060984e+00  6.88871772e+00 
 2.12193792e+09 -7.92338821e+00  6.73471119e+00 
 2.17086923e+09 -7.92604441e+00  6.58407802e+00 
 2.22092889e+09 -7.92858373e+00  6.43674818e+00 
 2.27214291e+09 -7.93101126e+00  6.29265283e+00 
 2.32453791e+09 -7.93333185e+00  6.15172434e+00 
 2.37814113e+09 -7.93555018e+00  6.01389620e+00 
 2.43298042e+09 -7.93767068e+00  5.87910313e+00 
 2.48908429e+09 -7.93969764e+00  5.74728099e+00 
 2.54648190e+09 -7.94163514e+00  5.61836679e+00 
 2.60520309e+09 -7.94348709e+00  5.49229872e+00 
 2.66527837e+09 -7.94525723e+00  5.36901610e+00 
 2.72673897e+09 -7.94694915e+00  5.24845938e+00 
 2.78961683e+09 -7.94856627e+00  5.13057014e+00 
 2.85394464e+09 -7.95011188e+00  5.01529106e+00 
 2.91975583e+09 -7.95158911e+00  4.90256593e+00 
 2.98708461e+09 -7.95300096e+00  4.79233961e+00 
 3.05596598e+09 -7.95435032e+00  4.68455806e+00 
 3.12643573e+09 -7.95563992e+00  4.57916828e+00 
 3.19853049e+09 -7.95687241e+00  4.47611831e+00 
 3.27228774e+09 -7.95805028e+00  4.37535725e+00 
 3.34774581e+09 -7.95917596e+00  4.27683518e+00 
 3.42494392e+09 -7.96025173e+00  4.18050321e+00 
 3.50392221e+09 -7.96127981e+00  4.08631342e+00 
 3.58472171e+09 -7.96226228e+00  3.99421889e+00 
 3.66738442e+09 -7.96320118e+00  3.90417361e+00 
 3.75195331e+09 -7.96409842e+00  3.81613256e+00 
 3.83847234e+09 -7.96495583e+00  3.73005162e+00 
 3.92698648e+09 -7.96577519e+00  3.64588759e+00 
 4.01754173e+09 -7.96655818e+00  3.56359815e+00 
 4.11018515e+09 -7.96730640e+00  3.48314187e+00 
 4.20496491e+09 -7.96802139e+00  3.40447821e+00 
 4.30193027e+09 -7.96870462e+00  3.32756743e+00 
 4.40113162e+09 -7.96935750e+00  3.25237067e+00 
 4.50262052e+09 -7.96998137e+00  3.17884985e+00 
 4.60644974e+09 -7.97057751e+00  3.10696773e+00 
 4.71267322e+09 -7.97114717e+00  3.03668784e+00 
 4.82134619e+09 -7.97169150e+00  2.96797447e+00 
 4.93252513e+09 -7.97221164e+00  2.90079270e+00 
 5.04626783e+09 -7.97270865e+00  2.83510833e+00 
 5.16263340e+09 -7.97318356e+00  2.77088791e+00 
 5.28168234e+09 -7.97363735e+00  2.70809869e+00 
 5.40347650e+09 -7.97407096e+00  2.64670863e+00 
 5.52807921e+09 -7.97448528e+00  2.58668637e+00 
 5.65555523e+09 -7.97488118e+00  2.52800125e+00 
 5.78597080e+09 -7.97525946e+00  2.47062323e+00 
 5.91939372e+09 -7.97562092e+00  2.41452295e+00 
 6.05589334e+09 -7.97596629e+00  2.35967167e+00 
 6.19554061e+09 -7.97629630e+00  2.30604129e+00 
 6.33840810e+09 -7.97661162e+00  2.25360428e+00 
 6.48457008e+09 -7.97691290e+00  2.20233374e+00 
 6.63410251e+09 -7.97720078e+00  2.15220334e+00 
 6.78708313e+09 -7.97747585e+00  2.10318733e+00 
 6.94359143e+09 -7.97773867e+00  2.05526052e+00 
 7.10370877e+09 -7.97798980e+00  2.00839825e+00 
 7.26751838e+09 -7.97822974e+00  1.96257640e+00 
 7.43510539e+09 -7.97845901e+00  1.91777140e+00 
 7.60655691e+09 -7.97867806e+00  1.87396017e+00 
 7.78196206e+09 -7.97888737e+00  1.83112014e+00 
 7.96141200e+09 -7.97908735e+00  1.78922922e+00 
 8.14500001e+09 -7.97927844e+00  1.74826582e+00 
 8.33282151e+09 -7.97946101e+00  1.70820880e+00 
 8.52497412e+09 -7.97963546e+00  1.66903751e+00 
 8.72155772e+09 -7.97980214e+00  1.63073171e+00 
 8.92267449e+09 -7.97996139e+00  1.59327165e+00 
 9.12842895e+09 -7.98011356e+00  1.55663795e+00 
 9.33892805e+09 -7.98025895e+00  1.52081171e+00 
 9.55428121e+09 -7.98039786e+00  1.48577441e+00 
 9.77460036e+09 -7.98053059e+00  1.45150794e+00 
 1.00000000e+10 -7.98065741e+00  1.41799458e+00 
