 v-sweep         ID              Gm             
-5.00000000e-01  4.62684596e-10 -2.76644191e-09 
-4.90000000e-01  4.35020177e-10 -2.61191062e-09 
-4.80000000e-01  4.09680177e-10 -2.46496531e-09 
-4.70000000e-01  3.85771445e-10 -2.32530462e-09 
-4.60000000e-01  3.63222650e-10 -2.19263529e-09 
-4.50000000e-01  3.41965349e-10 -2.06667199e-09 
-4.40000000e-01  3.21933917e-10 -1.94713710e-09 
-4.30000000e-01  3.03065464e-10 -1.83376043e-09 
-4.20000000e-01  2.85299764e-10 -1.72627891e-09 
-4.10000000e-01  2.68579188e-10 -1.62443612e-09 
-4.00000000e-01  2.52848634e-10 -1.52798180e-09 
-3.90000000e-01  2.38055476e-10 -1.43667114e-09 
-3.80000000e-01  2.24149503e-10 -1.35026385e-09 
-3.70000000e-01  2.11082888e-10 -1.26852295e-09 
-3.60000000e-01  1.98810153e-10 -1.19121314e-09 
-3.50000000e-01  1.87288166e-10 -1.11809862e-09 
-3.40000000e-01  1.76476149e-10 -1.04894011e-09 
-3.30000000e-01  1.66335736e-10 -9.83490861e-10 
-3.20000000e-01  1.56831059e-10 -9.21491154e-10 
-3.10000000e-01  1.47928908e-10 -8.62660830e-10 
-3.00000000e-01  1.39598968e-10 -8.06689071e-10 
-2.90000000e-01  1.31814179e-10 -7.53220390e-10 
-2.80000000e-01  1.24551241e-10 -7.01835418e-10 
-2.70000000e-01  1.17791352e-10 -6.52024528e-10 
-2.60000000e-01  1.11521230e-10 -6.03151588e-10 
-2.50000000e-01  1.05734554e-10 -5.54404132e-10 
-2.40000000e-01  1.00433957e-10 -5.04724802e-10 
-2.30000000e-01  9.56338079e-11 -4.52716987e-10 
-2.20000000e-01  9.13640428e-11 -3.96514886e-10 
-2.10000000e-01  8.76754771e-11 -3.33604525e-10 
-2.00000000e-01  8.46471324e-11 -2.60577102e-10 
-1.90000000e-01  8.23963525e-11 -1.72789001e-10 
-1.80000000e-01  8.10927608e-11 -6.38929914e-11 
-1.70000000e-01  8.09775153e-11  7.48083451e-11 
-1.60000000e-01  8.23898697e-11  2.55254602e-10 
-1.50000000e-01  8.69400593e-11  4.93858361e-10 
-1.40000000e-01  9.33966426e-11  8.13203840e-10 
-1.30000000e-01  1.03575654e-10  1.24439156e-09 
-1.20000000e-01  1.18798346e-10  1.83027501e-09 
-1.10000000e-01  1.40891264e-10  2.62992876e-09 
-1.00000000e-01  1.72377642e-10  3.72481630e-09 
-9.00000000e-02  2.16741572e-10  5.22730240e-09 
-8.00000000e-02  2.78792596e-10  7.29239744e-09 
-7.00000000e-02  3.65168809e-10  1.01339513e-08 
-6.00000000e-02  4.85030869e-10  1.40469629e-08 
-5.00000000e-02  6.51018828e-10  1.94382749e-08 
-4.00000000e-02  8.80570240e-10  2.68687237e-08 
-3.00000000e-02  1.19773369e-09  3.71108619e-08 
-2.00000000e-02  1.63565948e-09  5.12276963e-08 
-1.00000000e-02  2.24001136e-09  7.06794995e-08 
 3.08780779e-16  3.07362308e-09  9.74675639e-08 
 1.00000000e-02  4.22282067e-09  1.34325518e-07 
 2.00000000e-02  5.80594432e-09  1.84969873e-07 
 3.00000000e-02  7.98471799e-09  2.54420551e-07 
 4.00000000e-02  1.09792013e-08  3.49396957e-07 
 5.00000000e-02  1.50870561e-08  4.78781891e-07 
 6.00000000e-02  2.07076649e-08  6.54119029e-07 
 7.00000000e-02  2.83710838e-08  8.90064303e-07 
 8.00000000e-02  3.87707054e-08  1.20464602e-06 
 9.00000000e-02  5.27966842e-08  1.61911547e-06 
 1.00000000e-01  7.15647352e-08  2.15712858e-06 
 1.10000000e-01  9.64325151e-08  2.84306172e-06 
 1.20000000e-01  1.28994862e-07  3.69950553e-06 
 1.30000000e-01  1.71051565e-07  4.74438984e-06 
 1.40000000e-01  2.24547940e-07  5.98858057e-06 
 1.50000000e-01  2.91497550e-07  7.43483054e-06 
 1.60000000e-01  3.73903143e-07  9.07847805e-06 
 1.70000000e-01  4.73692045e-07  1.09095139e-05 
 1.80000000e-01  5.92675360e-07  1.29151124e-05 
 1.90000000e-01  7.32531059e-07  1.50817652e-05 
 2.00000000e-01  8.94804474e-07  1.73966027e-05 
 2.10000000e-01  1.08091799e-06  1.98479442e-05 
 2.20000000e-01  1.29218344e-06  2.24253456e-05 
 2.30000000e-01  1.52981371e-06  2.51194175e-05 
 2.40000000e-01  1.79493207e-06  2.79215955e-05 
 2.50000000e-01  2.08857947e-06  3.08239461e-05 
 2.60000000e-01  2.41172006e-06  3.38190291e-05 
 2.70000000e-01  2.76524568e-06  3.68998113e-05 
 2.80000000e-01  3.14997966e-06  4.00596153e-05 
 2.90000000e-01  3.56668019e-06  4.32920898e-05 
 3.00000000e-01  4.01604351e-06  4.65911927e-05 
 3.10000000e-01  4.49870695e-06  4.99511787e-05 
 3.20000000e-01  5.01525181e-06  5.33665895e-05 
 3.30000000e-01  5.56620620e-06  5.68322451e-05 
 3.40000000e-01  6.15204779e-06  6.03432334e-05 
 3.50000000e-01  6.77320643e-06  6.38949005e-05 
 3.60000000e-01  7.43006668e-06  6.74828395e-05 
 3.70000000e-01  8.12297020e-06  7.11028798e-05 
 3.80000000e-01  8.85221810e-06  7.47510756e-05 
 3.90000000e-01  9.61807310e-06  7.84236945e-05 
 4.00000000e-01  1.04207616e-05  8.21172065e-05 
 4.10000000e-01  1.12604757e-05  8.58282731e-05 
 4.20000000e-01  1.21373750e-05  8.95537368e-05 
 4.30000000e-01  1.30515885e-05  9.32906108e-05 
 4.40000000e-01  1.40032159e-05  9.70360695e-05 
 4.50000000e-01  1.49923296e-05  1.00787439e-04 
 4.60000000e-01  1.60189759e-05  1.04542190e-04 
 4.70000000e-01  1.70831766e-05  1.08297928e-04 
 4.80000000e-01  1.81849302e-05  1.12052384e-04 
 4.90000000e-01  1.93054540e-05  1.15803413e-04 
 5.00000000e-01  2.04822470e-05  1.19548982e-04 
 5.10000000e-01  2.16964701e-05  1.23287164e-04 
 5.20000000e-01  2.29480395e-05  1.27016138e-04 
 5.30000000e-01  2.42368542e-05  1.30734174e-04 
 5.40000000e-01  2.55627959e-05  1.34439637e-04 
 5.50000000e-01  2.69257307e-05  1.38130977e-04 
 5.60000000e-01  2.83255096e-05  1.41806727e-04 
 5.70000000e-01  2.97619692e-05  1.45465496e-04 
 5.80000000e-01  3.12349327e-05  1.49105970e-04 
 5.90000000e-01  3.27442106e-05  1.52726902e-04 
 6.00000000e-01  3.42896010e-05  1.56327115e-04 
 6.10000000e-01  3.58708910e-05  1.59905494e-04 
 6.20000000e-01  3.74878565e-05  1.63460987e-04 
 6.30000000e-01  3.91402633e-05  1.66992597e-04 
 6.40000000e-01  4.08278676e-05  1.70499387e-04 
 6.50000000e-01  4.25504165e-05  1.73980470e-04 
 6.60000000e-01  4.43076484e-05  1.77435011e-04 
 6.70000000e-01  4.60992936e-05  1.80862223e-04 
 6.80000000e-01  4.79250750e-05  1.84261366e-04 
 6.90000000e-01  4.97847081e-05  1.87631745e-04 
 7.00000000e-01  5.16779017e-05  1.90972708e-04 
 7.10000000e-01  5.36043583e-05  1.94283643e-04 
 7.20000000e-01  5.55637747e-05  1.97563979e-04 
 7.30000000e-01  5.75558419e-05  2.00813181e-04 
 7.40000000e-01  5.95802459e-05  2.04030753e-04 
 7.50000000e-01  6.16366678e-05  2.07216232e-04 
 7.60000000e-01  6.37247845e-05  2.10369188e-04 
 7.70000000e-01  6.58442684e-05  2.13489225e-04 
 7.80000000e-01  6.79947884e-05  2.16575977e-04 
 7.90000000e-01  7.01760098e-05  2.19629108e-04 
 8.00000000e-01  7.23875947e-05  2.22648312e-04 
 8.10000000e-01  7.46292022e-05  2.25633307e-04 
 8.20000000e-01  7.69004889e-05  2.28583842e-04 
 8.30000000e-01  7.92157170e-05  2.31499689e-04 
 8.40000000e-01  8.15451479e-05  2.34380643e-04 
 8.50000000e-01  8.39032130e-05  2.37226527e-04 
 8.60000000e-01  8.62895610e-05  2.40037182e-04 
 8.70000000e-01  8.87038388e-05  2.42812474e-04 
 8.80000000e-01  9.11456922e-05  2.45552288e-04 
 8.90000000e-01  9.36147659e-05  2.48256530e-04 
 9.00000000e-01  9.61107039e-05  2.50925125e-04 
 9.10000000e-01  9.86331494e-05  2.53558017e-04 
 9.20000000e-01  1.01181745e-04  2.56155166e-04 
 9.30000000e-01  1.03756134e-04  2.58716552e-04 
 9.40000000e-01  1.06355957e-04  2.61242167e-04 
 9.50000000e-01  1.08980858e-04  2.63732024e-04 
 9.60000000e-01  1.11630478e-04  2.66186146e-04 
 9.70000000e-01  1.14304462e-04  2.68604573e-04 
 9.80000000e-01  1.17002451e-04  2.70987357e-04 
 9.90000000e-01  1.19724090e-04  2.73334566e-04 
 1.00000000e+00  1.22469024e-04  2.75646276e-04 
 1.01000000e+00  1.25236898e-04  2.77922577e-04 
 1.02000000e+00  1.28027358e-04  2.80163572e-04 
 1.03000000e+00  1.30840052e-04  2.82369372e-04 
 1.04000000e+00  1.33674628e-04  2.84540098e-04 
 1.05000000e+00  1.36530737e-04  2.86675881e-04 
 1.06000000e+00  1.39408030e-04  2.88776862e-04 
 1.07000000e+00  1.42306159e-04  2.90843190e-04 
 1.08000000e+00  1.45224779e-04  2.92875020e-04 
 1.09000000e+00  1.48163545e-04  2.94872517e-04 
 1.10000000e+00  1.51122115e-04  2.96835850e-04 
 1.11000000e+00  1.54100148e-04  2.98765197e-04 
 1.12000000e+00  1.57097306e-04  3.00660738e-04 
 1.13000000e+00  1.60113251e-04  3.02522663e-04 
 1.14000000e+00  1.63147648e-04  3.04351163e-04 
 1.15000000e+00  1.66200164e-04  3.06146434e-04 
 1.16000000e+00  1.69270467e-04  3.07908677e-04 
 1.17000000e+00  1.72358228e-04  3.09638093e-04 
 1.18000000e+00  1.75463120e-04  3.11334889e-04 
 1.19000000e+00  1.78584817e-04  3.12999271e-04 
 1.20000000e+00  1.81714810e-04  3.14631449e-04 
 1.21000000e+00  1.84869312e-04  3.16231631e-04 
 1.22000000e+00  1.88039656e-04  3.17800028e-04 
 1.23000000e+00  1.91225525e-04  3.19336850e-04 
 1.24000000e+00  1.94426603e-04  3.20842303e-04 
 1.25000000e+00  1.97642580e-04  3.22316596e-04 
 1.26000000e+00  2.00873143e-04  3.23759932e-04 
 1.27000000e+00  2.04117985e-04  3.25172513e-04 
 1.28000000e+00  2.07376798e-04  3.26554538e-04 
 1.29000000e+00  2.10649279e-04  3.27906199e-04 
 1.30000000e+00  2.13935125e-04  3.29227686e-04 
 1.31000000e+00  2.17234034e-04  3.30519180e-04 
 1.32000000e+00  2.20545708e-04  3.31780858e-04 
 1.33000000e+00  2.23869850e-04  3.33012888e-04 
 1.34000000e+00  2.27206163e-04  3.34215429e-04 
 1.35000000e+00  2.30554355e-04  3.35388633e-04 
 1.36000000e+00  2.33914131e-04  3.36532639e-04 
 1.37000000e+00  2.37285202e-04  3.37647575e-04 
 1.38000000e+00  2.40667277e-04  3.38733559e-04 
 1.39000000e+00  2.44060066e-04  3.39790693e-04 
 1.40000000e+00  2.47463283e-04  3.40819065e-04 
 1.41000000e+00  2.50876639e-04  3.41818746e-04 
 1.42000000e+00  2.54299849e-04  3.42789793e-04 
 1.43000000e+00  2.57732626e-04  3.43732240e-04 
 1.44000000e+00  2.61174684e-04  3.44646105e-04 
 1.45000000e+00  2.64625738e-04  3.45531382e-04 
 1.46000000e+00  2.68085502e-04  3.46388044e-04 
 1.47000000e+00  2.71553690e-04  3.47216037e-04 
 1.48000000e+00  2.75030014e-04  3.48015284e-04 
 1.49000000e+00  2.78514187e-04  3.48785676e-04 
 1.50000000e+00  2.82005920e-04  3.49527079e-04 
