 frequency       inoise_spectrum onoise_spectrum
 1.00000000e+00  7.23698514e-06  4.79408023e-05 
 1.11588399e+00  6.85090845e-06  4.53832696e-05 
 1.24519708e+00  6.48542809e-06  4.29621756e-05 
 1.38949549e+00  6.13944529e-06  4.06702414e-05 
 1.55051578e+00  5.81191989e-06  3.85005769e-05 
 1.73019574e+00  5.50186725e-06  3.64466591e-05 
 1.93069773e+00  5.20835521e-06  3.45023132e-05 
 2.15443469e+00  4.93050139e-06  3.26616938e-05 
 2.40409918e+00  4.66747045e-06  3.09192674e-05 
 2.68269580e+00  4.41847163e-06  2.92697955e-05 
 2.99357729e+00  4.18275634e-06  2.77083193e-05 
 3.34048498e+00  3.95961594e-06  2.62301444e-05 
 3.72759372e+00  3.74837959e-06  2.48308269e-05 
 4.15956216e+00  3.54841223e-06  2.35061598e-05 
 4.64158883e+00  3.35911269e-06  2.22521609e-05 
 5.17947468e+00  3.17991187e-06  2.10650600e-05 
 5.77969288e+00  3.01027101e-06  1.99412884e-05 
 6.44946677e+00  2.84968013e-06  1.88774675e-05 
 7.19685673e+00  2.69765643e-06  1.78703992e-05 
 8.03085722e+00  2.55374286e-06  1.69170558e-05 
 8.96150502e+00  2.41750677e-06  1.60145713e-05 
 1.00000000e+01  2.28853859e-06  1.51602323e-05 
 1.11588399e+01  2.16645059e-06  1.43514706e-05 
 1.24519708e+01  2.05087573e-06  1.35858546e-05 
 1.38949549e+01  1.94146654e-06  1.28610826e-05 
 1.55051578e+01  1.83789411e-06  1.21749757e-05 
 1.73019574e+01  1.73984706e-06  1.15254713e-05 
 1.93069773e+01  1.64703063e-06  1.09106165e-05 
 2.15443469e+01  1.55916577e-06  1.03285631e-05 
 2.40409918e+01  1.47598832e-06  9.77756111e-06 
 2.68269580e+01  1.39724824e-06  9.25595402e-06 
 2.99357729e+01  1.32270879e-06  8.76217369e-06 
 3.34048498e+01  1.25214589e-06  8.29473565e-06 
 3.72759372e+01  1.18534739e-06  7.85223460e-06 
 4.15956216e+01  1.12211248e-06  7.43334022e-06 
 4.64158883e+01  1.06225105e-06  7.03679318e-06 
 5.17947468e+01  1.00558313e-06  6.66140129e-06 
 5.77969288e+01  9.51938363e-07  6.30603601e-06 
 6.44946677e+01  9.01155466e-07  5.96962896e-06 
 7.19685673e+01  8.53081771e-07  5.65116879e-06 
 8.03085722e+01  8.07572751e-07  5.34969809e-06 
 8.96150502e+01  7.64491588e-07  5.06431054e-06 
 1.00000000e+02  7.23708765e-07  4.79414814e-06 
 1.11588399e+02  6.85101674e-07  4.53839870e-06 
 1.24519708e+02  6.48554248e-07  4.29629333e-06 
 1.38949549e+02  6.13956612e-07  4.06710419e-06 
 1.55051578e+02  5.81204754e-07  3.85014225e-06 
 1.73019574e+02  5.50200208e-07  3.64475523e-06 
 1.93069773e+02  5.20849765e-07  3.45032567e-06 
 2.15443469e+02  4.93065186e-07  3.26626905e-06 
 2.40409918e+02  4.66762940e-07  3.09203203e-06 
 2.68269580e+02  4.41863953e-07  2.92709077e-06 
 2.99357729e+02  4.18293370e-07  2.77094942e-06 
 3.34048498e+02  3.95980330e-07  2.62313855e-06 
 3.72759372e+02  3.74857750e-07  2.48321379e-06 
 4.15956216e+02  3.54862130e-07  2.35075448e-06 
 4.64158883e+02  3.35933354e-07  2.22536238e-06 
 5.17947468e+02  3.18014516e-07  2.10666054e-06 
 5.77969288e+02  3.01051745e-07  1.99429209e-06 
 6.44946677e+02  2.84994046e-07  1.88791920e-06 
 7.19685673e+02  2.69793142e-07  1.78722209e-06 
 8.03085722e+02  2.55403335e-07  1.69189801e-06 
 8.96150502e+02  2.41781363e-07  1.60166040e-06 
 1.00000000e+03  2.28886274e-07  1.51623796e-06 
 1.11588399e+03  2.16679300e-07  1.43537389e-06 
 1.24519708e+03  2.05123743e-07  1.35882507e-06 
 1.38949549e+03  1.94184862e-07  1.28636137e-06 
 1.55051578e+03  1.83829772e-07  1.21776494e-06 
 1.73019574e+03  1.74027341e-07  1.15282956e-06 
 1.93069773e+03  1.64748100e-07  1.09136000e-06 
 2.15443469e+03  1.55964151e-07  1.03317146e-06 
 2.40409918e+03  1.47649087e-07  9.78089016e-07 
 2.68269580e+03  1.39777909e-07  9.25947060e-07 
 2.99357729e+03  1.32326955e-07  8.76588836e-07 
 3.34048498e+03  1.25273823e-07  8.29865956e-07 
 3.72759372e+03  1.18597310e-07  7.85637952e-07 
 4.15956216e+03  1.12277343e-07  7.43771859e-07 
 4.64158883e+03  1.06294922e-07  7.04141813e-07 
 5.17947468e+03  1.00632062e-07  6.66628669e-07 
 5.77969288e+03  9.52717372e-08  6.31119649e-07 
 6.44946677e+03  9.01978336e-08  5.97507999e-07 
 7.19685673e+03  8.53950966e-08  5.65692670e-07 
 8.03085722e+03  8.08490873e-08  5.35578012e-07 
 8.96150502e+03  7.65461385e-08  5.07073488e-07 
 1.00000000e+04  7.24733138e-08  4.80093401e-07 
 1.11588399e+04  6.86183684e-08  4.54556638e-07 
 1.24519708e+04  6.49697127e-08  4.30386424e-07 
 1.38949549e+04  6.15163772e-08  4.07510092e-07 
 1.55051578e+04  5.82479794e-08  3.85858864e-07 
 1.73019574e+04  5.51546928e-08  3.65367646e-07 
 1.93069773e+04  5.22272172e-08  3.45974829e-07 
 2.15443469e+04  4.94567510e-08  3.27622107e-07 
 2.40409918e+04  4.68349641e-08  3.10254300e-07 
 2.68269580e+04  4.43539736e-08  2.93819186e-07 
 2.99357729e+04  4.20063195e-08  2.78267348e-07 
 3.34048498e+04  3.97849426e-08  2.63552022e-07 
 3.72759372e+04  3.76831630e-08  2.49628959e-07 
 4.15956216e+04  3.56946600e-08  2.36456288e-07 
 4.64158883e+04  3.38134533e-08  2.23994391e-07 
 5.17947468e+04  3.20338846e-08  2.12205787e-07 
 5.77969288e+04  3.03506009e-08  2.01055015e-07 
 6.44946677e+04  2.87585379e-08  1.90508527e-07 
 7.19685673e+04  2.72529051e-08  1.80534589e-07 
 8.03085722e+04  2.58291710e-08  1.71103182e-07 
 8.96150502e+04  2.44830496e-08  1.62185913e-07 
 1.00000000e+05  2.32104870e-08  1.53755928e-07 
 1.11588399e+05  2.20076494e-08  1.45787831e-07 
 1.24519708e+05  2.08709114e-08  1.38257605e-07 
 1.38949549e+05  1.97968445e-08  1.31142539e-07 
 1.55051578e+05  1.87822069e-08  1.24421157e-07 
 1.73019574e+05  1.78239333e-08  1.18073154e-07 
 1.93069773e+05  1.69191255e-08  1.12079330e-07 
 2.15443469e+05  1.60650430e-08  1.06421532e-07 
 2.40409918e+05  1.52590947e-08  1.01082595e-07 
 2.68269580e+05  1.44988303e-08  9.60462876e-08 
 2.99357729e+05  1.37819328e-08  9.12972598e-08 
 3.34048498e+05  1.31062104e-08  8.68209929e-08 
 3.72759372e+05  1.24695895e-08  8.26037509e-08 
 4.15956216e+05  1.18701078e-08  7.86325348e-08 
 4.64158883e+05  1.13059076e-08  7.48950375e-08 
 5.17947468e+05  1.07752290e-08  7.13796015e-08 
 5.77969288e+05  1.02764041e-08  6.80751774e-08 
 6.44946677e+05  9.80785065e-09  6.49712839e-08 
 7.19685673e+05  9.36806638e-09  6.20579695e-08 
 8.03085722e+05  8.95562347e-09  5.93257755e-08 
 8.96150502e+05  8.56916307e-09  5.67657004e-08 
 1.00000000e+06  8.20739024e-09  5.43691660e-08 
 1.11588399e+06  7.86906902e-09  5.21279847e-08 
 1.24519708e+06  7.55301782e-09  5.00343291e-08 
 1.38949549e+06  7.25810506e-09  4.80807032e-08 
 1.55051578e+06  6.98324519e-09  4.62599158e-08 
 1.73019574e+06  6.72739502e-09  4.45650563e-08 
 1.93069773e+06  6.48955041e-09  4.29894728e-08 
 2.15443469e+06  6.26874345e-09  4.15267534e-08 
 2.40409918e+06  6.06403998e-09  4.01707097e-08 
 2.68269580e+06  5.87453759e-09  3.89153638e-08 
 2.99357729e+06  5.69936408e-09  3.77549376e-08 
 3.34048498e+06  5.53767628e-09  3.66838456e-08 
 3.72759372e+06  5.38865936e-09  3.56966896e-08 
 4.15956216e+06  5.25152638e-09  3.47882566e-08 
 4.64158883e+06  5.12551831e-09  3.39535179e-08 
 5.17947468e+06  5.00990411e-09  3.31876307e-08 
 5.77969288e+06  4.90398114e-09  3.24859398e-08 
 6.44946677e+06  4.80707563e-09  3.18439812e-08 
 7.19685673e+06  4.71854312e-09  3.12574853e-08 
 8.03085722e+06  4.63776899e-09  3.07223795e-08 
 8.96150502e+06  4.56416883e-09  3.02347914e-08 
 1.00000000e+07  4.49718873e-09  2.97910504e-08 
 1.11588399e+07  4.43630534e-09  2.93876878e-08 
 1.24519708e+07  4.38102583e-09  2.90214369e-08 
 1.38949549e+07  4.33088760e-09  2.86892307e-08 
 1.55051578e+07  4.28545781e-09  2.83881985e-08 
 1.73019574e+07  4.24433271e-09  2.81156619e-08 
 1.93069773e+07  4.20713684e-09  2.78691286e-08 
 2.15443469e+07  4.17352202e-09  2.76462860e-08 
 2.40409918e+07  4.14316628e-09  2.74449936e-08 
 2.68269580e+07  4.11577264e-09  2.72632744e-08 
 2.99357729e+07  4.09106782e-09  2.70993064e-08 
 3.34048498e+07  4.06880097e-09  2.69514130e-08 
 3.72759372e+07  4.04874224e-09  2.68180531e-08 
 4.15956216e+07  4.03068151e-09  2.66978121e-08 
 4.64158883e+07  4.01442698e-09  2.65893909e-08 
 5.17947468e+07  3.99980392e-09  2.64915967e-08 
 5.77969288e+07  3.98665333e-09  2.64033321e-08 
 6.44946677e+07  3.97483077e-09  2.63235857e-08 
 7.19685673e+07  3.96420516e-09  2.62514209e-08 
 8.03085722e+07  3.95465770e-09  2.61859661e-08 
 8.96150502e+07  3.94608078e-09  2.61264032e-08 
 1.00000000e+08  3.93837705e-09  2.60719561e-08 
 1.11588399e+08  3.93145846e-09  2.60218790e-08 
 1.24519708e+08  3.92524543e-09  2.59754422e-08 
 1.38949549e+08  3.91966606e-09  2.59319184e-08 
 1.55051578e+08  3.91465536e-09  2.58905650e-08 
 1.73019574e+08  3.91015460e-09  2.58506061e-08 
 1.93069773e+08  3.90611066e-09  2.58112101e-08 
 2.15443469e+08  3.90247542e-09  2.57714646e-08 
 2.40409918e+08  3.89920524e-09  2.57303461e-08 
 2.68269580e+08  3.89626039e-09  2.56866852e-08 
 2.99357729e+08  3.89360461e-09  2.56391252e-08 
 3.34048498e+08  3.89120458e-09  2.55860736e-08 
 3.72759372e+08  3.88902948e-09  2.55256467e-08 
 4.15956216e+08  3.88705052e-09  2.54556053e-08 
 4.64158883e+08  3.88524048e-09  2.53732834e-08 
 5.17947468e+08  3.88357320e-09  2.52755114e-08 
 5.77969288e+08  3.88202306e-09  2.51585359e-08 
 6.44946677e+08  3.88056439e-09  2.50179444e-08 
 7.19685673e+08  3.87917089e-09  2.48486032e-08 
 8.03085722e+08  3.87781480e-09  2.46446243e-08 
 8.96150502e+08  3.87646613e-09  2.43993821e-08 
 1.00000000e+09  3.87509161e-09  2.41056054e-08 
 1.11588399e+09  3.87365349e-09  2.37555765e-08 
 1.24519708e+09  3.87210810e-09  2.33414668e-08 
 1.38949549e+09  3.87040413e-09  2.28558305e-08 
 1.55051578e+09  3.86848046e-09  2.22922575e-08 
 1.73019574e+09  3.86626364e-09  2.16461505e-08 
 1.93069773e+09  3.86366474e-09  2.09155478e-08 
 2.15443469e+09  3.86057559e-09  2.01018645e-08 
 2.40409918e+09  3.85686419e-09  1.92103976e-08 
 2.68269580e+09  3.85236930e-09  1.82504480e-08 
 2.99357729e+09  3.84689385e-09  1.72349693e-08 
 3.34048498e+09  3.84019742e-09  1.61797506e-08 
 3.72759372e+09  3.83198727e-09  1.51022466e-08 
 4.15956216e+09  3.82190842e-09  1.40202536e-08 
 4.64158883e+09  3.80953262e-09  1.29506476e-08 
 5.17947468e+09  3.79434672e-09  1.19083702e-08 
 5.77969288e+09  3.77574140e-09  1.09057632e-08 
 6.44946677e+09  3.75300129e-09  9.95227288e-09 
 7.19685673e+09  3.72529863e-09  9.05447016e-09 
 8.03085722e+09  3.69169335e-09  8.21630114e-09 
 8.96150502e+09  3.65114308e-09  7.43947249e-09 
 1.00000000e+10  3.60252764e-09  6.72389004e-09 
